359544991
280054576
518600592
398217903
285020280
429129028
276576741
271057553
277068788
305273945
435486550
302482926
346091813
516440114
363399499
450335249
368990121
500311809
371300737
381961219
520443830
524745453
471991156
280857771
343862114
358749139
478293546
435500191
285982565
418741493
393618230
364067385
306483407
374266444
484074994
306060327
362379865
455907146
386053174
464322516
484299354
303195406
479989857
474252141
478646669
419209243
279027429
454562576
398358250
446908125
471525907
492862256
445411494
378436475
354603780
334128416
415046759
317184757
319583422
535393791
295311558
425258534
354969784
382284580
311242131
506394588
402614216
501014060
458636525
352934111
397881287
291629434
454782563
309942172
469735111
330930943
440592128
454348842
412663328
271175151
443259009
364236257
301708708
400674428
483085013
316907720
320276870
393705982
291748093
340638808
315307855
471031643
404507314
446471497
269976042
474670109
385625008
349729801
319514689
394562573
377728039
391038265
441400742
306642800
493299467
372052005
505123274
465739766
493349134
280692682
272562402
452886291
455344323
355278884
521790370
428080139
536227321
445562407
496140846
284554918
370027601
509505175
317256133
387497346
435748891
501197247
407946131
380935161
328038838
469218757
330094630
384381394
306267831
374472318
527118799
495513904
411480319
516005760
432106654
439429097
406748952
447400802
295012376
391457837
431319420
411286480
347721113
533265651
324429319
477999687
413430505
280852980
459450422
501215927
349183431
515905722
388299206
307400783
457038633
304899745
426308295
481448891
462010233
533432390
430318517
345411170
406479768
413907469
531017849
408430799
389941531
436736326
411146201
270509332
492632377
310198819
512219916
508306113
315179997
331856105
428523766
339946574
390440259
487544754
319038238
449448978
478357538
483454576
495726256
509730207
319178804
364709334
420838724
525492213
463360179
496438486
416634583
398897910
299711990
461175864
488638074
462488230
328884176
440014459
462711162
513855183
325868699
444705889
271282864
444664175
320244616
379059869
431783567
451804623
340432962
431190325
385374399
441376484
355776284
289354391
303403711
348861259
464196544
528993379
536751726
363171654
477935539
412981229
451172099
278621234
485481416
432172361
310489629
412395337
395565515
342840273
322683041
508782967
498810081
468149658
281362398
278356294
311906572
347000485
491976978
434129744
280764382
428216205
329856941
277385786
458273265
440363708
417268674
511735088
458264834
464076669
282055986
518549907
490793831
503501231
469143127
294216245
285476152
516378085
517643295
500924645
281660129
442240656
345727222
533980031
389579027
526153377
461648010
321007721
475057810
299110629
375690653
323387093
495734786
291510795
522182634
441425286
481137059
345483347
322875746
322268860
345697319
525342969
319803222
307459095
447799580
466145792
328116681
385393604
379589118
398111444
341666751
429609660
475548963
383470542
450312759
298315916
347623532
388663972
515776329
327982491
315933071
412109807
524573394
344858482
392228528
350707851
477769855
492112695
423509252
528446257
425968741
424436428
453568212
372296290
296193720
283455464
453960336
424810477
409552824
377067623
493098434
510202853
321625999
484021003
283215727
280710451
451158266
412862301
370648527
360696555
430859542
324688725
473922090
322653914
520844598
449576388
307713911
391224004
495695207
377697652
497621220
509327252
273040973
316964442
474221696
290750453
526901294
286396817
515028754
525771287
407669174
356375230
333550778
363228244
375802515
522986359
509909730
460537030
511520993
411197291
399638321
356345404
323128057
474826562
507862875
523794816
329369503
288344979
320113532
384551830
483547047
323900884
318060632
342723629
359279122
427358796
305654221
458882941
319527963
385784020
498683976
315528873
385274314
298932254
366156405
407330031
455117837
334908744
498024993
405736723
302909800
350921913
466134444
515844914
466462209
467631573
522334679
490723307
516703500
440132507
446516964
422734692
391531127
343880545
386111512
523063475
412173513
491460157
497008868
382289917
488219946
503352988
374831606
322325172
455198858
426239521
322576301
391339667
494533750
295239218
463700445
280670004
497138742
472279776
433608536
432081695
523372089
352997914
269222674
440996230
293895475
309072733
420352141
466081912
364778708
309927398
495373862
528591427
431336465
455703900
490413785
376187685
359072153
487431857
509904262
496101849
424947087
525095390
495579742
284569836
442185440
391705966
272612769
402915478
413388674
470032293
515045286
282447184
406002551
291348973
463610916
506095582
348221266
300617910
365382182
309536543
290360562
406012286
393070595
306693906
409521759
449378338
328191489
482787790
337043027
525095516
291638013
314671501
500954967
359742962
439769860
485273169
418725858
512574704
379955818
272244392
386690516
493288239
459019409
489048771
322092958
347911406
311620017
514707361
505299640
466639685
424214948
458027098
384599972
335670452
375408332
371400254
475333196
338268952
313383445
376160322
294503359
365641285
368587332
320390490
431250184
392903615
363325394
396854674
271765574
481477742
484291418
347687134
480519532
529228021
466862784
535656473
530729139
450277851
506396401
442238306
455062643
364838651
464697035
474666245
326458742
454714443
306384652
325163481
303766996
348122975
505733481
445218738
474806390
371800313
412399698
435925870
499444252
288594495
327202971
435980749
376619333
327890093
351412823
515167510
425808587
472809292
338832568
460830516
373890374
518023371
321193425
399597531
517639489
273273839
471209671
495977576
286804083
363232264
303347957
412468818
275597863
484363523
446745239
374739421
525397690
296645966
485712325
525122937
534016005
474108333
449987657
530340424
271713655
412217436
468191191
404844221
532245824
287181516
422631630
395052065
347742968
287806386
402117943
324152307
325213568
316280681
508878539
396437351
305524672
291760695
282872423
395841499
317057313
439631612
289648449
493935628
534119261
529666277
478623760
382728991
326858224
491416816
269228746
425130736
394976716
460015705
371875279
486741868
509966508
483391299
333109599
518971121
375454170
381383575
292826778
329390818
342618697
419556251
452515737
498800486
269730347
444761869
375766863
439494363
456454926
462057873
466842171
463159556
300929280
481436115
510922580
370414032
400066487
299560275
397018719
410614033
410373166
373962722
425848210
402062911
331322020
460349058
343430286
504625665
302790782
483233700
531802413
358301505
415363388
323161487
435033712
307505232
383537754
307929178
504071566
285547851
303284542
515501882
441167007
534878394
377345978
454958926
404381362
481616571
397955689
482370227
535705708
511953532
432101832
349987833
384643394
385207328
446816026
275910923
446573452
391429396
384557484
478973528
441118054
500608457
511126876
425109036
293753056
384019276
406836111
348880492
402521229
437190258
387643773
349520265
495119066
483372652
495056209
414711031
330869557
379131956
311981603
361635926
423199774
325334397
514382732
295461845
495851851
298567611
299431579
508356949
407614542
493996270
471632070
343632357
429060686
535565512
445563491
521631085
341628083
518279859
306170765
421569862
432705589
452820007
503271485
473384713
445877649
479415093
314310037
464824937
490581703
273514890
323785820
388908251
495991450
399252839
507390697
431205531
381236453
427524543
438701269
364485769
531058186
479528271
324914054
514901966
482759448
464985961
348995522
486030361
401743581
321380938
316133740
317825629
334639005
408314280
395105712
361611827
274749920
279908413
293690233
279769701
367541368
313063449
528026623
400190451
323562331
323389164
528239165
347338297
440558307
369724353
281996631
362591047
436933582
351358986
288693005
534338841
427846817
453560644
463369003
278994461
523631750
525116140
442491714
508244064
474695248
317748680
461757908
284956164
389885902
513513250
388650503
349220679
475755704
317025632
308662948
407074059
525719724
269536681
472167928
354481038
426210660
404400249
430162325
390433339
281805652
433408886
377613825
454768626
369066982
485361677
268858241
515311149
450667683
290912841
480648693
279789958
444645857
455296292
528572727
319356594
473315144
300059905
280657301
273974367
396762942
294948327
304769660
389627954
477904677
502769076
387049286
359061989
476000944
338271485
330087469
494886553
505776804
295654712
404659101
528785137
282206534
286186813
459695797
357715300
443744576
299150604
440660703
526681702
392799313
308686680
408202557
289434253
290750353
469327893
392717098
437293749
270548970
520412223
278880540
276202809
488445170
531296119
458507189
371153926
474269677
517036604
439359021
415578858
270509747
345447125
360903291
419343592
526494856
455145424
458295031
503855541
365284863
393221165
390528787
350220111
464812670
441353235
335788406
312983417
292040499
527393860
463599178
338384796
471887318
427290542
384984778
332145587
491953325
502091219
461306776
435611108
384175098
503491609
427600677
513917555
497998509
460309539
337192490
323003914
464880035
465791785
334523879
416911205
498548377
289776033
348256450
392778935
407626772
306888271
511455091
388510277
534463513
393574030
447213390
466894644
439889581
534074242
378168863
288112419
413813306
400161358
415333073
378957731
517139283
527018853
272246066
485044961
319221599
335648582
338672331
359413665
350824092
515170184
311101935
509103895
410990112
498542659
338334035
409381062
341541900
446442924
319153123
349911078
386758645
422470723
270034378
492054763
492555683
385168490
532877623
459225433
468107300
509815844
381087384
384161799
340397482
287110908
331118753
369843035
425478266
287995329
407759709
421344855
437728178
502217989
454559505
500850449
356598962
485430133
511082650
413932862
280497638
299804861
317236521
535585134
325693900
364770045
529008486
424899759
452953510
521131329
387603109
479204722
327041697
322880752
308829585
484133463
411695781
443809868
272140751
519043783
356940661
456526938
456842119
512848742
426609747
337561976
438153299
340390106
356736823
434074873
327729589
316169220
529528333
403806628
319306280
293293542
322597111
318177448
473068885
515365367
496228101
359958555
420156500
468107483
499080398
476423994
398139969
283927146
389792520
369788612
466387585
492814092
331351611
523064486
344976419
492883797
486332764
373857217
410453692
382891354
433882025
486408244
347569730
535986802
478955254
534805024
349426866
324485038
359278752
521135265
273837298
293177389
482307515
415456971
462852338
461455886
294821185
357712826
397457788
419827177
527485490
270367613
473480567
401132929
359171291
486014690
503849597
303854957
313196308
536178594
365504787
515760512
445497461
482982641
406218334
432641963
384844360
514271828
379795922
491895493
509441755
326491911
498810522
476285374
430638499
460584931
510030988
341429453
414650830
380684399
518037599
437331024
414780486
402104080
511397142
476731743
424996283
440859689
402252229
451235771
404488657
476224492
297772372
307069901
498343751
315706695
391013893
287680001
403342607
273424339
496923765
508544375
330830982
342544316
305208924
450686083
457434077
406671578
414355777
519612823
464819244
424520446
328943772
445361216
531576774
275906592
419302764
313411528
272286194
330817697
449031740
282031929
289743032
291891502
306557866
329852189
453317694
440996175
432044509
463322131
488021664
332937102
391138459
350470256
511439822
320645342
380012904
475884540
420405845
344557938
301550495
505417926
413771798
406510991
328970151
432046787
432338525
508991124
516473547
497826766
280115095
533023781
297909285
334504532
290606606
461394133
533907138
324810791
441697148
283502619
456898599
527088890
414714055
369667425
467152136
269622485
362058685
333302676
518716945
365031917
278735424
471582379
486814047
454035881
359746639
503784485
325792004
330624144
317272083
479706543
380735100
361654058
290863559
432052392
342959605
396062448
508121791
445498067
305364570
374357019
450536620
476143456
398606967
508093460
433859901
347476192
499755753
465198003
408865752
491522603
403654425
516733247
347840456
505594557
454706640
295491758
447321965
286033261
499153854
486907965
297127890
375687030
339020317
331071814
332800312
344420714
498801146
365477260
386361496
292328483
478951424
481753068
489602088
489291623
395897411
297662165
457639664
503599743
292068061
401292006
366014631
349321281
334842868
457324179
298110340
490352096
358914526
477162618
350633316
368606676
431115387
359396890
412181789
371564074
494564855
344886324
433154237
515507052
318717110
513321653
442886669
474392995
314441767
477113984
370571028
512843741
500462076
397436214
351052228
458221238
399454889
368793796
387492812
339705672
458768177
302809538
399300711
458361686
491795199
377017192
348779524
392343477
472682883
327291672
378789868
499617359
492567634
324441319
302540843
286953128
312034794
362321341
416644734
384807064
531784849
474999597
313554943
400567297
454311774
433115837
353852783
306890902
282499657
536683789
338869795
458774155
509745399
296611844
347089935
466537827
430890833
341859713
416103698
465026001
377905169
382062731
400092595
283634169
502050534
425426062
490382661
485997355
305282328
322590813
384536993
464057567
302593998
280741185
338330337
470171937
501851082
387928963
305002311
358386573
303784648
315471504
357094444
500784185
312365730
359987920
525719669
500165287
390218696
375879419
425110524
328231667
435212653
439464235
288535610
448120329
445311241
324140845
308442862
274016270
278001667
434536587
399511485
348772262
343268609
475361066
280109000
282357829
501517931
341733741
421786352
345994286
475837118
474269040
356554680
410103919
497765750
314898240
515361071
309329757
428827683
445385375
515524692
351440583
470843710
358643655
354413139
482597403
309811493
320914450
340600824
402866836
498647862
441586918
351573970
279463172
300114937
347086397
534152053
365167058
512898826
445676518
366029010
499952064
517861485
491978201
368889642
285214020
374646120
365904792
273728165
483813115
302139149
413052058
530750078
532477776
330921119
319499384
480579770
325868321
529642495
404561323
379833438
530259276
298141518
532870561
434527447
471354785
311675939
370580299
524245899
289631285
531354627
385410073
384299638
516654228
310769339
283522820
522082767
279149238
494240610
483242667
280799337
508907750
404276627
407978372
420415707
417992892
479732353
309024747
453682857
288107421
435684507
384255626
500459323
383962735
412405861
305549386
323850977
305361124
443539126
518607980
406849052
295970812
373293445
437135597
288869191
365410526
397760674
286905773
444710321
504873069
287753963
283953302
534436707
384053959
479581005
276439582
345050227
342990647
533054858
415491584
338627347
469219608
454299123
515328212
521366715
421281052
418058236
433602607
308174643
339456450
505541039
348476265
328741863
381971703
305923632
429703913
275161425
484193867
381237990
269499771
350584844
395726453
270417481
375513045
448220417
322917294
520075359
386139696
336619384
432909463
360066287
442000528
475214473
364083547
470946237
311953519
392276596
525886776
477134961
387183436
356967561
387825705
457004324
385730799
467575567
295490333
276492219
345988998
492234433
351363553
305073781
350158531
532239795
349699102
480552750
522047213
515231947
453475968
287594796
334954926
375760652
406924120
392440101
299644365
301593025
459711338
281540153
331444586
333263289
453653580
289422145
488953755
522659227
533584688
286005463
484000937
300595098
272084738
509614010
518147208
401708000
487714427
279810309
292565902
398860108
413049668
291368212
310836398
421789768
399244147
384873584
330760922
279754413
291613382
391374887
462567506
428298946
518351656
396564973
395536593
371724531
345523698
475463507
413141270
404271668
406756981
287878548
458194735
463709561
527061525
488644816
527355810
381680646
416088458
344365872
285096845
473628103
273971199
467800822
402819680
404317746
399911575
404197956
329456850
312290431
483955308
510202607
269157252
404185924
293391110
490676933
328208734
414221977
309325021
361564486
529832914
514275615
279616678
316899760
392093104
445401062
521044228
332290844
353473159
506696190
271809729
523574021
496841302
395955670
302607013
303535405
413437175
509364612
278354717
493464965
444258351
399190218
415259594
432614243
433263742
392726498
350511750
336882904
279571299
419039917
400774631
502181308
355513186
497019230
315397418
518236338
326830862
383031539
515269249
303624189
282168189
365151169
429854345
316362928
466546085
369576373
447441198
446496387
405630221
304078770
456334921
351055230
499275786
411099326
395165556
439881987
395399654
452056231
345096289
285436149
309674027
297662771
473032325
273546946
290883282
328275792
284333699
358906760
495016974
427793967
405318974
304417393
496391009
482954291
331270431
524722416
280352415
379416592
270653953
445905382
465945419
339461572
370928104
456406537
325281146
399986981
506428673
372269311
410130337
442211142
349214159
348304644
369287612
459560276
403391441
397434965
395809326
326933167
521649147
533832851
346062250
411720311
270761573
278146092
397381584
325474531
306320508
463621094
362289150
379550256
439266954
353874422
329655633
349486817
436259716
425537877
354316519
419123503
475635235
397587645
339655648
525327416
415803541
389576375
367824434
491965010
336679224
505113416
443517929
476836257
502956845
347203774
306827888
395610750
316023047
270358474
400045505
364234883
493519499
502063108
430993760
481533118
429654499
474426340
503665338
300793935
472555231
319936608
408180484
300260701
331391706
509055566
441352065
433740716
520266490
287361558
488211694
504049367
484715750
410576841
439072945
295069953
426717069
447404032
313455873
355877282
462409615
534237838
425188598
515652545
523734246
401296958
536592671
510070050
408022688
309878652
300962896
484417731
506255877
482526346
375957374
367209145
444649763
396189288
498573930
535949421
427837190
313499281
356730620
488375734
359039590
365684662
307230807
365012260
315096008
314831711
280841598
314277871
359784251
337663195
368125421
472824820
510110249
410169140
394288429
519757757
324529899
503036335
313095076
434879299
347221794
461102085
442666511
386990144
382809562
394346903
523036554
319151133
293405323
403051348
473678491
530413774
384691360
402821605
534831604
405529225
536805943
457387667
341640770
386636494
409565489
506521464
452183292
457450232
432440370
504526027
471688169
369729239
333419027
308120108
283816460
526384830
507566080
427985669
527487650
441082560
297340215
279192929
448999392
319046844
469999870
373666747
501789259
270519990
443435137
299303144
535764452
346232356
486145437
320596941
321472706
269346174
505534163
496504486
362701121
297986620
525487390
483331619
462482590
356403486
375824427
488498963
494963801
449879955
379212390
414622232
354296750
349693171
364347947
335370768
326319666
476637018
399833153
283812209
380527315
307057696
513402383
392524026
473343011
365926146
316093242
344292705
375308009
417277881
482431435
446183358
464042020
422512802
454676847
485128930
304668918
363940870
375451694
274712130
495246072
318695516
489973813
516930263
302302059
490818163
325347730
432963259
305517829
477075960
290600207
497190961
493615482
360939684
485367452
341595076
485580995
354184973
443483412
393560094
412166778
386061559
515858085
446771471
483375297
479023442
446308946
356283040
279028364
458423846
344421901
494917394
499488661
455649496
420399439
320713968
328412676
451101829
380972090
532731263
305934021
480628715
319442051
275348122
488784251
533832276
435497766
279197858
307370935
306802840
314216974
492536615
464193958
348612825
531924116
447840319
463704167
482150796
419948656
326228225
536297773
530224092
405505856
360979944
409431387
294778967
300102204
477968332
422590333
299643943
333379002
311686207
494804801
506740441
504778661
337791380
313934482
310118862
468167930
454609361
435896081
293088938
437593132
461664223
319273054
382085539
462761933
499329549
309923125
412157515
514321910
492538180
416910975
467576638
498513228
335834462
421112868
422946028
512519242
367496976
340509452
514789784
489726977
401624112
460001038
273579070
508345733
327954547
530504905
353389554
298640788
388588346
519398902
420874762
294639150
380088143
450593911
326065822
277748613
530209411
407408261
375848575
311750083
535041894
418850355
288895696
524589826
299264514
504493876
421187926
395851402
349456992
286513378
426865449
290241552
314015068
488719331
477530748
276187637
410838066
418766284
455763831
468356765
510786322
291434623
271143921
318287525
299596191
473832593
415245624
359255259
394696642
360896576
301649187
440141807
297705554
354956085
460875295
475255149
481818913
405310378
278275043
394302919
303915313
490901559
351766263
425821776
425796797
423882229
516632639
404655646
495160982
426145036
353423548
294765272
456335906
440926555
443887356
504137204
521917890
387763352
365958462
423146374
466551781
456624169
324362481
318340877
303564487
521126055
517876038
394018293
272800320
292483557
381407852
469788830
469893454
493299751
471863450
285498692
486208336
337837957
503650255
330970406
400656155
414461706
331681179
529950358
421193068
475985401
374250698
328406921
421645744
368874002
305177565
386978535
381683988
478586352
403640337
378525716
299074609
522462554
520448936
400974023
531775705
362875823
533438406
511475964
357880220
324380927
523218515
490711645
428551688
467616214
347575077
311369923
505484449
297825698
275838018
484121250
524958321
299768765
307255096
469293474
380997273
397567264
287326593
409146198
465970424
352774897
305065385
512557059
500210161
531681289
417225856
361012053
317242020
321624474
516096873
282734162
398178588
392795629
319246890
521713521
530216944
363889776
320080967
402683857
472304489
457010787
497206337
475207091
387781958
523714512
528401197
334784191
492381081
397541225
488772117
356553583
453353795
313886842
279510831
335270863
438363807
368903689
278697131
480442396
527163116
488233563
420087701
428182821
523318968
352287773
474949586
333760482
514584728
291675323
309609230
480522652
504360416
362507587
487365189
510014799
290277792
489917853
333134454
401431660
510929371
288616138
410678807
396578775
384048187
402606100
476919761
361054628
449647426
483471194
340292665
465110744
454901152
365583752
333797166
533682282
301258687
310815769
334566761
286033623
393726078
435400467
493984822
328645938
438182007
422934815
437039053
382353762
469478404
480336352
317948708
427899046
523209037
322064572
269162625
379446935
468332773
405166558
386850490
365081665
515733047
463331844
488630994
489836379
429880434
348507290
302183527
515790602
405602700
533454467
508144391
420845047
461543370
292425033
429353575
334491633
296558741
489747611
431394278
290491039
533695805
317095467
273739518
298638783
336277328
466022050
507033787
409384262
285325557
275593362
466713409
368592828
340247801
502416520
533596631
475566265
377041544
417481315
356695394
387018352
530985117
503546190
298878172
348212696
431039102
352943993
294621089
317055420
302572082
390166806
516032178
444092874
298058129
466019470
304792243
430283282
378244192
464535157
300951179
471004675
457585563
388637362
313907476
499594539
364736937
346836604
333428477
277462570
273992466
441569120
303075672
402612711
497551688
446581517
463823296
407185610
331866199
465008791
441086411
464044652
349722737
307941496
296510527
472943074
514795925
390832391
278975594
484055087
314056200
409943556
464367415
521454529
451930463
432221445
381862880
511328387
460774690
393261374
377635747
275603371
274175470
339994097
491732740
461919364
330106391
533522025
536424678
386656925
445173418
335830977
338894593
407702845
490463090
517836411
443156871
474299261
333604647
396950937
454503906
342415050
366620410
342012368
345865931
378951267
386940084
292349762
391703228
458448956
315604959
346560604
452984499
308588350
292834254
349989430
379122931
299268642
477145973
360966724
498202607
470490061
465805179
409244254
421891672
318901323
310783368
451134393
502476692
437454398
471563549
414216942
450667090
300777141
296710213
505463945
273489411
315443662
522304308
463756186
316374949
349900011
463032746
484309764
283806516
456408798
411365370
433864630
380690182
456291302
533908523
331125263
500836299
281515141
395187661
298140210
439551102
493382933
277206263
512077917
504251099
499889736
531040802
319906204
268502545
285686517
510086695
324220666
280198254
455653342
296073468
512476993
398637913
500852952
337219835
309973460
333173331
443798735
521728400
400026312
417023049
406949554
519521628
319132444
473999269
516940415
275398999
447148021
490864369
476852367
309630972
371764291
512641892
310062515
315854785
312727167
486486939
355944758
281247442
410324971
483334453
470843576
458549972
270020041
376209177
356912609
273078060
437596105
285964460
335877282
364739506
448254157
326157457
279924080
411571704
493014777
313265694
329547161
323778058
415498032
383104314
495703819
387001508
515994856
293654415
528624436
314782890
479853458
462414758
368239241
387273163
420202742
273371341
518187583
450050225
491422589
426352167
355064583
389520906
276107694
270735660
476839930
323523336
391600238
310021016
430556250
355803993
438858920
363374792
512949421
322167213
310291443
486579041
289168314
361784071
389205562
381689993
457998198
298923987
405790384
313652463
395726654
316235103
342800185
413524352
327591871
290551308
366858896
386729585
369283658
501174468
289581439
326000156
338157633
325352609
305625370
366830336
495275979
481561799
417844894
451003720
352711175
308866334
350023273
314337101
466807142
359745331
436973290
502021752
445397766
504895113
481897515
340256872
510193607
309816195
375649443
293119858
354540041
421173930
407175285
374478289
477141178
282485336
394593344
327963565
481362959
459158397
378719414
375876574
370151532
511309441
345060705
452231766
438516562
346382898
310823411
303223754
407101281
331422071
432242009
285379686
381351471
500728843
342736489
366566698
427338273
456552716
386079386
510244060
488730769
483091533
489999087
272999120
369464833
311958083
477677896
269570592
425635552
435328715
415199835
286603655
397734796
485347621
435989287
381467666
348403449
413420090
475769928
530621771
514796089
360511954
276720473
527526644
316496480
268832469
396314569
313889668
273122339
333946596
534092906
398060988
517580728
447447992
502367926
319690232
479663903
520913045
452107060
297139466
513684318
456129107
361620397
520422972
419431008
302566739
363247176
332340819
341765323
289944164
370980921
395298172
510449649
353117635
460815425
419937919
329725538
374643801
355453886
360278938
286939175
336362215
478896969
476869505
319096720
313828435
374099611
302068949
387183576
346908244
310820554
464717296
413397186
497525963
375897350
404450966
288176707
363105161
481014209
364681314
284840371
313403611
457441458
406365912
400898837
527270000
313280527
532126395
472851522
372225299
458594171
310798424
331240993
403385706
401404844
467970363
365815871
346314514
417983645
401852560
505067136
507163783
313862717
392697477
373466065
527738902
394109543
462689004
374322893
301727431
498938529
504199442
529715820
485412238
316812775
365987690
323532035
399142380
440792332
493423847
455502760
274186571
366462655
507958833
403028280
360504876
281856976
513803028
531531853
457023846
358182911
327033147
402283638
456375183
298799887
460922866
494837654
377860173
296541488
356617794
403534398
332418058
402014501
430886542
397998466
403302852
481315183
499329535
349679322
287422925
410898781
393295007
325080005
462142091
403931437
433536347
501918600
400607729
515708029
307758356
377968754
476740127
476501806
296499286
444021103
507628559
413374761
384038111
473380188
357288481
466294066
426482785
385463182
465790878
525926752
288721611
340107179
379264943
354740880
439086608
417396660
309932317
417612683
467219317
488060612
335449124
396385534
477072806
278435135
436479480
417396526
321930011
325964381
382914277
486571281
270715871
402362962
516066284
290225154
485351364
355549583
323750373
366334315
446435651
413787867
528415256
357238471
297017439
302202175
417121811
362059728
400387204
276086283
318470369
292740843
535535914
324625606
477271069
418513306
378277702
493175921
302287452
320875474
472740840
331198774
349851923
531415642
536553854
369832429
289935792
389133393
401588423
358922019
274180368
325092452
454631056
415031693
301289710
451935833
306319847
526526385
528551193
389456445
325889401
477138538
456127737
296011260
282750416
534990917
439262345
338847672
514588679
443284057
477609844
453676998
348139769
512651509
423700663
374502889
410781935
447295585
303349872
497476931
316153277
392592949
458177038
494989821
406510213
489535720
298266262
520667902
482929418
300506513
524262522
294327344
398917874
304137619
311968115
345275396
367971198
407232157
329224459
502132304
323891272
412590434
524284314
319258471
270739724
451894251
402849613
530649043
426705589
431147953
380104760
383374137
455942468
358974818
312569486
414066695
280974790
479301727
322330247
301708718
481322376
280093869
501370872
298216476
446523242
413150942
375910124
461777660
338941129
330250087
396054348
524682248
456105190
325470573
341360787
471858722
358440359
368389091
397778129
331027621
288483585
488486412
493996631
507188533
393679424
269696285
416959211
535251830
321265577
528949446
333277879
500763784
292973460
293134057
488144093
367245887
321632588
282994328
375658175
420787886
298119190
370313662
279084547
371450156
332093747
327851818
394545285
514614837
496503693
296793899
408813076
339947715
531000771
484905154
428966295
517887012
488804213
414205630
268763428
273715337
510412972
333574489
486643663
372035304
454025352
535328842
412877026
269395807
410181881
474789609
489018427
291931673
346851154
452996932
462466611
428675519
481897384
470288625
450832782
480738784
439308435
393939559
300323672
458387661
397927760
315034419
528364725
285146401
297747107
366242465
280163278
412843134
490351004
515014866
328797039
353015410
533739142
329056212
478667021
478594870
509338192
334406894
299343537
494411817
294274808
482826006
498849494
521172257
442418032
364385747
312000754
476215765
292324247
340749240
477426368
428256519
496119499
349076016
329850905
402506481
532443515
495407745
347407673
483865048
288832834
420205273
415886638
465679320
298495567
330749788
485992721
359979584
269274000
297162524
513152606
518148693
346214890
419500397
352511503
281503898
368684446
287918907
460428550
275429233
517904861
358641717
388059751
408491133
407560511
469282124
481952588
484498203
367111055
308897982
458576271
427880489
495368586
349805141
369538701
513382906
336109623
482084034
517580662
444656549
336040795
271878878
349779175
370337641
445263779
470303641
471060354
452288242
529192908
480939513
406930294
270949677
442516343
382308514
311437622
478963797
533647659
359630095
479805700
407105851
457794916
338714547
453292009
497494683
376621901
320373937
531021835
278080117
339224291
334538387
370346279
366018206
354755491
506165383
536032743
359229827
509871140
370021675
464996157
352280582
288884291
433260718
293369799
506070758
518825296
491198570
339767481
356428589
390262551
390697192
383823836
532702101
504797318
363075830
340910650
281293919
296825954
286692956
287703145
320505518
529709018
435531556
375938456
369329825
459621846
392729987
323750957
465126497
360605416
478439891
435901068
457170760
355546422
380558262
478200277
347294280
493018285
479202383
405746642
411001270
314403603
496340816
456472420
453790070
452321127
480536400
291593602
431414964
349331977
338008780
536517846
469378927
450735015
343247558
286941084
444725478
519413679
517660311
359200171
496014265
369887425
331506793
534575505
287947109
403051898
455314670
510495957
515867892
343826470
513811209
417880353
316974131
483222801
296669455
344594847
377027132
336404104
526754739
296282334
492671355
372108408
496981548
367622636
475556565
345016804
326025714
353023106
292089829
507044526
293585141
345843443
474337737
492149489
527337646
350114099
501722296
453426263
458744038
309525773
322745373
477086618
483973028
506946582
517273336
356446469
479178710
451831157
375386997
533236197
325954671
410193704
509292454
531308388
425000090
319502087
387668453
428499547
303657015
373303607
442923042
422057684
340740177
521245573
467507031
525937442
500592664
472853115
415755431
282077762
377254300
345479245
534245500
294035274
491357268
468094501
524269948
468326511
367105887
368618451
458378703
390549432
295361783
502634489
510933823
286537595
497461384
497186706
502444963
425754992
422583640
292232669
405482231
347272629
377014904
384835907
278080965
347618971
369252099
363475308
374958430
464361761
315225393
444132452
535029559
449988438
418414619
428061733
443091922
269874678
328391434
351265121
442538250
369800122
499371344
416652545
534462130
303773280
326644836
447538712
387400909
509415071
403616502
366392642
413257246
377946348
448477700
482310255
479712842
469018685
396989633
276405237
430813622
317618147
452132719
512777099
339155152
460775625
287660648
464886328
491125607
457558636
459738542
300719550
290083332
276081670
381948723
281810028
487630026
357074701
446917617
349961638
420987154
421605896
507477085
334350838
384475576
433374105
527616862
376923741
405507754
514525652
341424131
433277476
448009165
283202709
496480009
403524546
417335272
522678032
390767286
497568961
302585792
465307185
523061009
476114244
481082033
532027487
276652774
470517484
270086997
343230245
416728013
477374598
403171723
408079373
399843196
366686059
381722108
535619147
359459748
436528386
453284059
507180224
334039660
388463469
532246602
410757384
477139512
436291560
356595426
319735679
315087461
329672628
295796878
522762133
323250758
463596154
429601843
329995652
383196364
396475092
533352989
338073587
417807043
304912758
419455987
274240237
355462088
277632695
515802060
290029047
433126596
442524920
511039811
494608381
454003366
320143946
388996087
348660867
275468884
431831852
349134189
432090738
376809212
334799170
483418863
421976390
508422493
329303985
316175091
400719423
369542941
414694585
535446443
532841236
285203759
308111671
285244101
390740201
486685362
367809186
390673271
535799824
376027189
284177567
505431567
417157594
524275033
437439310
437152290
515229006
523150169
502879138
298360938
316668939
446829668
363967798
445110836
269921353
343038968
318307451
347787479
328766751
379357336
437992417
353779748
468825105
503135252
506475110
495058031
493899191
321699321
281924842
344880676
403975216
284997056
480337478
303077770
357541568
443977229
454598719
377698495
515196702
479801653
296388170
479955982
374118420
439915212
511975096
514835979
490592733
403073137
404052298
531813376
303851609
287694537
531320859
322430766
400037186
511962258
288147220
432987308
498221080
503172942
491240247
490411023
417519735
341903974
451213088
392440558
519903555
341431782
445907696
388599241
444013548
276330787
530667237
507599984
311650865
360294267
473361262
517028850
407318459
393562536
323076488
473277367
505724665
323844093
463464118
317156793
319257001
521732854
465095975
465869116
293389309
532381492
466872259
330210292
291518894
454814701
357286575
521436934
420552063
497311342
280597621
531967100
463029300
361067097
347533869
366778419
362279511
415495261
489942388
333227583
423379488
482778054
436139870
352934077
296662959
485858402
426872425
401692857
440653646
294280697
499403704
524183442
465714946
511708495
326675547
472528047
531286860
441817073
412147456
355712157
364484052
430703194
409543334
390870005
512349007
395557405
489902736
522711420
344710121
293969833
273232051
482475179
425848490
283280707
492019115
481131940
319408255
490588499
351056027
290976487
427760802
302577295
349721414
309823338
362326716
273624922
276668777
369228455
507207512
329601072
299938670
433100086
336672474
431378368
510193371
387017050
465545756
372230550
480725324
416881618
333924081
393244388
447525489
504838868
524844275
391342801
321284383
337553704
525630290
310062503
476428149
338984140
493814088
482051846
340387976
302189356
374216204
382649897
495629686
420415786
328817862
319941378
338696810
407586459
489660967
439615126
370704196
456724334
362742150
535924131
273960238
288725965
506328461
334564857
301108337
466088452
441887521
300411130
418964945
336330009
492100610
308269848
374837137
391171818
272145098
427250308
459583769
445881079
507099726
518991719
345176488
482827526
376049505
271819934
340393113
521331991
306028130
306186577
294292676
307927858
272200014
503599344
467560020
301585407
397943563
479791930
404899034
512679392
304939130
275292635
414204283
503926218
416682100
438609634
472429077
289412278
424582778
456856720
338378230
306398086
513930931
434305929
406106568
307267289
409062924
493098912
459499237
414964407
492847959
436036234
442087857
432233744
333427091
320141119
304674287
415483805
527430171
320288451
473760155
343267777
288585481
510025470
344270027
417349715
452266213
407769837
499025522
373976156
448363085
423805368
498390446
299371981
271759369
419758191
471865002
316076756
515649634
483386256
311451513
498902669
306688445
528486221
401845436
292377784
334841194
393767281
513509917
290471762
436812750
447478255
373893502
412581014
268930875
450214175
336221218
296663696
289182899
381545260
419103760
481069145
518438609
376606486
443522660
271420248
314854309
431708372
519352855
498463790
500835471
456598761
275622075
364173373
415922351
441726741
520708268
401315678
292628145
344943495
268882945
463218113
284758722
379629384
327347259
395928438
293240832
476380793
314862954
304402836
352549638
283360031
346543494
362028837
355924949
416670928
400526237
379649421
501937017
432822408
518351212
494615661
345696222
428156503
528697814
381807932
345871561
324512839
326093694
310495184
284211777
426682784
412491363
451418986
496481793
294955632
526411562
316386519
385764547
427757870
406684752
530769473
450216759
281913790
473639982
443968205
499195352
462779634
429549219
519300334
512115177
341184352
483032047
429429115
277241943
363033921
313780648
350645756
521512938
429173588
471717870
438838473
494511954
276980192
299780745
309133341
463347476
489755241
276243871
297202101
308407508
302003314
304942233
270114520
416904946
433206037
382928399
446466217
393952767
509385500
299593652
386858727
417598171
372462807
313898970
358582270
464569337
385683336
403881190
370728421
533252389
381946463
366372051
280959659
370363037
475870876
473475279
534861435
325854502
488475226
318597711
402565657
500645987
519249071
374581205
342566552
520312597
351023737
454066440
368737485
341840311
399180794
467389946
398065352
427017811
275598526
386834674
534667052
501620222
325977653
321559539
530228077
387155638
385825563
500009896
326364030
316784257
414011703
512524306
294140943
348255746
391728801
426520204
472140675
291495996
500914364
457476890
420886132
488749685
531601265
417002459
332036017
482931310
451046549
322467865
383024362
360423483
387961959
455951237
336617137
302269469
493470685
394574509
406988713
387525395
456713115
518965695
528645765
408608219
404715899
521170769
492344222
417273756
342355291
436801607
440145428
389267269
406512657
372929789
411678450
271479231
326971346
463462567
353808931
530440525
327811870
379741256
507921125
447404056
276285190
290576285
368065967
407927503
471613856
516957041
377467222
323134988
373473993
436928891
365602553
372176283
387476139
303179682
421285144
486834645
368947731
274530604
392598625
280476332
283914972
392603211
481625566
316515893
288106392
444656563
314799991
357811053
381386794
339293557
491566827
471292043
529493128
481794610
416420543
497037743
276659117
526203571
379658226
361709006
487800382
333939067
410165797
407014665
286712718
414446429
312259450
506408761
304985413
279531086
475506395
393139982
399084717
477094117
513294727
451459714
487313195
286213419
383643222
500437617
386793846
447207223
365183326
408830187
352586918
511060014
384595607
307917185
386219477
509686430
314202856
353286642
511643397
268673743
407883297
296183866
395200132
449684150
281941188
374529792
416819370
414906868
499958309
369821274
312328602
284287111
421726958
398433599
366906557
299436310
381550310
391459958
413467702
454174844
422161555
447815132
520320880
345325562
436860026
370675596
304968848
295091305
369029975
452582327
306935588
297836318
532712429
385522410
508480277
475896446
310441677
499988385
366162172
296581150
489887200
449866786
314494237
375113898
304906690
489231401
345808527
401440714
392931101
442845620
513514694
284294625
373748420
389252781
346774542
506639470
351210587
316798261
406569568
459072778
304328533
450486320
481038558
446227714
452103464
281259491
345502130
362350701
364204452
365861206
483675147
455654717
526341186
390109264
475626288
340755019
508369972
451281149
469710299
454943934
350736426
482627942
271688285
446056669
270029855
455959939
467475108
406107079
447116482
356296790
379047950
323813989
517015524
373003693
340219452
428865920
461491753
419358435
414437981
311503114
346312819
365608416
527728835
433673404
438633516
519824213
339024269
491221002
272944827
516066295
279096329
335569723
326310591
320157138
307837496
284501435
389636533
456749679
509420365
279809874
345278783
422088393
508204363
463128489
295149629
454410832
444646793
438068335
269676428
501688844
451678553
319955608
268494181
387586256
360128291
299058276
386262910
274475109
299976627
489299731
295597392
461918481
487624383
275231028
339519185
501217476
274540528
281765156
439325531
463068674
525802369
287634992
474091695
311835545
528106426
507617839
291871209
312775499
519213110
435849665
399759248
318296898
406928439
307748400
290942030
289061166
515026890
450694331
525197787
469010030
295941976
410523122
397138869
388764133
298048101
352254161
364436997
324006161
502677796
456232035
398117473
467452302
469571828
492500881
326454687
447244175
432779963
451685460
440509586
479953146
371081748
285510766
374757529
485858975
272862010
299574531
460971165
272486157
520152876
405433964
476142599
370210934
468382034
450219109
271071919
498577172
498415216
268650993
311205588
455942224
291192925
269698568
362070127
372125200
497810905
473032992
367973348
409748317
488407354
274776036
382932365
486870667
330083223
449695111
463659469
269747849
305913225
509488243
511637451
304372356
371629627
465319200
479316104
279613891
330224290
284396725
320863386
530501763
496325923
270421470
303790363
354871445
274533027
446053508
429433090
535692430
508336425
337497325
274192962
297407966
347173895
284694415
386222210
482019940
274002679
418152931
365937839
480653820
421542472
485821374
497816785
506522377
401254414
305376362
430480016
520816568
534666134
331636500
521345701
445250162
446111816
331268551
464850593
407098415
440923267
486190878
471348644
357008743
502232149
524875794
410042497
512027584
363754385
288636311
521283580
455796295
526026241
437678366
493234871
491417173
349060504
336709700
366217743
335245311
500320627
367782870
328696913
317883164
334855995
475584812
296957176
460336878
361669992
488648175
303040466
493829466
270187482
386440957
473938468
403933361
358191892
415010017
469366493
439122978
437399610
305490782
411165833
403249683
426720827
290834407
397036616
499921845
276237731
405799604
386910122
328139686
407456279
526906722
506331436
448113675
488354645
436273992
425395787
502432508
479549413
465766472
458724498
515565895
448516876
385391230
474836777
425355801
268617713
339614562
349630235
294894754
481414319
312219311
397004165
520996857
293977637
361153380
335325173
402063059
277646959
428702769
277986438
470191102
370223390
504274470
344758462
336157465
456335009
467153651
401726794
476070973
357716943
354618955
398918514
399147304
285833657
511326725
388019036
449837983
400364194
461438816
516721321
272434191
494919685
535807200
458773499
340112937
458491849
453165169
350173838
379668268
477879129
337000496
414218985
416368539
402088949
364511528
290062338
359513671
494668576
336375753
275830362
458999162
315429250
478187716
317838295
283391567
429181010
301615852
399343277
305439000
400490092
468354120
456064500
409588015
378940355
361769359
312068163
427559702
369562788
362631478
457675039
501211701
306603261
306802696
461925931
396972383
390133308
422650426
307809775
469912532
514884974
339904829
311907048
287184458
427808439
472512381
401181699
417661190
477139827
422382262
325796509
459502176
270790518
360055349
269580351
328317807
463523337
530403145
430778183
412795909
288922764
448208837
282470187
284057263
526175643
323993429
329041620
300102275
285827591
514215530
416783413
510097657
395480514
481130820
358261601
483067689
325272534
322564362
506114584
463107970
476030937
324792563
507662560
456102534
405658129
523634169
297017292
467136679
358689353
475738113
327259224
372230889
493641930
269854199
441178373
294580663
361569142
353135668
527731450
508549274
519847252
297355468
474556159
474406892
383734458
330906225
311609203
511983505
425072031
491450406
359058785
424159528
425432269
396630967
356213365
451592951
365018019
488182636
308195619
515653666
394306897
514328565
293455801
504072266
365538435
461725489
455205941
331960182
303537714
366404388
443799366
342996667
532023037
443184736
418106653
316718744
386068615
494962091
342113937
310435499
433708060
452081914
436369384
536852838
315454775
498422713
446669536
422578605
477989318
490727863
443381306
386745845
383524041
449224743
528833677
486582187
396808205
370589897
450427946
483169829
275630583
445701637
478049529
290542406
424546363
324534257
291553687
380047258
367917160
474274398
420146655
329845825
287329860
374680117
383107447
503390091
305294318
341864032
279995931
377868324
502171466
401810759
484198364
462269383
436478803
534755144
528965456
382842108
378819252
311562391
488283517
424452435
512584045
296227033
369859875
434272441
326299457
533013071
442897030
370470602
393652282
299862931
488504867
464906097
487362087
359466374
461250813
385132414
324684999
293870723
417977630
372158457
442300929
460927231
486488319
448326164
374256244
403500897
377071527
418132121
276585206
504513553
276034644
488383192
394180931
484876015
381449620
288559338
505983894
407072020
417912579
349709496
319408490
462835925
524329938
326320006
428630033
294740523
435412698
321141789
516708466
320609406
439607405
305586853
458396253
494800911
502875112
295277690
480860576
272213638
517657604
309467704
405134139
272590476
533958861
429800552
360685533
404561034
441707864
269251257
358606893
351266083
417442843
391086449
421453631
337202895
398357947
344776555
459363738
394875662
398736508
359124278
530533221
288202298
316211732
379196651
395300186
318969195
375778029
425288086
292420099
395615304
443930197
412667759
278265308
376772262
388649811
396493231
444645625
518212093
440722939
359118822
526121444
456363707
382389438
283407007
405350453
395745177
295274106
351077103
472431239
533642957
349573954
343273917
450917029
483890379
323462040
356209942
393864668
473007334
445526783
297493130
338018227
340836642
429624311
531298994
273251384
342409182
324921133
516643525
423169086
363288562
395396298
480682671
314856880
482728733
377696401
460364471
466618661
388153748
405666203
403994826
349633200
273954123
394821818
409192441
354980455
370575789
367433080
418761645
446725445
271730523
389960193
432327200
328918025
521686853
297862595
282861294
273135439
403829362
344807340
382722960
459289739
520396931
351038252
282741206
323188404
496322131
336425951
398085271
452236996
448907644
437173190
522217157
443272640
315223142
439178261
507884055
285429751
285479197
453292611
516347362
409518007
326643666
483544533
380705837
337028152
308740472
347004536
508567759
397263274
359524855
520901417
488139070
497319771
324266064
334671603
510546830
382444351
449341819
385747745
314204638
293580915
324297072
454914364
285411582
494713056
273128850
445848380
423725987
493934286
490248309
290094611
422679152
432362540
405068566
303782711
377396709
308063266
479787071
486510065
317768590
394626973
318005899
482072666
366926606
293375037
465442996
296203123
406305441
499034697
292245531
432059877
506716835
405847522
439533401
328951463
392193164
409455955
444368733
366902868
406280570
306677091
515998351
529223866
416820381
443405675
479747931
427101186
371833835
480338112
368576975
504316861
375592013
509562208
380851226
427618758
488553924
435402258
334764153
502905866
475167952
387326284
367699626
456429901
376191085
531893091
398876681
337122693
455294629
335196214
362580734
467154585
442242738
386403690
287615291
446681792
418866021
424022089
327040634
303768980
373806142
510490657
292503110
305429246
452637037
534643305
312738566
510586318
446984259
362735376
484072372
441737470
292005066
522468487
514386000
295497832
331055462
324013008
428999443
337939028
308942097
455748906
463753537
401697775
325120122
374930185
532387763
354406317
320218031
398990748
499169990
357227532
453849889
370525290
406597214
429305751
425284309
334358071
374780597
310108545
363708035
351590361
403704914
283220008
363202635
428975968
483079840
527571888
480777829
312983303
398912551
472085262
345838602
476469072
379030832
445868402
450697042
400095974
451430729
327973539
460637843
428452233
501508892
526579227
356503343
400363188
364004978
379436762
474144086
389869445
429624122
450922261
419438397
329142663
506680939
312729755
491587431
297758273
326352634
475127733
281444057
502781185
527815990
278369544
386023162
525153113
531749767
446021914
328920282
369917014
403841437
434291314
335969693
279103303
532416161
385924396
524883482
399925700
525879937
452298537
363522212
429565969
525189004
405846654
519189945
400242738
297645752
342462610
268835087
330482665
530322221
484705743
325223367
356849904
502030376
471155574
367790869
295208854
440260477
416693125
444604108
473032331
496376605
463727916
437663144
436320783
323508540
378250200
492952241
282516500
499807839
304276558
495696380
424410079
326025783
531679346
473516651
504702591
372872911
275196195
291013080
505471435
488262008
317526925
346926335
440624794
408581961
335197723
298148390
446696309
297646551
484320451
367951197
425848518
384394084
285487136
460943400
511030157
513846508
367441223
461376560
358650571
458042989
326325614
446420785
299773194
353243352
330242132
469026173
409560276
507864591
300818917
511287115
480149718
516324774
315401428
307866795
325144945
502260640
414229349
363966976
319899919
337251945
347906929
379706812
322273336
380099182
335534661
276780309
332281755
336274931
466654083
323171025
342134824
308269847
297545538
407898816
430164439
298499574
334497670
315835448
337360166
516678372
321803865
436960999
460949071
270073837
527100102
453856618
390993016
405790233
497443281
513996654
536135847
341119221
494277928
278352716
534937134
275136381
292560540
426493803
298373603
277067305
483032890
273529468
407359510
446732512
420438154
366138978
352549139
367202857
340699951
522184974
334115183
346707082
526214229
456440083
477355953
415013437
524289616
527796494
410480482
290033834
406998159
500988708
349115783
282384213
449770251
525610370
441383798
443347734
421840835
397217495
508688270
317231585
362275276
461089878
345148100
306675612
422944209
506092671
495022789
272318513
342466612
326666177
314556086
352465133
348919623
392629580
420667460
484429999
387443880
362997102
358176144
418431774
489719633
470753610
379004408
479345839
288570120
306188354
301934913
321154422
380712106
314293567
321839742
475425420
482984352
451460931
382350921
458023267
315595387
276121919
488340073
459118973
495110942
386842508
403497039
399422508
312462213
486094024
528016599
407476486
447203710
465197558
497187932
284363830
439080291
381996600
530829042
477701237
372169370
442417970
490989792
490303239
519784086
275275265
491709249
278369887
381816102
317362360
273026006
476659844
500295116
441723046
460703729
339215237
458992588
310558732
317928046
524535694
339653201
402715688
281401087
457849677
498373902
386744780
344192997
269181255
424807852
487514185
394083536
281844427
299175928
420519768
354224360
374762887
291203520
403104107
375731154
330879859
486414644
457473138
292075031
521123132
271482313
442060825
487822104
454791499
462060969
522611704
535728378
279902025
443353912
271707118
342807772
437894242
342831742
532580876
357128845
344186233
287009061
526745517
393646778
364697639
403239763
486392009
338968877
400875752
534383424
304820364
446983393
412017710
464961372
278825427
373249169
315934672
286167508
482362504
439371354
498300996
376384481
362850453
372786529
502431258
371687205
311087657
368278155
339531363
393570785
498407006
476647956
424647753
302390026
527683341
455515581
280512639
354400207
468934010
506475481
484515214
276543381
377849646
394178398
484286590
498313178
327601629
406494697
298466998
417743039
421842577
286272663
384763645
274829339
331552172
447239913
303568958
531154687
315174128
418290393
327837569
376796885
466124511
373610286
499173874
286466573
411934093
523972217
340829874
332045197
438160505
524916650
481783535
482325973
283379958
342910551
435331102
508753642
510296918
342053465
329303534
312300475
431113121
306995814
390649824
378074441
414289196
408468484
518016300
418418922
314943127
406849994
329146712
431884593
355855635
325491886
531999490
505238099
334572349
512398254
457179033
535311518
340640963
323133495
453593612
301548804
436147382
366584078
276393519
506829439
321681019
374162171
360275906
354576404
271157889
324245094
394808391
428147686
277814413
288072538
424680405
407966540
463446485
321796270
398294801
366387920
380497217
281337324
369906093
381150883
446040043
359516240
368320586
530515977
286106840
463741395
310354398
503496579
425164073
352701374
359569073
367451740
426996083
458612224
351991683
514828676
527363714
417638050
453998807
380970935
434710466
470473491
315765459
416909759
367225229
388460780
522987012
393756710
416712463
526296449
505774717
318441225
398676874
358253938
332376755
275172483
527680936
442427762
377208906
439747252
455611147
389353069
382292246
318216124
289012778
304701258
521626524
414681673
382330152
418342742
354101727
444493898
302955415
280071017
396955857
342065002
533292393
284202353
386428969
498391148
444808817
454796876
363946839
490823916
406152173
387492653
336351883
500596048
354149775
318406231
414959496
501701609
407710845
465193208
303481290
359768320
422683371
366161868
338752040
492626113
336706425
328718395
443312998
451505592
316288454
337880216
388925385
315772586
363486494
349827194
284635557
413178157
415229786
343930956
533429330
367282228
285368043
340899665
390705756
417903874
426115533
376564838
415458971
423979178
381433248
517884744
518879463
458824614
431582622
453825912
298411714
473801534
415168036
434221512
524379112
489116490
414221652
357089457
294320779
457706161
481528880
269797001
348766946
529769426
505209452
484913166
363973163
442072613
517325106
469783647
473199807
477072114
442015015
502066302
370940748
335526757
439501927
384303815
468012339
291103097
285813697
353010227
307033388
350589394
524121286
297418411
476295474
362252294
381770746
270289065
479394935
531048644
349490036
493297208
416169654
387871303
530428340
478846524
380032251
330906440
431304176
378506482
407865474
443775482
329288225
374991894
422369641
515531162
528707115
428306340
514146561
417054334
346150716
418634147
510372144
361717100
504353310
345807131
444544188
494120205
483233664
355880171
299943515
517065262
346022963
375484821
287116422
420675910
389183102
401889188
432938712
449785007
525124030
466586096
378167839
477934954
415697189
515778975
524186569
371351542
478819055
511110764
364795584
298667832
407517794
364945430
488227322
452456766
507276210
277838410
426592748
418539432
342744718
302549812
273353947
356339426
307728062
519161810
397150061
484493728
281392288
288222308
513816123
396248951
437606549
385284767
288873016
318413668
297717696
460298066
477761864
503056320
343342610
422922229
487683308
499398129
322746323
478446089
436668667
282331521
291922704
387404974
508859241
459281356
314550999
528209500
332995139
272767731
426064099
383883117
337999551
387112494
350577812
302957946
400862870
313840251
320400556
441152545
514906234
339853497
488288653
530228921
471892505
390252335
450781895
368724244
483287017
381005289
418842911
457496901
469259464
348975483
351399981
494548127
346800735
507059234
348257734
319335016
390595412
424087119
376766332
491148042
292189528
331907567
522341297
331399519
304307232
341315014
322782039
507005752
453484478
336154654
408181082
300992485
454150759
273288137
277247366
315537672
397085215
395643041
464858875
474503627
465384867
305215535
365723560
421029054
466339134
494558306
496537415
464902823
472128771
536324943
289338750
462791014
281967385
316382386
433406995
503887870
294783805
408510105
410994295
365734905
372721298
478871029
323479536
313596362
520380150
383340514
270980073
328219770
294465112
352236049
489203858
432727968
430408660
316375421
376728249
411427664
303112264
330972300
340044081
487077437
513782090
315268003
319141923
526091769
351125897
392817084
365909242
534989574
305877911
381579153
349337102
409882648
536744287
491759708
442391442
496255865
437037617
433640503
362909147
513574293
459962812
363451491
341223178
320327366
367127916
463521886
379666123
274648776
384084647
332499313
396792939
455255368
358452003
417831477
513410628
318965886
498740798
529163203
472554567
427574163
390898029
529713329
385464202
353080132
309276893
460873139
369555295
269678500
431025054
480531910
393266773
458704465
385721415
429687607
420702437
305900050
453810492
497476557
455120198
373976571
448561400
447295803
272929476
348311470
378706340
485028179
454417775
370381918
407964266
342818244
383633005
350382814
408118575
316723371
358770903
380588281
500348188
329367418
367426631
454682511
401333005
424060419
284212138
534051635
372299604
315885881
513367661
360372272
355167241
350606378
326375481
269114309
269292591
434938006
396064221
418445696
516865996
448861744
475766964
513194387
465907791
378686117
376119788
306682807
320948398
413597663
487922343
329079297
273808004
392696943
418203860
306368839
460523279
448886289
351055416
438032788
331023406
287678214
296092985
430608538
338460575
293205228
348042068
296355396
381850568
325391356
437493368
523764283
328971974
452535277
351398872
435724098
525843262
334971322
429960491
436586941
308180686
463383887
498634546
326827695
491744546
331265422
512348296
454262704
275630980
388435872
293099305
530648809
482380923
283036905
504630568
394610506
528070236
393562455
495213416
476257674
533852919
277979608
432307073
378553581
365667299
532950868
298938801
323828392
344919987
390862867
394700175
482518564
287949936
421785573
486403433
314807819
399229294
336347775
492906139
343261004
357714693
496061767
321355775
474226956
437821302
293341917
334783970
332840583
321496770
342682509
425829364
506727415
400326349
442344150
396214301
397672497
374716210
275431842
437854094
380625053
446879810
419882142
410476689
423042539
310014558
433844387
313678503
284991221
314927067
385963815
339681768
505132634
479073254
417107017
278904850
424557311
334634322
465849816
463110202
483079914
415414207
479231252
503619143
363985396
486662858
532416370
513801070
425866907
451362305
423694488
293780893
447077357
459570087
311512641
429354089
407592847
322210063
445270094
277922398
528204551
526594742
441345621
495145700
315064539
517052018
485303136
329022351
343641772
367816825
523645425
326559474
466217413
355005439
520440950
516960853
301350771
498642123
445327933
424755243
288113605
362186376
427302086
370281097
427821950
520020743
494126134
429799074
527927857
376821393
442107480
438232122
484985003
286681741
429788887
353243187
362178210
421039810
279417189
407571863
325469496
395138865
339833814
402784706
284461778
475696107
433313612
383097725
436336144
378905361
395486900
453013018
475075058
273439670
493969696
526920571
433641029
438995055
474421092
374407507
314242210
335320423
535051905
429131029
285338787
362662899
516581179
286359784
287296201
308075972
347759637
280495866
415294826
427778675
465673293
373178797
310365612
270375105
485383397
511166275
323334715
466262062
491589461
361471493
446447874
274884653
381778732
328338467
318321620
352486452
268836223
532077303
268879822
382675271
311134171
291725727
445132894
376709121
503925217
355407373
350567263
352601975
519391134
331780931
309312713
339374670
399024141
444486488
280459933
321129858
401286891
426556766
367824315
369353982
354238911
315167289
302755355
352203853
311576815
468446509
532974466
454347279
324572244
381293448
379526974
369725433
405782727
320476764
495152660
324476787
394519308
411728987
494559933
526372544
363666659
445001533
275232426
300172517
439290969
285097050
453764953
291516248
284793529
348202083
407569023
452199264
508736354
451373370
499718930
526790895
407037891
503752167
478590064
373503927
489568277
462509306
294107935
474391394
418562866
351348325
323109975
411442322
532011888
412793921
448783720
400929257
409574514
490898557
333818351
473837423
466584385
436185407
307606151
307901577
515216137
310065769
459591604
372222780
362554464
323616925
363453744
279928544
533993979
439189739
375030459
355121097
393344999
435162994
488808735
536382540
481377233
436581958
333805879
321527260
494501771
307649678
299064057
501673612
371763460
419642589
446309796
468187017
455471459
476747629
404611977
515265263
506649719
464519081
469344795
491697090
534575338
405211290
322296527
327762479
417241045
451569981
463604458
273804715
421767146
297644008
304700043
521826784
366533798
371672125
515298535
379686847
273971689
330030316
395627413
469388526
334563741
449094563
380773937
434747204
293395215
514350528
462269552
395504671
347935571
478353868
283430030
494058299
423203123
387607419
416989415
317851683
381988897
531515887
289698213
376908294
273043699
494300032
481265759
323684520
303508185
313269413
441537050
495617959
469426928
533738934
464844797
438846812
530502556
346590582
417523550
498474138
423106949
472006523
310007469
526203113
390376991
373492464
405302964
441795395
410998318
419510940
283749356
395854931
271907500
475076611
514023536
299996882
334377514
371015247
354305939
442508897
494154141
381322398
465670826
521025073
354554254
496963884
294737506
338453387
360476492
467012393
454203444
489647902
432312499
522109926
410998562
446023112
362515141
295093103
437796977
416773919
322857170
411326070
436709378
458658391
291606818
279511428
272439620
357638400
378740442
333664595
297013054
383326766
471322696
321434954
444136557
432849709
496273256
404490295
431875003
452012219
373727571
497450307
475342563
374911251
319815426
495881217
493465164
320368992
520536397
479020779
501717839
291034415
501139467
296165842
531508044
322639816
441783439
505367400
298857382
512858811
276925223
275352621
446825636
371814214
317891593
435512679
456440510
406941945
504460896
532837205
500178144
398042040
308606978
461861702
481895434
460662422
418280279
299039454
411207761
413736230
271538283
397146082
304318256
358909581
454328429
415695992
453343845
458277963
292202526
360194543
348196064
367826553
304945265
278497318
457516718
418573816
320100597
330988535
321975156
505437452
466291016
472569783
279081651
509868497
368383968
276318008
503760113
275696449
280509583
364172522
273326159
416415790
444135942
437241091
329625602
313287236
402939996
287600052
516675929
351899603
319625371
508236572
331822238
480271806
486958528
377776489
484668833
290860587
356586740
509943731
516543603
493194992
402238307
314607713
320545550
517644397
329026967
443343750
398963176
522061754
402673004
495023063
270009010
339288974
479838708
531628371
286213875
497226284
398885195
337367405
523471549
436235805
397623908
486496932
373352529
395412019
305991037
467693304
530382017
476158786
351564709
352575953
511774298
454359942
500021851
453010499
514292570
275012517
291899770
331558529
274956114
409571340
346863342
433847551
436716639
515275014
394597019
396773854
532176292
467418005
380879487
327346415
270390803
479204940
487196523
405960085
450743282
366874714
533967405
309648146
429156309
358269572
340316281
406874938
494265145
504779558
439717360
530251561
284866760
499320842
359541927
392210659
276064790
354859308
306837055
490650961
420215763
365972668
425962199
289802709
327041958
500018117
367517902
317351599
510725235
440821161
322219882
529708501
356793014
304036097
396702232
470402888
383713389
456415495
322156557
458777796
355436917
387787743
298988107
481891538
303591353
401461832
271344897
310759194
322384252
300982439
374596799
438762615
425198364
531497806
487800713
439441596
461262767
507005779
441987380
311187453
524613390
526705037
467019638
390328069
339725837
273238220
398696854
454381775
409364973
379741878
381373868
495839211
509209036
475355104
535367673
435768509
512621186
482475242
336163310
503855514
516587084
407042724
506326785
292694443
440187323
472308784
330488927
528346026
321677045
392404060
530784451
303842472
536147053
373333078
287385025
532310602
509538211
480050045
436767816
459298630
392847440
399857307
388900406
393711989
506936822
405529401
290271500
472614071
481483120
364258635
529302329
338618540
302411254
374136628
501387062
526245046
270264161
383105274
311707649
270061853
326409534
452115837
456962525
310964313
429716717
363168083
425039762
408601169
511977887
512062263
449570475
450805202
439501846
420937558
370390588
464290818
467453775
459022835
412360510
399428411
406189871
317138494
522174168
482906936
422033972
316899778
521779052
431118977
344599595
507526852
386767552
456431193
430846707
475173164
278573462
271914487
323724209
321073349
361845361
501147664
312388523
360533878
331157371
471567051
434082877
455663029
364365697
451801596
522695235
293735491
535690344
312640183
512584545
385713853
362958914
484867245
387389016
416118876
466061646
369848893
462144962
303681873
398252561
282666532
338500933
322046270
354735266
465180460
503860269
288496001
331569513
425906617
358567437
450513241
323725500
463436645
462193626
474471135
490978933
349766730
299885071
306365320
352315988
457697706
517975584
455424038
506689827
281819540
376488253
331353556
429373886
301839040
528259985
476411143
365297357
324581158
449544241
389363688
286868473
334139007
441611894
300108234
331216194
386285179
508363017
408538586
346591616
452800599
433920969
271104679
334241369
333173252
337080635
286993908
315702128
438528232
300338139
381962149
385912848
451229149
508204075
371698156
451541397
520929267
433169813
273882382
397742151
399496737
474288032
364132907
346895841
406015756
326051650
511253207
465804121
353454861
528183720
519801051
397393036
354927650
294831303
511960715
437779893
325378720
497058930
515447089
413097426
483640974
466304715
526222854
532909728
508143213
276648910
492408797
522532627
489398799
318831248
369873159
305830174
448345089
464100654
531812496
301742661
395673917
372313706
500638214
511897574
522986763
411314762
449112021
313373839
500383098
414755889
351302040
505096398
449152216
479102200
502711151
532423023
289535127
328589373
485519022
314109265
459776610
281244352
459095032
410973018
496253167
282675133
287244108
457778300
492606763
523930634
308827293
500205944
342528678
507365626
510290631
456382783
451002158
429540344
533579956
472393998
305902329
398473259
418638089
417478389
393634855
352325631
463043710
356350757
445570636
339465481
492595428
485001976
449595682
341182491
437589086
424989754
475426346
514251492
463931822
479499398
442826562
438068029
331742226
401762773
340998354
332999827
353842555
454680805
454829104
290894107
331803568
513252798
517693189
437425445
399097050
477567532
391255473
318235315
439611011
368215602
393715991
276338544
466819290
418198306
422877689
371586181
334934999
344360016
353626513
414813458
354726916
309933838
467867989
376081305
367973244
527317594
384693892
311927162
337793532
380902699
408990272
527195094
345083051
427850904
495021283
339808222
401677017
386020812
269773376
382964777
454217111
445303651
307956190
517219263
282139816
280822695
320340156
486143712
298943652
477485189
513159148
277991238
441204090
327085402
489871209
480455939
376948763
277598217
411415377
407552388
516619589
431390695
289255382
313950728
362264304
280780854
347866358
371453101
536197554
416320976
357348966
478502540
365705829
409186621
345750498
336442421
394197182
321224466
486865953
326311181
519790477
400955798
377744849
334421448
331447917
305050630
447762802
411343581
508466928
339172010
395418534
393561069
522364819
377606583
484615934
415369131
405339943
340890293
269852087
308367497
330980625
325311176
365287919
487799895
502531858
350267644
275729305
514957840
383826295
334073699
335257610
491832118
439279962
380556293
368509737
292526851
472955280
359519211
481234439
421561194
505543858
438965363
380247468
322284654
388957741
526925309
295455398
487625888
470341312
401934104
500223822
384927161
341420957
291282425
438446034
383935271
507766295
482536202
425247325
292025857
271878143
376151253
300335908
341872686
404001867
512224857
295520801
460394167
297445942
343927785
452991251
512789442
371084764
508751207
520701008
408019641
391364333
349034802
472445861
351458293
454368573
337587885
326310912
286364076
432915392
432385965
389977080
533920846
319147006
361028876
502560806
346302051
452142956
357819501
530477908
488706584
449619024
334059593
320583002
345269279
322922512
356227815
390948773
528568820
444865767
328310176
480515002
452765030
438834274
536285318
326229268
340585636
379733294
416230241
399998552
415197746
349314897
466087438
331261322
443056818
304500871
465382441
400628183
414011502
370513361
448697515
454466055
444706047
365134097
520542823
529472140
487137040
310402059
421630514
513712902
440898344
426414632
395990168
275242345
508684501
361620708
474807167
476986168
528906685
481646965
391717980
475064473
425855022
350519369
504953004
376826843
303178697
304217283
330233938
339613233
440400202
350928400
429918539
460185524
336649805
378083465
399593334
526884159
409669495
319617690
407986444
382478204
456721360
347490668
466050239
270010866
481859643
494826545
272087915
449570285
518974562
412596927
408771303
289804275
420186093
334336074
504530526
433942090
455468243
530177531
318311673
285614055
331710772
276761366
319233790
425601191
291202612
417462714
324766831
522173392
532608259
514587254
352692498
403288603
344334949
286228865
278366175
360607759
418349570
457033493
302474766
301456200
422470449
323417707
374059487
291541231
273264825
272947928
386925124
429102122
519091175
326111634
312583682
461685111
520306628
291714803
330588683
331292262
316988337
275262948
507926582
350166544
485538112
419773130
471851703
329536992
492807500
424617795
272216058
422716512
341980725
437846940
328249409
370852174
318874321
375377425
332724882
511510127
535696457
462787772
522790692
530260294
409280852
462232490
288077411
275864114
334552084
279244107
459244013
522799634
291765486
431496347
478942108
469261491
414447262
323953562
511974343
469715395
376172931
505297673
280907730
396019335
346167018
518849726
381236363
370305139
359509386
391441735
517648760
308492161
463378285
497796463
302188833
522668129
504799246
353133742
402092967
394381636
519285883
271750066
369849302
457396962
516610370
314599529
399645356
337232658
533228222
271674441
331346823
460539958
455381714
383864346
424215593
285996136
356870765
531484643
278536449
414873081
346768268
302675607
486594529
329557416
529846959
432423191
368330344
367767794
391453447
477807499
270530981
348353921
515195668
291227702
475792121
284620637
402646651
307968612
504424478
424249134
346270893
485683696
420761684
395372880
527900026
472005533
390888036
508036017
349846442
399335403
282764514
534650751
276493445
467498801
311597445
319738835
359778494
474997106
372736742
358410453
496839406
392413950
385203728
440818648
289606741
509276307
384468034
282835209
420268292
276342676
320061198
355263125
515940311
411014854
304858495
395081963
499296303
363982497
290630970
529385023
354200615
372287247
310312234
447651108
297233042
374868735
396652615
276603912
323385680
534444971
275371140
528531476
528709104
337320819
388790847
478269836
312447754
491714282
308472947
372039059
312152184
525248800
422055911
525384214
484684297
274537370
381248933
405940165
461517208
340902511
504082502
401750628
296244422
404752573
294895455
491596129
404455549
490984295
418498766
535406815
366806739
475196599
306420025
486934151
460590178
467308983
411334611
477673806
443950560
458663758
404141834
329671152
504974747
343412094
459120916
276807132
450362162
434116920
491991733
399188805
412934241
305230954
474158525
432995903
483818480
427144885
445023889
456213632
391417857
498357649
526458913
521825439
347227373
411314398
310078401
415896357
358675272
316171954
424455153
414654141
284372766
349519475
345132118
484975333
356899479
497323774
296546256
290069707
444198161
386282070
281421913
432105056
372610297
360873103
487371993
347144991
383525236
394524557
298512170
502364593
414103946
287284304
451375335
292060443
360125438
361341541
301632618
520195723
486368184
303543133
415638383
342181876
385204660
527353181
382793255
372389706
334041337
292548800
312720238
351135092
486568142
289277264
466968527
384761913
374910386
532324256
489392399
494266595
533307240
454168584
328066393
419006592
497291539
481290256
433341810
286606895
348902113
306719595
431519343
535682570
300859472
449144747
417543566
323470631
422583495
415653585
494909544
415793787
411224714
323083057
511292465
322773792
284478217
372506612
514482550
292433921
504584295
495285280
400301207
515953002
505448370
530031946
282632326
487191880
314506133
507504040
308265970
326216244
411516656
313146830
513456154
356869793
521835337
472431223
332345982
393341026
389889462
511162464
503703981
335910073
500098971
288173978
342964627
301704519
438994125
348390739
388772229
367227315
380129390
386547932
528417314
436443570
309282032
535648956
364254616
341795673
295161653
476968631
367686992
467853183
494284227
285602113
345634287
501723619
361013763
339159245
462305580
327038273
476513442
348675070
408089431
457226406
461012881
457286234
435421478
317760007
399451781
377889133
495192156
328417765
505415792
419941983
349279841
520066606
446770260
327690938
433428019
359986970
328520089
411226256
479754549
280920411
446148093
268507916
291718127
388544952
303487227
386205369
494771384
358269944
451703137
464156901
477188397
439789471
272140044
343627363
285931889
480423210
518746907
452600315
516925765
443606540
420050897
290966919
426642566
421919774
334418338
275364593
503525915
362735277
371998527
521700215
468327655
492108557
347407939
361495837
289734030
536824712
342512893
428108395
336127337
362930914
475283020
502628992
280823273
337079782
389659276
379884644
290968070
275245413
364382472
460550227
479033239
436264281
480972475
530208634
307177874
497818199
491465482
340402079
365516190
284995498
524762500
459542499
522497727
362936311
488167797
323371641
287596472
392165504
497653323
301056698
379561983
339104661
502488727
507001220
325837341
320652017
331597516
407805142
515402871
497276635
516298985
380329829
399462871
489114760
386405680
518315702
340701067
393317241
442741191
360188547
448107300
334239017
404240603
400929206
515680095
277673902
334264678
507786342
293746468
270282116
455392887
402989933
292509230
431260392
315774106
415107150
507929196
442589509
368930646
351799959
414624585
297330297
519762808
426639419
272490875
457876741
343151160
501717798
527503457
320853032
361856950
447898875
369547891
346219601
270869957
517626900
377325892
485586495
389833692
480488827
320622588
443520142
348017719
423727758
348767050
300244017
486079437
435762073
423357048
393976298
373585011
325040352
444428513
303242442
535158950
455279951
272643787
417077095
343573841
523469857
332098503
344633436
475588464
496812304
374889620
512903371
447328906
281099233
423537651
296240234
356265827
362406252
457137343
522084574
358019463
342862322
328941452
534641885
335504175
441702228
487292081
531601343
459222584
270268257
509739542
421642224
329010091
304248932
499439260
492473964
510949052
285854964
316817204
277037338
354553106
322009809
310243423
452078282
457104395
535361134
283159285
378754666
421365421
474591432
527478211
523417883
461184965
429941583
525788637
409410078
270293408
327597230
509767272
332337498
315721902
275600331
307592441
482451806
463944033
387272426
308118867
381534313
431154121
482929090
484586940
498008675
518103716
275531942
438032207
389898339
304542245
473839144
296295210
419061097
332465761
420760672
467926612
511489629
401852167
365848391
432728328
308852582
294280837
432773187
401260275
321998264
473382435
411122393
505070483
334116243
335270531
473617326
319579747
302397481
304091310
396439576
459425675
466034563
350720258
292654804
368689647
475848664
477397405
362047794
285108315
469155229
313997874
295190082
420020529
479105213
519793597
427851734
376143776
477537130
382895574
416382898
377327213
278908622
386783929
496551336
492475686
347706401
403749604
384670421
414767406
274758500
497568193
424993669
494876016
476725835
300833280
343629597
484338788
353709672
288617767
380748090
521648297
286863712
360101777
274811295
515353981
308457158
460125331
424013132
519070629
374019119
363571905
373216679
468450487
429399700
343313349
418694979
283149779
503763657
279926883
380374224
449311880
463881128
431157851
499434151
517638134
348073318
485390465
271719933
289208719
380858477
427502914
322697444
312835107
274864678
335863424
337204480
472413792
345504330
276528076
498217815
301116934
356780649
367283542
428761691
398606572
450928372
375486951
458405391
275686319
347878740
275943338
287455201
465474091
517199302
401701094
285986802
288748548
325431685
524091437
492004019
316261908
496336599
358363727
452149030
404316353
528980711
510416172
407575430
509763498
517726770
519073788
326754944
397837069
295570577
447466990
466254605
480272449
418681541
396389044
475486558
343944186
382707558
359109226
440710691
527231154
393575012
320878079
421177695
398059455
381049237
313756305
444395441
287660178
274371450
523075857
418963037
391240206
367626372
346708687
468368061
329054350
469581685
360484214
462335632
512725553
471292256
513320492
496959990
434412835
288698765
329421309
408402470
277557673
454275290
302168429
476867103
404139844
379921960
275706815
433737352
500346642
512901120
371166943
362966577
495216910
502471623
390735485
356064644
455574701
386548996
474735240
372058534
372720337
468684845
348016074
304422060
317915202
320754787
309932171
396747057
392108131
358973045
377233943
498494196
426120159
460690571
411606439
328828621
339108274
332093750
454618950
522302097
441723256
289971646
366401821
448883462
286164879
517170265
286709534
456408739
431210008
530846357
293453795
409069695
328430606
377912900
284916852
306513230
486126381
455739923
350029024
440508925
306226775
528155888
518217571
374307967
348115054
423645897
523712287
272084929
446646967
339625087
467353665
423174476
459158721
535319538
509071621
345448015
323421654
369382608
433294702
473270483
401525515
375596586
315315079
426104149
303619365
361674394
337027316
325280311
522777962
365542811
470309839
437129390
443386029
403471242
451993530
481080627
363270458
290392729
425164934
455570852
379434953
396158035
496937080
402307106
355552220
269417598
513125203
419727567
428530851
326959804
340383246
485139375
286733078
285882430
513042432
405564454
388656039
394320979
324878921
482091178
490477557
361107946
315876766
417908328
411728506
382512973
371647696
404719348
412590727
395825909
513721507
308940660
313593767
460886920
383526342
475661124
299301261
410671330
432368522
477688299
500110323
473879228
463690408
454630977
504365720
499026765
329851476
370635395
370063442
442374069
285139331
424757772
450108338
383619688
279761688
314619165
357326189
370515726
348326192
349132525
324992751
379319669
535937446
478043977
353511774
387302791
299827669
484056316
389969987
533162354
473949029
421003020
338614998
516783437
307444682
407578089
451273109
286267181
310914626
533113202
535641167
296288074
385203889
449410879
452122807
505849531
377448460
347906345
492697911
288396949
357088425
401587094
509404539
475749745
447592975
312369566
305145319
336372265
432787281
369164422
361278821
340168803
316349841
321321346
472959056
419279948
513211531
466537943
512884643
509570015
377050254
429754956
325050595
422681053
357428994
504937139
292810738
330738174
498830965
472213808
275040403
360496594
353960646
431000271
350813457
510240359
468738307
422430639
439282114
334996807
461994278
280756313
524018556
486497323
450574268
493110688
290515656
494387894
521105661
302667198
514514870
444201138
309008139
530825735
507404506
296114506
293792847
482258224
297352336
373023621
424305811
317574825
465023712
365325067
531446035
407486645
386876540
474463501
300495173
418618078
403040044
475987752
286937807
443993236
437705944
473569871
452594684
366081151
277690469
456002497
312658515
371510149
352790257
421112728
500306311
479361531
301245442
447430416
419826396
487031904
405489399
420923601
509992555
354016519
358153927
536299277
358260157
367566918
317221356
297512694
461212977
418927790
482987498
448446952
384413394
525074114
320363519
510627817
437155216
379385770
317604212
458111738
340868183
456853766
526387960
363459668
395731952
489659911
288897157
362237912
499069054
310211147
469567860
488507538
281237657
400370676
453389759
360901020
296881621
388463172
280569889
279222596
426178273
421320989
369364985
366827470
400776914
361867877
376821540
439474949
419684837
466762608
513054494
428247067
405886355
271373137
518890089
533251224
484315492
422184364
326237767
420187056
516791230
272606539
351362653
522749935
460439773
448174554
479654688
480256271
