537307586
695434401
589050814
772307596
594949954
644331863
798637172
630632064
689160873
645848599
646672219
570800805
537412155
570851284
719248318
699715382
752834893
551820938
699572118
570773629
700573550
629161908
779270448
797977148
713233326
558059898
705202264
651718578
563392346
574754748
741405460
658193160
796279967
703542436
776673965
796887545
583422373
717821173
688450188
724913157
606617531
596056815
639688433
714769597
657461476
587783866
614354959
767461561
790352326
597594143
605761130
575673263
666913060
723465732
707314250
727975377
658010851
559769758
630875449
595565955
546761985
612100518
599905725
682349256
800839939
585746660
803297203
729714097
682068213
726537043
577924471
741336734
539724302
769937451
643303946
710475963
764496789
792973337
797064124
575251796
804967847
747178535
619934470
693130324
593889643
801146942
625282944
705286935
557334380
637884713
669812589
556933883
640870364
636063436
539938648
726010231
703579176
671594165
540591173
636127248
666796028
659285042
619594712
689017138
706160343
544530377
672052736
606910215
633173651
711789147
750673698
765370699
645101386
546271187
611775390
733194173
755009203
696427598
755439531
783346146
731892898
780957043
552938348
726230990
723824190
724406600
586861638
707081349
615388669
617403712
597081695
599073067
581656890
689079420
781982783
584720515
651318620
617114729
641259444
568089335
622321131
705209372
769460021
583012901
702118067
762838808
633261853
683325743
803422639
584623145
706494221
662253909
630944545
616513483
579513792
709021567
731561808
592012226
668887328
550881703
748813660
762146464
711500353
802623219
543517669
620342123
750753153
657078498
568308660
560782069
665556479
592901160
768941464
753015061
538547263
556507618
675561031
685808043
748253494
768399616
594747908
756779129
777131725
638541216
583508197
538535643
654848996
573836511
740924100
717463080
647337147
545178792
784538454
644676680
619505345
701231024
546506498
587194659
785676363
692290807
633387791
594716463
547469661
789010360
800130523
609462278
592646478
719256059
673024649
705571948
769861533
720844217
597670848
554855112
697001981
752528484
765904702
768221013
684054466
601704444
729487818
651346830
626272539
657550936
542511641
707675058
723712864
541354311
578303174
751125455
790788332
784749940
804626224
794111849
606748082
580648461
575621501
690356536
694773151
602186053
641872014
682219277
634884160
750239411
666997816
803561698
671569773
696960299
683845740
719855725
685403052
577317873
708079090
610254026
620295577
541504702
680394189
623966006
553388750
771117167
795113514
733115261
727613676
788818387
703782261
711955815
763938325
747873249
607655100
684205337
777417291
761487550
685840717
580708218
745693276
585422174
729078034
795057588
760635765
606653791
667246640
554404104
715679635
735449460
601841822
540844985
735527657
610752043
649884294
708087096
615017321
566060557
789737109
687901237
636601851
672525439
696502371
740544136
539204440
623418265
789485798
596076965
662988279
630673590
712633799
559930610
546948042
759655066
552496721
728382034
713305743
631179346
690100603
735955278
731829589
675880414
661308730
574891586
613609466
720243016
770778000
677192381
562405849
759763688
620403337
569944782
635505363
658834903
572651302
680721190
699973421
630598672
690198992
615378749
668456607
645724980
672534944
645856538
631815738
616961499
784564339
560916040
596537235
648537814
731700028
765468431
734978107
633679499
545002573
745553252
604303878
680597768
547364954
653477866
549425392
746365264
769493015
597051348
729953027
590624278
674484804
656687789
770527039
564810602
549458732
746274786
602499460
767667790
612988366
704680675
568555847
608552765
620561878
614522371
722187273
707669825
774839501
693092440
759617561
569419199
686692044
596339911
702504729
721007666
770327029
578088106
565946085
791629937
581216143
744764133
740562323
701989275
678843254
556089461
633658329
800868011
561213145
771290197
795736898
714510811
796402973
765016410
574748170
585149713
756086371
651067136
705263557
740254715
664618557
670181450
624478636
677540982
797944378
638485233
687791731
651544080
683521319
634847586
582191741
717687274
743988305
599602606
591529446
706839397
603009987
569212863
774365049
585142961
621896925
618968346
736127030
627881329
685898121
720657675
709901833
608354606
682597999
677274896
752060676
584247668
608913488
691272007
665341467
738456209
710326159
677835425
642089642
645658778
783570579
796381945
797081361
797075165
745465141
625633635
586196653
647746635
557459862
798658258
663229809
589685556
763528800
704627064
554949796
560980613
719941713
621490108
605632057
575182823
791425013
786681148
721803076
677973818
653682365
551539349
653430951
739197335
621560217
735861364
574769394
589675399
795590892
671951605
613324096
588404574
713558678
657963722
668415721
623607414
687636395
576781062
643347293
762049111
698588794
749446747
797325915
763442109
592327787
626765710
588715854
635084770
606592331
752744579
719864401
792509868
694624990
784866776
558111596
768274110
612969065
795469435
599438038
605727305
577340734
761749803
755128530
727842063
687274767
678966902
580973498
576073440
556600947
574888700
796251332
700821865
651205081
727089354
693306560
748343775
797637097
563131306
624312883
594647737
765796327
607579670
754808104
803603305
648520775
712891327
634024996
712323584
582245159
784483649
628665462
603414621
786687757
675601968
735719150
716976845
610419807
707345011
555488300
791004577
659962789
605211082
675018632
783141739
634427648
577757101
554153562
796078994
663001927
736358963
795864044
667980768
661705284
668739765
623719398
766073662
755128416
606811637
556767172
748006590
550110071
700546268
645936628
779057514
682203093
707355736
740170889
604656253
642536210
684418745
697030461
779390619
670343111
714485345
706425189
760711578
621223232
743206382
655735282
570624210
739468983
624969567
671910856
752287055
729551609
766135926
737430052
654315269
757428859
662500927
728742638
643860145
552789876
568406836
642948429
693622924
630393188
786621580
610273629
601669568
804933914
759692761
612427560
600157494
629450284
738628180
576592945
558597750
621021187
546658260
753823207
674183611
660291401
583935496
663758406
605111152
732975132
772463987
690471862
635663351
671106160
691972660
702409709
568403203
603883771
752557973
697027196
565183357
788925587
651645423
761242834
709521733
650919541
594580555
758010897
636022161
734109771
800619476
549246446
593170582
583059283
629605906
771904687
585114203
748111237
780339196
547698949
783126842
551615305
655415901
785958967
573766576
687908377
537240939
726472134
791719580
732817778
757111297
780771648
797513588
593028382
687860385
700645859
737920021
630419606
697842742
634519565
739844982
799629982
555312021
695882081
625758753
575049666
579025238
570080087
576803793
550682640
572906072
594893931
778148424
676644352
794463153
569123661
601400900
794131507
770583640
646477124
659718457
638121905
599124820
803503356
550260035
727797809
679836878
750437280
804061200
671216517
698004169
601695653
708681687
743998675
630107264
766043026
568811903
713123746
660786717
746988615
688538936
611097693
550436613
632479846
728475386
606901918
562533361
561950187
714515438
644465492
766794696
662503640
693638675
793025682
703749233
704671275
755213948
554568997
612459458
773437416
542204904
747818156
638454414
752520775
786796253
655734592
544840928
624453512
539482865
580172412
574645087
769927656
719360122
552324061
722148610
803001151
805172644
661335707
619487074
563825037
683699008
777248697
796872519
586869216
600163271
748713703
594289866
804368743
702376838
742248861
714395132
742215700
541352325
780686131
749398664
595459377
637413585
620745127
664807958
610354896
676148368
703068466
593210952
559702171
638670316
789394784
585774909
664804681
567747088
803077420
595017171
679922628
685742117
554352834
804879535
754183454
788028938
619170398
677834401
545062827
576493042
794007133
701711768
703958000
677113696
560479318
686772412
600059396
537428272
758317959
696734608
627808289
769302712
765663235
662312382
741621292
789835519
778985085
699665214
579871088
743815226
588634413
673100921
693535561
738451241
738746899
565207344
587427804
685683323
538789886
722594542
642898436
594159609
561128202
731370432
661389245
589791505
605728998
745721796
723646496
674972071
733454686
615566477
722814744
791128939
574128397
700698875
606189428
598885622
576650372
729902706
792570342
580636966
671401711
746753595
754523875
770914949
615432730
556765773
675053403
564847107
698884766
684292592
763779375
614264057
671720630
745178085
576934456
805174755
722083884
615212809
780953251
797161959
580449312
670650560
639547829
757756374
568724143
803072755
578651909
685097234
544090745
592889350
554023255
635349210
557572874
790659446
541315040
693839428
579802741
728165662
742289524
651014849
552264668
753836843
661006203
799653994
599803339
544050344
691689727
632128862
683327531
617452060
672342338
732913795
802209013
770039033
559270783
743131716
615636910
770862399
699063159
695939757
784302663
604935482
632760660
620459256
756462909
664799831
669143430
567046727
572292775
779066780
760223530
768920145
650557258
638150911
574756192
693091810
751094707
757633806
576597763
536875053
644080286
682393846
738754432
755163496
761146823
680176681
572838282
668680876
773502235
727877911
702493974
803461164
767346960
610422428
779840395
680643652
761391274
563770305
734172067
620016146
774518543
656678038
755224419
749127513
562448301
787216437
573586783
700184542
735125812
557177271
607545921
695328126
662790434
738566529
801966586
680366642
765551484
580396070
636379493
570534647
657586056
758549542
687717663
745319408
558525894
623432059
563419108
539334563
588662349
634430068
761976055
542520192
598925395
689872201
700174884
593811624
709973452
559710925
770849368
658316988
786548386
716033429
546491756
778827239
678371444
588700336
714638710
627979078
693206750
804258123
674205424
791014126
681635834
544101237
615039336
610623069
776500411
700931348
636251052
584122717
764938259
701682907
778937592
595089704
790351905
577930436
702071360
708881777
563425556
598650853
585054603
578205070
650399242
720038760
638254341
680579744
595754838
747411656
751692378
582516873
787677606
721538871
613733212
798555805
642197278
741980691
615678692
796085497
547826449
694497218
548751252
679026469
593523634
670444174
682272312
564579549
563587939
728099255
573105344
638129826
722493264
777013593
735650746
757288521
583307424
702015476
771299893
661203696
682212022
699313765
539138964
618812085
645536619
673789605
661297978
766546110
583320819
552950007
615049775
704360090
582637892
748360068
793693437
691669037
647515031
621989863
691032948
703756342
671649101
713675620
580824851
654835624
760264355
592116475
766032108
770958038
670150192
590706678
723676582
590975480
688881612
617941480
673234338
751024967
739036528
792000440
656304034
595110950
766274300
780205271
734560525
707097349
652747624
703487659
731148269
745163988
762046085
795814288
622760678
672696119
791313684
631862483
755918129
747725958
703388397
709694700
777080724
794556507
668602152
599457900
552389772
688847467
670092682
555049695
789946426
746064055
709037492
604139310
552915286
577459204
638616331
551336971
786681702
754658524
569174418
765368568
794894678
700207451
774806933
616061458
784407384
680380328
624202329
738063193
683352491
549927303
634652545
648343730
602672468
777664061
591486011
566317588
545350362
649108115
565498720
693811985
596046489
681214462
765646665
793993875
692720675
608770127
740289619
623928173
748041355
755235390
538424484
603688088
769263636
661320088
595742141
637495657
565642493
746793733
710951991
692706947
689902840
669773340
613396712
781946629
611254912
706772430
642187870
679033453
643756976
635522219
777939148
767089073
601124169
766195507
749572771
608440412
646024582
703273434
621887866
624248407
738586671
712197709
615709239
735789842
721716708
658633100
653238809
623859577
678397073
694728041
573080334
568392286
752201123
548964291
736449828
694352269
734849628
792813283
561623893
706424378
739853555
617731795
603433199
554330851
748757404
688216819
676646469
604965451
605362626
743109537
578096847
746584096
601655410
612678152
776583299
551193578
582930301
547500777
553685501
679201809
704205671
757060443
615308069
777392808
701110618
627324762
778963112
745909168
803429536
683568914
804751906
641609396
604592124
796164113
763523299
652081428
800363319
684774132
646580886
743528627
600262478
555430038
689127753
583322048
716247766
585049967
630832100
623752152
606201048
670832430
625648651
669517734
615221494
635068843
745739214
617103964
625098729
615747492
550268133
634930808
553050287
755338991
604904604
731617306
747667771
624481532
728409147
632703850
778714090
736849387
622752123
569250652
667154076
601354945
760107168
634029330
758293573
562271700
708158359
653582854
699020395
586428446
602357433
658786951
566457469
782127486
599655674
582338285
680058950
613218264
552659066
803411819
667249208
689866636
804508602
699338675
650216134
645551172
545149884
688554389
697944395
543620661
655699878
647403182
622895395
638131318
677161524
595322670
694647603
600931184
707275461
805119179
783209465
769499751
582178210
765887289
629274876
762006172
705290825
577314387
577329001
690024048
754187901
554748512
669548475
750650273
626224022
744698461
699931290
669524721
623524212
645845566
796557960
538430114
541600145
629787045
630272625
549122343
597784668
613564761
689251777
545369644
632895135
586404211
660560938
661932574
558253934
775540597
762402021
652272734
802066350
669943844
624323078
637702584
611931304
785458381
798498860
687786269
717125972
732410114
539389717
731943145
736160967
599231250
736824475
762978890
755752445
722476041
554438784
632667250
704510473
708381537
559981680
723914871
741463114
710957215
738043887
567215411
613169255
686368784
790199442
711811519
560005035
645066516
545522353
793432639
595942734
561995366
750124599
668168630
727738153
664137470
626809934
663285927
804437963
729140553
750247170
717461330
734884132
752593606
801038041
736298307
609429804
684066743
539826982
537481094
560667008
727830135
571065976
561238545
799558855
671897481
709780037
717751021
731895835
583516491
614264593
775817172
777786590
551455921
670756652
730037991
753291952
710557031
663673720
610019824
685675662
542440412
679179299
718311245
587678097
783360261
568117872
550977070
626785492
609124801
577915737
776093844
737266359
731220859
681669680
757180025
631680449
583220033
700445156
537074691
699005783
628577198
673229851
562515354
595665401
712618120
793153096
606810925
727409852
597009216
596325039
590255280
647926459
676641739
740960970
633552609
660038850
771998103
677537162
663735921
566629506
721727030
695474522
735953146
737643146
718440522
611788757
753608255
585192165
643845067
556047140
704197733
643669947
619473000
584211280
656496887
774032741
733680204
622063772
738917950
577292989
561995098
725124065
656584793
722644058
622633762
685708499
700209930
795873840
749074825
596826264
636738877
725128114
632717270
586600870
659846839
638740673
615116083
743805815
627528247
543152144
719674701
560445516
787017468
713026641
656343173
727535802
805113392
558863451
573150053
719695422
560398037
748567529
682599069
691951463
630002527
674897977
699186575
543594826
751443244
800854332
769172318
598502605
681703627
606713864
574854205
779675371
751963751
700365524
732479736
805011727
569494299
626654815
621368920
796840645
681620442
616302017
717140953
641801377
793339348
566879338
698105539
734971450
742903845
576156724
739877587
661045339
735026484
705243333
788039885
641564191
712772443
724818116
589350913
801821563
676435632
716963653
640617304
690746859
568595721
643304514
636757551
786262509
650841262
584407805
763574863
782401295
695212435
761921961
725193941
602391551
722159771
746679508
579355544
611995762
587457612
587868111
662526929
538571682
728628014
729956722
682965964
734335242
697069927
764735432
637885617
651424223
663216969
756210675
785141330
776081127
740914244
562378204
677664701
734582049
698281974
684105618
721030711
696219011
603954040
606979338
557458334
656181645
636973798
574341648
671243099
673277291
778371823
796495565
717173327
782438885
768995775
620272370
731759724
542857180
786732234
627320704
580148243
684676543
588353225
631978909
728362374
585544863
679563764
803803464
792871693
546110248
586502083
580452510
676730814
628684123
749783638
688253080
741519018
634742479
616659439
709910587
652719960
675809063
548606829
598214385
573873556
649536700
705457176
652416780
686289911
602575005
638434667
703097853
766631923
797248231
757839444
718309540
601149502
620895191
702127057
600773621
729862309
589606663
675593377
731679277
602601548
645912019
583857893
691282275
798855784
703604115
588359711
792083796
556243102
647915807
691018515
575063643
782595865
770786317
711162388
730349847
560721455
750976717
623367638
648075333
686313574
769870116
768905727
755882741
701858103
612643708
749949120
662830252
756264166
620602060
706697889
651436580
665288386
767058880
618012262
671472784
659883004
591604135
633554339
575791694
653612391
594292778
759302773
722791909
639823140
785879222
537617048
669236117
683201928
704110944
769422209
727392341
745223759
668853493
796713516
656044019
745168018
600173246
794285453
657493846
591082532
665492838
598614827
797961455
776690270
761337761
786148018
579683511
553067235
783165522
605249465
679949981
653313429
669589725
739958698
647279621
786272813
595143316
773687747
790359868
803508420
615688874
707976366
771450270
716927542
707471691
742242786
722802559
701542297
598232957
754362089
730179381
694418023
586403463
539854994
565517313
797092512
541581060
646728163
698478918
712546596
715112974
638542626
640434830
646012266
592959088
714864185
760570200
699494724
601040687
670803403
564279633
640301795
564813306
796273464
766209181
539043444
609471008
763503945
704963987
728868870
777414149
643343038
741520235
557522223
750234862
653014470
704585578
643018863
578955257
763645913
557284650
624154889
634104646
698528081
635357041
678215231
733019755
713222904
738864102
648961423
756966856
601325554
696398648
784808949
701194878
591796283
793261556
679708072
691993603
541970534
577729553
537386644
550522610
648155267
698009272
586596558
563197944
662846478
622860319
656399543
541520411
580710922
547593263
546157152
576027072
736206455
683663619
585149638
688020175
637293709
785816881
573535909
599202528
718139285
547880468
682951915
669305948
549798928
784601559
733125629
677815485
565330747
684630629
640590873
588429285
716046277
546555863
571528661
626859080
589573631
543290866
543084600
605530886
694149822
539448146
732997613
662359759
622477734
545060634
549119699
656335034
741284764
625120996
560902924
686763545
713724879
700258435
554763406
788640627
603849662
581832504
687979768
592438768
711045494
676425231
576915407
616084166
546894075
619339725
778416174
672849495
796252544
761315392
548561520
786283143
581525881
610415768
748906124
797337995
772918451
587252090
769947504
679298158
544609756
552788106
659917730
609793660
551417151
769906494
557711531
801470850
765580906
559042531
597484139
677039504
796028463
561961791
640272009
695699026
747021367
570694116
585399383
786605035
634291239
642186129
798094829
697183991
551694204
706164864
606653188
799989186
596560712
665655333
541455985
550828030
544759684
754204968
785979688
771564498
555715546
640550306
607120723
612020895
566286376
648372631
713069569
613632317
588920873
738927357
731306242
697639015
762787971
748366080
592262556
674720000
553334082
569472596
675396949
704076726
739317850
675153281
545996581
641787906
564281366
630096862
774793247
700874030
640127900
624794679
615507137
629628598
673001651
612376372
642654589
757872266
735230021
750027988
801583964
709965696
802374367
589376531
654788848
800029310
630694851
756903866
584847732
631063346
684251062
618823064
615459135
799572528
537675639
552107159
679310306
789258016
789221547
560460109
603445953
744280753
598185975
693861273
696883357
642284511
607129574
737876683
629312865
593264241
764348161
551384034
771859870
800522104
660488086
646890622
658374458
628483890
677784334
605227280
601326517
703335974
561761858
686902762
656839383
627621277
636760305
566484520
653113150
701578397
661795572
786356514
739814587
566396318
614989982
800550611
664975763
723294353
596208594
767550081
682475468
584196514
570783599
664475573
716817175
570635659
798734135
793457079
790145928
683227235
544243996
732700637
638780336
632814637
579308243
660499331
771053558
643541697
616992179
741737398
577262797
739669581
588475115
800269275
634591670
718715409
683869698
760742482
773470608
583737290
718933271
579461736
707048894
687515594
557058455
560594682
785310159
651945637
582937642
568809830
585750729
542199333
566007827
699439965
598072968
751593518
552413504
675466525
780013620
592121963
583538789
710226277
689367529
553789573
724339283
616627240
750437234
733577130
699292939
622875344
787813031
644881826
758108199
543748394
611987326
624312786
683115720
670961835
558407941
606356939
792955759
642787622
689408811
695041785
768568382
595754192
784892050
585545536
538463927
789245744
758084445
776826308
684921853
769637076
704197889
553134133
616923956
683600232
613791134
684888228
551096837
667643724
787188278
594447214
700293689
797181810
682890260
685657319
662065604
583740514
703443335
616263232
628263186
765021390
759254960
575857460
780622896
761976419
691846754
677817575
602637655
742059952
648648995
639136140
798146485
701832245
627824912
550141115
746155427
573006425
539070410
754952711
611403781
543177113
673319344
550004290
767335869
682431316
778090711
722303415
562217209
760474663
785091683
678054508
642024984
766454327
636934799
656026463
566910183
564807313
790154701
544494866
674542306
767701810
750775738
659900594
704374670
630907886
776869624
629300899
630648443
791995616
670755382
614148043
783647041
727386414
801566810
591614682
781216790
651086965
785137903
745531717
720812681
624323976
774701803
565993373
735354821
641067633
603172207
552165851
792039859
555068696
748086935
622399764
711266043
671530895
602967449
562432216
752752136
684897707
699162897
722832742
652987771
664548470
738691706
624766807
647551092
698408547
777900658
743705167
613287775
760621368
693086429
541249725
575644471
760408737
602660935
537845820
595713664
565039298
801811261
607066348
729343266
724456988
556449480
557420723
694056253
669434984
779176580
541403295
692445717
662780888
800100710
546535244
645086682
642465034
787252126
609263599
791642318
629278930
652600979
641044346
676769510
772975455
684763065
608643783
553906200
612082730
768917343
621058240
729420023
672482889
610919789
781478046
677285837
792981315
673557159
800142681
730142531
628572599
641190926
651570186
551333235
654346568
655309656
663278680
664236557
797640567
667953616
733817509
620318346
642686265
753105475
773207361
674740747
764269495
771660020
598252231
629284937
765102975
591683481
632798875
620701224
700862576
693191431
738543555
567902642
763857612
648249646
683709474
737093481
751188984
643984953
741200348
789505064
572037937
669662252
688684106
708350796
657806713
730733303
721701844
698259450
574717309
622897459
569812454
730845870
575144787
588996084
679732129
791710167
579085203
560835653
723899592
645139980
628237015
783714432
642197913
730132028
629188313
562502076
795504230
736718031
639835000
774124221
681096535
783046434
729029426
696477755
781172043
692140264
799269172
755988531
559327908
644739615
588228337
715177234
549248654
633390743
723482796
775145268
790311636
601145366
618473778
733181135
588578125
801925273
589775089
773746242
538824353
647196474
629473472
542325912
548303106
756420683
803956870
638736770
554747644
608937301
776058334
563048538
772331161
630978555
799319982
784790404
568688127
540873760
623816103
676982782
568629198
625680539
787707811
686756439
782226043
702108934
658521530
622813772
677319339
637499104
581661844
803775949
571930578
747966516
761070892
578332511
558837859
627189764
778910152
800533032
640980455
680512605
549875451
609454210
590029134
602460766
671357218
598939336
629415371
712610562
602048317
569112881
546294114
784469041
691548764
666914826
645969470
624419500
723676933
760778714
759012274
610266118
701866670
718935248
653962421
629858805
589253514
566017845
589879521
634537103
568906863
687724243
625711019
680366563
713785685
545819248
753231170
583286756
612066539
696849049
709955618
588970431
594903854
750900809
749954045
658129731
636547453
598601825
709613410
684370554
799859247
539434121
704109596
763794570
614877081
725436991
720937936
595995665
645982191
738784171
772095667
639027123
598091013
705503390
683905335
674024888
680716519
745806217
731930938
553165673
784595561
787332025
804756227
599822073
790969521
765678934
742272114
787575637
773962828
667137662
679667641
554278957
635170128
694559971
624476909
800789527
710591211
551083155
724583256
672659874
786801582
632967029
783262227
795494812
625578395
652008825
572874288
704740071
712265558
546043937
783733878
610095568
776361642
703219754
804329045
652204385
731168840
581210389
733106458
678231940
627200112
732573224
677391154
714662779
693571788
734665277
800152312
570938048
631987166
573785578
700537159
730765516
650712587
721693371
722803166
629176010
719261671
727039121
774147559
589985860
605936695
753231154
744765064
718055684
615271918
655670959
626859020
764698013
590322097
797766928
767972367
800816770
549383182
651222792
718984741
715878711
621900848
657228289
625064471
550898343
626784473
617260787
759717355
766746334
797094829
791850358
682276220
730813410
717900446
575012349
756131552
767832619
667285157
646315286
655084005
680148549
586883516
573901001
635454938
634387348
689167450
541169594
581838667
669305481
779782032
697396392
804530069
657010838
679782805
547127617
605201242
727390267
551558764
710288877
723538044
548287516
637474603
572862786
796845623
667363376
734351483
758721483
540115978
663477038
710489253
665603175
557974823
579487094
639999780
577155802
586087442
802592113
740728882
656520676
633228756
668945912
691505848
583686347
691127346
640239458
747602365
680481176
651848312
731854149
685186912
632864740
698856949
582918208
602473135
765393386
564951217
676411480
766267704
571754796
746170806
575735764
622898367
664173544
664179039
770365034
626870085
794848780
574120658
659694450
614969963
740299054
683464400
707441732
623028065
677562350
586608052
720314538
734296204
802411897
759542626
691328402
572242907
730293708
544089498
648016947
713984177
569756918
757717247
702393815
652850428
608868857
643034165
608178257
653989896
682547771
576682874
549741659
784469235
713338983
560832729
736205905
739977265
726783742
662085532
689596127
789099734
747350940
547783179
552070524
776757354
670926123
556090418
542245315
603452860
741474495
571024019
762599493
600814661
639655084
677018519
658905522
709925342
694864261
615790620
762629109
691510206
675644708
751432666
559415148
738561201
720284294
654167844
592900945
703368133
598822536
744746136
539657345
755801034
751182789
565932085
579525991
795556343
686644820
590005343
575222589
551230719
683297397
724398369
692633942
770237886
628995633
746954912
659439802
765393507
683953790
613667873
727259120
687258199
607927288
757302510
703197523
594352093
581878491
644835021
540934377
667319458
568170126
578399387
710174660
552537043
569714741
678311255
744700781
570679870
619145620
692742180
660200133
565018816
650995826
612629145
580304806
660020692
692259604
666593759
705254862
757208279
769691497
783941196
580097591
576222894
698927374
755493975
738875028
667939643
634690263
584287279
777046608
673552706
555364026
583269409
772042005
622968812
573288274
588398734
787819401
662051229
600700343
738933387
770868786
666636171
538081662
741985384
612611083
770998879
692216923
647989975
643723921
763720115
568047840
703410239
730905283
796679038
645416441
664737411
659292781
539791204
703710934
740896247
540141094
797821559
789031794
552019840
801876403
739627430
669404076
717358186
561621992
556853270
618616472
571632285
746800344
610974721
687203373
759425658
768790638
798542015
566212520
650104781
631836754
732649470
747094605
802036885
581113240
686024383
654708822
786972227
659936222
752588583
769271478
678866828
581055315
761635122
769844270
714358485
549620454
607106271
714134687
697389036
634395495
536996341
793771487
776195615
751269322
765312751
782385337
798978913
674292241
672710966
634954088
568986752
616393628
662515711
541599036
613957085
551934144
745382519
667324684
644595424
675055008
796751115
611603067
728793543
679324404
603340805
707663579
593904739
619821840
749275418
556985680
547327684
718829556
657631786
730295619
724344984
632296884
669311357
653316233
675285005
769408313
790666908
675165923
763606116
721540568
641589480
646088123
751530177
727884702
651126066
759560243
669347552
719334462
761001801
599373344
656497515
652789266
600044371
631305269
763286474
770988827
611308508
716419157
643633027
590331443
604264268
717792292
562077473
616586355
742444263
652887056
730614882
677390236
606518999
723520970
688625155
692588379
724493670
711915354
719003443
643615194
753625127
723043117
627847009
647609924
550005413
580772002
711541483
573711018
746214398
544879980
552724236
773592771
702696618
584253462
620931801
603873487
649646702
708819051
614288280
671699407
686064873
781565407
597241763
708897444
800075756
745199217
786820461
567905655
604657289
755057644
787572090
591414704
720388101
717280196
754303327
607775412
713665379
687374120
767050095
564494166
623591289
656739922
553595809
649833396
551671005
541147734
622906847
755241997
751240669
589749979
613942189
738265421
751634119
593896549
610347826
750604675
670531166
676728500
796724622
765291450
692407646
651934753
776528104
713241818
582907596
607598697
619671178
679282445
695088377
763161541
669112437
647462642
745053985
770915971
549472095
690924229
646934879
785835668
617627835
709042522
733252703
594189240
643010716
683085710
657874424
804145904
584257414
758255435
709993201
574743949
763018451
738586992
582564733
692352510
654656574
612389734
720883206
793819790
802796055
617188374
726914808
606316885
772500309
686469697
763569931
699523998
633952005
615994374
711242516
703970892
685165611
605250510
698809570
800182269
718638162
728515096
765896545
552491383
662756914
751114769
582337031
568762270
734578778
771599258
693124400
578699067
685981447
538088229
623690248
673342093
549058375
679010333
605098910
644806240
765561990
777303939
723454720
657834660
602682723
783440459
604719873
650855137
795983539
693366072
723590481
738311974
687728826
733022605
588155959
610753253
569945359
595311642
589085623
785300937
552842578
786271667
778578559
573008153
554557585
711943210
635632376
670672394
759270395
718761004
802127599
577669914
599492111
769039302
599440934
543877030
610793562
748091059
708820546
736216864
790645715
592743471
780736547
629202738
757145562
700334496
714622065
716693855
758201185
576328997
767114117
626976450
577243852
731178923
688003782
687724823
560437274
637154523
557118723
549454446
648720460
746613610
593368118
739411110
561494650
688494403
702347624
684290957
688153246
755137419
666384715
545707770
601921308
661028506
606943731
682556652
698004861
716265788
707782073
562552537
631168665
637903094
579153023
627437814
537113165
647519435
573999648
582624570
601673236
743085615
548152109
562060191
789097381
739691788
611325998
722732891
769741544
673401896
741062993
644037853
657536748
649573645
619464919
781810261
675547736
757699578
692032588
718139792
767377174
552567698
658483534
709506871
543927990
565803171
550182941
569503672
607194669
744881198
607036980
691039106
727163646
787185843
766148239
777120671
553966499
792306442
622199963
609824075
801522558
600632121
670438496
548132054
798858176
694252658
683649231
615383488
769876142
692670258
547781244
718485852
755881316
791492813
560321636
690611825
795081123
702582810
579833658
654849779
628731092
636119796
567733624
742770356
750689173
743906185
674952905
663288811
734231805
627629885
698850515
579949317
706259424
618619149
762508880
665496280
730004245
631380294
703815226
566254898
540207189
697775177
721689050
605117678
711460365
759025676
659736451
562444417
706901351
799420287
659100297
799281037
724905423
578674872
728065443
731431442
797993562
721225466
798781266
538557976
772753096
590464627
685626015
653812089
700857442
801828130
750930012
652633334
747152525
693767072
772504844
659610418
753157742
559014691
684066631
573572532
703499224
765888079
550819944
778827263
765163039
728446070
719394878
633913729
640294437
579420848
724571683
758415989
599559770
559131747
730612816
681542209
702291534
686997480
676255274
593678636
613956390
793690534
658990110
603871392
550263505
551329369
654884614
764370533
710988993
603189255
545243094
669440596
587383386
603750439
687023154
599705545
720497984
591827068
591934690
677301481
794502017
642491025
749583399
698621633
716633681
548885920
719797604
778950035
694837123
803092857
776270664
748213175
586766995
543200754
693274253
731777882
698160123
723587481
760854780
680488476
778978734
745214297
689801767
790731512
603157613
678864124
612103824
603351555
539866683
763086812
777905106
732291042
598731067
779327111
627893369
704994302
741273514
658208306
618575740
693840800
750414899
645969899
671950891
801703362
649077098
606253275
644242910
725774795
572091682
633067413
592054248
756588659
658065264
741207144
710705436
698449323
661485263
614863766
570330266
598118326
612905407
668282062
661564841
709426328
777339918
713364612
729807410
570365379
661521256
797985719
650051375
756301084
723060730
577371440
671605479
580399762
802399318
786598823
558861357
752603170
792813602
724094453
562303913
682525798
608886692
661567851
773162124
611719698
620660199
755347946
576422504
731310179
752523801
610759260
738974693
711909848
637871932
563620062
644234923
615725627
643756388
753069857
658107899
751133716
761122821
778491300
799967730
733607971
781779187
565384332
784002500
615090009
699628293
596581804
653232088
749659259
562263760
708695720
767999870
611813174
715437073
683055307
799827828
550727633
554872988
610917473
685169605
625912900
729315830
753069449
601381451
650584256
624785945
664746798
737929374
804277194
705137028
779011442
717528935
559750056
661843607
795439761
558494943
639925812
623627907
787026405
758924848
601899803
608560971
594980898
726760567
612232141
609645099
607875948
784786551
548363851
642149879
662689702
688166837
727029663
612312872
539109788
620985068
732286828
658847768
569828035
556483468
606783264
719439824
726948661
586139432
801881065
592933026
738799758
642626580
585287030
765182056
641774088
755972491
694303679
800437911
564399708
605155364
576268492
744367183
778687021
657738358
657978121
680901787
628111292
658686191
652073796
675361834
566267553
589619549
769601422
734562867
553746166
755002099
729973279
760474114
680604225
674092609
579079603
693484655
688229116
555212238
593516676
662910223
740807861
680216329
721208132
673461989
751489696
710535642
685354543
751201573
599218438
734508213
577562759
641560927
621421859
595087481
657213493
638805393
718397344
557641724
678351499
747665101
551211194
541511827
588863710
679174150
742395651
658051951
558274548
584747192
774049725
647919777
618421795
741028837
768055727
754628563
584502730
597474084
733650466
768547460
571479092
620249823
754024082
684802140
555204134
742177652
799768904
719589511
543553964
779721345
780100219
784273190
701556501
566481905
642053982
673957742
682818217
664765167
654427538
680933967
685463921
796243916
757230300
742383714
574704131
592940257
710565035
695093985
791496657
538467289
694121793
653008693
741524858
783300794
671856184
714547276
695164999
612795731
573811506
777895592
783923447
714598422
629666592
794822382
590511895
600157068
771146237
765316004
774210901
670451842
592817848
552536994
725211508
742960911
725033345
538703720
756687714
595748454
786301562
578426673
693308811
578033108
702633468
682355530
546499076
789962242
656437557
667165862
777314096
778380987
606426796
576987631
752188724
785026676
780958025
719674317
580053202
578058893
687769551
699352911
692444203
771190087
696515499
692020708
569849400
575183385
619928660
684722848
789771868
549327893
744603518
548839730
716387454
647941410
626404578
707797304
703313990
727677621
558556119
646073135
537655913
765784020
676294322
591196600
699393752
700412601
755355798
727589516
790474992
751615846
609754831
793571637
802189097
740069310
600649847
736100428
715521417
622796126
623163468
581762663
677501197
653758084
564046459
613284597
557641191
697098575
733954592
583663787
539117290
719533958
628136362
598915913
658420396
566422414
694064158
585395317
635906964
720363101
625027641
570969114
621167300
630842503
635426745
653885268
682513989
616914273
575468352
794922208
726865143
653155886
747780148
708348649
622093718
725585371
648473327
710871063
567906471
694112611
547677397
704183498
602243267
749047527
692796642
545979546
633928668
548186547
676987637
785969256
591729157
652349583
606843770
753206476
659976513
700649807
665169396
666664175
686021232
683546704
537487767
763532952
541343456
712530076
616751101
632992808
709736576
593413641
583550524
736348790
689954170
782878333
593444211
736847297
653311339
692054735
580485753
553330140
576944418
586228490
659941533
705018478
709102780
741367662
753104705
587824948
659731083
788161358
714156985
785251386
643771047
642626260
595927543
745781441
659372928
771293465
722785369
780067598
699440041
578298609
787740814
636456472
669833835
558664907
554824186
542949391
679555504
665302325
767537391
642237095
713312824
703721241
727258572
558503007
794722905
702541707
635389511
783116064
727725182
589715125
612966151
625138970
680649698
648241273
538350409
719902366
658067788
754119955
598781734
777470889
618235883
669759720
538134647
605769255
760880349
740972520
675008816
607865406
659349784
596204088
624498127
799331694
752544813
625984497
591368496
652729129
652960886
718776308
676547871
747751846
737424330
636809743
640230121
626490214
787058166
678478780
766431728
773465539
664529840
630506670
565745957
735024903
748958200
683244515
613245822
761768204
653679995
574657893
656483683
588996935
622839721
639260635
734106296
542618087
623828642
766686577
734567743
673852674
608952512
665235808
634134767
650126122
638381117
559552180
636087809
597595269
587165616
609430341
715872056
571082363
687918569
660219329
653887129
544226936
569530359
660187852
708017694
593976209
745368648
782161243
570605677
644790931
691225265
560842034
668355926
654080648
678637451
770701427
796927851
589394678
695194917
803999999
582354418
608942393
772804205
793655781
591141206
740931149
640193425
794020629
658007860
692030256
734657771
724059280
725648567
739751030
635507652
610181208
572811017
763874287
707775760
555043436
737313002
583087542
796815016
669472405
704915657
547360850
674515342
588948831
603330300
725400997
737515794
682999908
716313029
728724108
629182810
649241316
778376248
536939266
601642583
755685839
767217180
595005013
681632368
634850033
576975671
596545334
706367014
775425658
743519770
582400615
766819156
613884006
574712986
772383717
789404351
776935382
711654158
745217295
694251342
558757692
789260930
655671946
762018463
722878283
544238927
542375330
553786119
748930018
577607276
703345506
540746081
595958311
595279396
692716636
610925509
658445826
725781204
632175591
547910523
550602195
723718280
581339234
592230097
796818007
586787204
780677876
607061321
672703826
634749289
572015247
797466906
790480549
689940853
703755775
542534573
575324627
761838520
717086260
638795858
583680271
773159413
586715786
554010073
669185021
666143414
557419896
652838405
602223814
544377997
683397322
543916062
745081776
645180480
768634002
746510121
780519336
678025625
657469427
585959698
797703702
640827757
592108557
798142172
671467702
778209913
770807609
723438564
649735487
599820322
789262274
765115878
749534725
763022406
614145702
710985340
697583564
729252437
614168750
762624925
729568283
659180106
615350443
726300942
745021419
642975735
660560476
732294346
631639443
646223394
678097583
784886774
620359277
686523761
781445927
597743416
561397515
643665595
619090926
637632801
655031995
790758787
679548065
625377302
754922560
548174784
649932919
694864382
678214611
696911321
738750942
575019537
550657970
537389899
592577253
691953290
617110581
573405992
646462460
762687591
734181542
648556124
689002661
736512200
706846367
802409055
677527739
750002646
747965155
599346279
548605558
780977903
631353250
643039821
551815735
733100102
748379045
546088456
749300761
777545269
568780405
543691755
717904092
760274628
761701835
634081688
645152619
799584388
655697117
796053256
735844222
687226132
700785807
648761968
635385005
751404781
666207955
564930079
711654976
698813998
671366460
803749740
572973239
798884512
551962452
548088945
594531040
750564683
663448616
789574359
784075291
634242567
667994767
539766390
767577557
656682733
550762023
565055535
750182125
583113661
750648858
607740582
545483596
580820532
781340776
690070601
651350376
761818864
669291751
758800505
594112348
777385363
656243837
756870443
665995876
770289213
674542515
800630169
711656391
754960370
768049987
605598889
730478771
725324946
604261007
588484338
662596787
556418716
658194879
618652697
647256608
681959754
633562498
556534332
611662918
544809283
748850636
677415863
682819619
803670541
641850537
692334091
596631322
725436096
645194831
756559875
658402885
580079661
624980531
554531961
559016031
676168145
800237133
791588472
592963502
632926171
735824417
592365231
649085901
632713475
630710215
783445689
596585836
600667200
771454664
558023284
629566161
632348107
717165157
719574483
563107241
799497389
801811486
713123838
762507579
579963113
694165535
698376740
594890373
752194736
566774902
743163971
619779203
801364255
544461231
697504331
794398169
568856541
683830377
579934082
749906723
546582972
729168007
750764983
678598200
720526515
621128805
665029144
743450831
620934037
634671564
774475710
709327652
580993951
564646947
655205017
593361312
647384652
752551286
547018979
554916180
685110480
561987664
804948977
542291521
694856695
575372926
679082134
540737486
652390832
723595972
573852545
650399421
790436165
634334860
794895171
717673082
781209504
773714072
675126843
551689783
653415557
544011890
664756409
573037445
629901301
602783038
587797491
786537746
574512481
559201257
537933994
686629952
781327898
598035453
779839824
577024008
602926262
682012113
557549725
715178097
593184530
579189402
701152146
718463153
744463757
667713671
612708786
772392967
632560089
612871496
725458288
742983189
695314479
681081165
772507521
558876176
568778714
541492761
790681985
583904152
750222390
616251541
794241355
784484755
539226879
757392802
661817677
594396710
650314796
665309979
760972548
740637316
765288087
558122965
682783474
641052960
769341247
715009183
690568480
616183134
667532091
682494378
739063447
611518472
684767269
786177302
610003562
553031462
755931709
803414117
598330816
682021752
779490315
668555882
649074140
672915939
627918112
696852680
577685484
708958485
537122527
604181487
671477962
645497001
602483140
755384072
636133234
782435750
694350380
671574444
589268883
758559375
570749017
684529819
703481166
612445907
602617504
569895634
547477352
590410750
540387836
734110013
562631300
729447116
724112040
664896285
738335807
599226401
766706213
718688432
803952405
736912350
740365758
618343712
606001300
771035112
677150405
782827040
583601271
751254214
686452089
669472894
633049020
566687079
760461599
694037772
641015048
785400486
620035986
543460124
566250684
736337600
538375249
710951637
601266130
752318356
604557247
777826364
756191123
690996577
677656408
587760140
750730417
558894986
601387384
592099197
669949918
696859110
668045660
655392252
570259216
785940001
560297907
733994860
675281958
603423109
754967080
743882771
756924767
552239010
759366954
787307491
610627604
757314161
548030209
779696536
571147536
590209830
644847646
793372708
680254726
691712523
697367548
658391317
724308964
715855860
625981138
755604442
544128008
752805927
584426357
725057308
752006331
760079104
646361124
662639317
542578021
594680428
744387741
591987456
601269741
691000385
796133729
752726575
719438792
796067026
692867023
647413410
539311825
614096359
778622528
764687777
795155143
559844612
698806294
542240487
549380428
766717693
645100326
720205323
543046092
653944435
753011947
650437298
549309342
564733659
795514465
668427919
672678226
646660830
699711432
595952487
538060248
765401791
653979742
543049071
679750666
731878825
549683360
690532316
783487248
541263621
761556567
715376794
593643768
746978839
539184585
756360219
586484542
654703919
749764328
632808746
610401770
545661188
697171705
722126323
798825438
744355033
567409579
625316825
660814437
656197298
730079676
633255580
553396151
569899963
709245531
766776054
697692731
705156437
674311014
766909309
569568096
749729223
609161474
548785141
647059040
637069381
657221210
610757877
733916847
612813022
660920623
573080512
589906326
612478381
775501572
691183709
639663974
607395336
704789091
565219718
545253218
562800619
796693233
700823486
565187556
789816728
744037404
713726212
697168696
744222557
621917245
757559661
646821150
594889444
670968455
573051264
542487675
659275867
704669263
792934989
784152802
749385433
665421498
746986885
570959354
613778506
728209441
556893754
665254966
548436660
566569449
799479693
713883999
586743639
611807211
783416804
578730423
656529621
791220266
633414193
762020309
585621384
727499201
567142197
631316081
651812467
782165967
735122395
702692297
797642851
757537822
572837664
704921976
643980536
609210597
605902778
723045254
559811663
545495517
702475536
784750364
696017682
744256129
722756710
782243382
765474294
704653783
725397653
788519278
603356862
708296553
629565559
666904357
789722271
797487966
578717215
776674554
795537026
537690609
575762638
595745726
555350723
595023670
672054907
748366486
629969814
769846571
585521104
629284550
566682455
646139277
710878774
597714723
661433112
715779335
548506414
635153961
803432137
706961137
672212944
778565037
559631785
777959600
552470256
581025495
643683016
601398378
662300213
761471689
558899094
782543322
543058270
610073923
621061583
589019433
681865698
718819631
551852298
732925541
651525759
634043745
562539579
802090986
613892362
750096367
712236761
802052691
550841888
607445624
707237470
676025181
689535833
683515772
634325007
784577584
594660235
708890476
569040095
770789528
652491328
772561496
647719934
562845329
661405884
608597804
742633532
629170775
668527580
792498010
720838036
590080671
634796382
797752984
751780786
575747756
661381306
709119022
671466185
751902070
702859860
543352275
654151700
612547578
689783135
716704606
685444170
599852483
565350639
621700137
658567298
715847519
720033312
575967985
539605743
595679875
756877292
556197582
571696997
559543441
591877646
748336164
746734202
739513301
550171093
793457981
802862151
674190811
744379115
674951112
737469178
755507381
674807889
767354268
796480005
780656321
599223147
762799549
719694316
656839961
719406476
621931087
638992618
676643011
752724234
563598774
582056131
726290481
596480231
667162757
658208761
702915836
649815076
659726133
548918593
692312167
585307801
714396276
681957830
766835062
661118546
542387759
695181331
583769337
702839634
641898162
759707115
747534991
580808411
554764824
690794847
734652393
654618010
656252855
570162894
802219475
736656149
637561084
646937503
607830210
748715156
568903725
702748601
563151292
560237245
753187867
560685910
801260961
569319198
577141104
755837137
733875222
591299112
735114846
615106737
665984897
541475016
640652678
715134292
557692906
570637148
653945710
742824785
562618668
620166024
577412581
717042015
591669691
772863551
756249411
775683644
576698929
569681922
725238125
648568554
561833766
602366392
559680349
570715867
585856392
569972994
697301714
699996358
798421312
626865889
537687274
746935158
739614262
707201791
633955040
584886668
569640983
656711566
723211575
554480343
795298131
748828931
640166708
739623096
743014619
799551107
551721648
762736044
668667745
580879589
655903734
758784079
795068408
789880220
668085618
668519539
555556169
736951608
717263141
753589124
537195416
560690819
735863846
625375885
603539002
664444478
740420471
707955703
573254841
664698873
690990178
544996420
692786513
778183832
565512459
558938907
570150991
581261085
656025474
564139956
729488085
565202081
751197008
718414043
683225159
743202361
732510060
641303769
636484617
714989873
676771290
703373654
728866197
745987135
605332065
639895246
561048200
786400074
639412612
597839568
575667940
774134132
607694508
688925215
609713492
792408139
696033462
615647949
755279484
744465601
665744417
572955715
622892877
610554420
597802754
801132751
591406580
705412637
719685249
617287849
746353335
666422103
551623518
759989830
683441333
772634430
552416216
703525747
657844512
626519367
583242838
699333466
659466492
801859250
742567982
652732716
675466906
638372409
770245267
728680874
554362126
697752956
657774581
695773917
648828737
626195549
633886067
548583324
745864002
545331769
586393209
566221485
652597338
733988230
680758039
589117508
596512028
786910928
598692185
664571707
654872864
603354143
590168096
694002259
662455793
781336639
607394350
547161130
713634681
598426784
564717934
545005123
681545597
743890910
590805089
595679885
594730459
782171267
617037754
592488410
559737375
563989824
614179657
685593655
763041900
580593985
714780476
633180557
672708397
691206729
644192750
649556785
718472754
712573743
611695571
661591572
592910078
584784482
537709992
694390231
740656444
765398804
601527321
542917643
577455825
559816848
805072110
771666181
730753102
575149410
765626902
642684938
722671755
608144536
701689032
667174619
795868665
596162854
614301920
622189653
778012872
651856872
698022152
599190523
668925740
750011055
622801475
785882079
666583713
639629434
761658605
760039951
748048631
747668057
732159460
706382261
756174386
678069531
579762980
780597812
713865540
732362584
679292130
771518503
803848145
632283040
551255586
662556047
646316936
608159644
701591672
685786901
655141008
695770991
708973735
559716654
764532684
537256975
794805870
729559905
784758679
711486192
692586208
700729378
774373869
545058424
558208866
768443845
642456114
657177397
710109837
736021698
726451632
549413557
747644284
566641253
550900935
548680200
655421959
602604225
575427462
579010317
701934170
663213827
769773323
570111016
591583453
572146989
632534120
622682055
667211136
646365736
733816857
678937906
753488208
690706927
564157015
640180260
627547178
592895668
719696587
620990491
681950372
748781239
651084457
754474084
690520792
610715570
745688691
731011440
754046553
747600699
641519357
688161221
733280254
603095142
669955348
745197872
748424518
773107498
640044001
638521651
605888330
636849938
757657186
781045705
647297434
739734522
769462650
675033134
727275483
559419551
740507936
722090161
755371315
571483075
597038061
537330883
732609749
609800480
656435111
677280025
602865985
804953033
743157334
605862750
581404235
597333897
580348324
605520680
647032842
699946249
631869469
662650877
616074719
733024611
675356226
633901813
575574945
770588487
767795984
780669093
595584326
577077896
654865577
661170523
651844760
634756728
568785378
681717476
693844466
636806832
798497290
543285028
573897081
728798004
665609846
776083490
601560559
585008307
751978912
798215214
766809841
654562414
779239474
784804766
683694448
640772180
645282007
639874391
615809262
658085739
599715169
589974103
610963676
739066171
540514014
659869888
728354734
723408868
746030667
625265256
765271960
774091194
675959838
600301561
667544733
560012609
579596758
544021697
714019556
686732372
767739817
717135133
684199697
571562586
703082018
701538551
686828343
763599056
756504646
540010833
595481879
568651607
695970788
776395070
600911151
750051571
691447731
538508356
589846943
779438915
597626775
670210361
593102810
638561739
576624968
775581796
666524078
571236438
799882909
686676737
675383449
605011615
770518306
728561939
684172273
758540494
615060004
632665103
719194525
722511596
606284211
680876470
682447649
594624819
613651668
576407213
672220291
785808120
738531048
800609048
797513907
708759961
541600699
547144786
570228070
593651962
592287096
624338401
607430822
686719550
671198571
792375795
685884715
760559202
586214424
691277637
805033807
582973632
773980069
593456391
614980675
679040929
564877019
618660898
758993601
768579626
782638934
585567953
805005479
709990375
744893987
744440972
579036199
665609843
551830991
729235605
612724232
572591815
789316227
689689339
558016131
804760183
616754661
728479894
716243598
723076550
655026441
656295278
675127412
646294425
713783611
703640951
673426080
797889960
568516300
647762821
773348938
790045583
703905494
762505020
749388431
692951420
707842654
700364020
638363447
725714763
701740310
600155795
751870962
670266788
756358813
769207922
548126290
788806661
740330012
643187948
563446358
782963400
645802607
627957443
597958094
799496212
585102620
696861824
546168892
562807214
730251599
545245502
797709742
727084258
687207764
701525522
737763531
745432623
594612255
715479835
764896052
797629206
541371315
579568017
716234342
708785876
705224536
560220737
690357363
624247999
693324689
546615681
737002278
607852088
638774353
537358329
675338314
791208572
719550876
576885231
618140388
677558993
576566974
728787508
743349709
725673828
686230302
538611576
764217533
644812773
629458035
678114820
616896598
591922788
760868252
637490317
704678710
735754334
555789208
551726031
733230975
631662024
782051359
664895522
588935542
722842810
744301284
575008368
555784262
573030374
654225453
563945525
686336450
674942165
538679920
685890888
683568934
582886256
539751654
698243746
668958893
747743803
738016241
711850602
763980108
682647588
731564614
568218933
586733112
680728855
593340831
646738257
560795628
658645809
562501914
641791403
687702042
569774657
606606942
618952699
767956840
675655568
645194041
626299907
584419774
802061388
561368181
623401488
763281995
673368061
625084667
602875956
537496203
741584020
691058156
650561588
629709486
805290731
697800211
661630145
695948056
679446177
633630337
558729640
701699067
678701698
542404687
677131364
722962453
552844790
765133500
571607596
768078786
701111866
773979301
667976894
596592502
548526098
685760496
804567024
659523911
673491718
686048272
553536295
548487088
717342443
770204983
542751309
646195754
585520160
629228190
653679528
612393142
639589024
657031647
798245760
716261604
539269412
615184449
621864211
603810542
699459930
628329735
751924245
591078854
651819008
736518292
671239008
547234613
674445339
643136509
689288674
641798372
755197003
554657869
698882347
684911209
621079684
697154812
668837922
658994345
731010572
723745790
803166676
662400543
731914142
661489411
683971850
787400825
752747409
795914534
738300636
588056071
603115598
762013909
611741180
737365466
594693176
637978566
621216950
775702379
724724065
667397084
757612426
595875249
624083413
656923189
667167810
752494118
641955722
552252242
579610942
681514455
556569051
574708233
758396166
726859958
548365547
672690392
583806426
765930470
571032964
553504114
578737892
670276093
657581636
646504428
612150312
744073843
709572151
594735977
802960369
541021208
727102856
585998475
595789778
584884511
751801837
650041703
625393617
547981189
804523902
597223575
797196807
550366990
642662189
615781191
747629552
759370933
674687878
649813864
789723198
804481998
764932959
543928833
576937618
768572527
721956652
650415153
579890884
602906537
640914556
691788344
537807515
599819413
745790310
770385842
789961045
746452087
575208517
774891945
537164946
779578956
708863171
630534548
605266850
662758172
587280349
761799421
714039381
732959778
665098455
749646476
759281404
724582534
671212851
753622070
677753578
580601790
544438216
719774725
538316617
740274102
588699724
543481122
652423855
766484749
777300741
732433541
673733755
790000263
602781146
597905314
553853332
616038380
724212111
728969065
697768853
760703606
729328956
621911778
651532732
593167095
700689086
613398707
612786793
652760975
641178410
769609118
579233003
761925817
763639653
694832345
575119410
676938828
770860201
712158764
660592951
680237983
791220151
665571420
790934435
647660176
714778952
666452536
566105199
743125465
758135200
753870616
590205912
762518457
711362329
756015562
562251390
799705485
631201126
767086177
623485231
615198199
760142837
677836326
669081879
599053585
782782800
581784617
657785059
680719594
775069473
551385314
686845303
635041438
728675599
732496439
542481553
726393085
605285985
719435673
801489454
719068030
779624094
692550531
542599243
542685801
781791711
805033951
657907920
613975026
769161636
580247903
695673564
795085292
634023340
697421350
788125812
559398769
670337784
750531917
801818958
680132743
661149168
787693045
545585128
734507176
623035829
770737630
573190917
802916828
734461143
799531803
744795092
559798138
749520218
668583568
620942412
538245867
655084455
763827195
722872598
775015757
687094948
629092939
539297829
587255785
645754764
596015923
731610552
586486238
610207165
551018020
624413855
653418949
730391912
784985047
770049141
722014102
587957248
613043965
802452641
569541167
760767909
728555972
703458082
601161406
665232976
671558590
803905621
731824967
781937564
607839648
765283623
780573572
537496536
590672563
600872273
720207012
622930143
618274382
739177034
575599626
626885737
708105354
629717411
778072536
587157586
722689684
762518117
686147420
620922883
689726044
540402230
702982238
761326142
605586550
689716332
766117880
650886307
656203187
641847747
694323952
568702199
597082390
759163697
771290974
601533746
597014535
775534617
603366991
592579927
574785604
702128409
566961258
795334389
750507418
625601865
630801385
705357571
631042561
604032362
566554559
693034300
643232710
565150095
579244140
574708022
691946467
802783124
707190867
757968586
660861709
571214255
608771540
671231761
561955909
581835068
661259987
682408813
644055457
662986991
734234329
571383786
546513496
670102756
710623860
684796379
797903792
625090401
633522879
768858829
800574756
732931634
779019547
554278799
561221069
778478503
586821616
778262002
710333210
566968231
609113423
619596992
703873908
691545900
585485007
624655011
700085021
708500884
792141338
712909453
693640635
788029384
717004453
596808556
574246958
578082078
762916209
670628355
771853486
681488390
712476160
630884145
625360274
689727659
607899688
701055051
586512240
775974215
584292518
558270216
554532259
680983489
710288338
612493719
555545332
546818019
653043476
610692117
552586172
677514431
743055819
558148517
654894600
767604911
537775040
696837028
695944417
637725509
580667532
572517224
665142094
677159499
569623466
612726442
732420957
640320784
766693773
614491569
549342639
645369216
728667832
682646047
578117697
575747791
695709264
582498801
777292540
753799764
715987490
539510745
701157065
669079917
764371271
648630060
594702888
602547282
591049805
743006011
599917353
790237815
705971536
717742569
627399152
555137218
726873629
591433470
601350129
554913303
769788616
731138740
629449273
740537263
565217107
709265667
679377475
655868187
567985528
703355143
752810273
717753488
598993954
723308340
771832769
651192207
575453044
771462217
693978109
769965945
659283707
757683118
753986039
635444866
700513421
566409873
625377528
564277721
770727518
559398325
790802030
725202580
573959536
763536057
642421034
713449073
639259977
688556054
562058906
789792609
711497940
792962225
612351521
776713961
758047398
687051044
644459011
804435855
802313121
675009482
632048686
802132970
666959827
550448845
692340060
620553966
673918432
637957485
676859339
718576981
703079079
785601532
750788523
574517582
604177360
744903832
759956089
698015474
795116852
547863561
757025705
546188776
625386121
646925012
632100124
582523294
765366027
599458689
777127513
658002942
739113426
579222755
577123326
622756279
589541308
660745263
559612406
687058383
788109268
708518080
626595172
755061684
780918691
705892821
797901352
592517487
769905194
579905764
596006222
706394728
722565189
602944559
540924828
552295717
547000886
621712539
552791487
570274099
736910625
683570572
799173930
621196624
673606436
636993691
670650327
544550291
641542561
606655311
593815678
635088767
582489594
655881317
574200819
762426132
669475942
576325005
606319045
742990384
584520396
567078964
680341108
679478895
578388284
665757681
562604509
647903734
730735349
548943195
776912951
609544224
763951098
631760835
732007258
669388520
663813309
635421145
616184927
751216879
700523351
751773210
730328302
718835756
735539400
577729231
581031739
698696318
609834594
753831168
613249825
721834818
628689060
716767178
745111559
699137221
642978813
781464655
719709416
772798687
595254388
798252638
784879717
553075323
803914622
783645281
790418965
642211967
757480776
641383135
656993786
609953622
657964518
775898810
689825579
757765528
677273010
561047274
787111505
557597119
801447034
766829383
550103917
779453595
770401958
746069027
776893078
728899061
621199361
753101316
634297811
654202234
600043939
648718627
545278315
744497673
770805074
590037151
627464075
730753245
568221610
542210734
786143569
623572226
665867859
575468547
582423170
555507861
729983884
614836504
685617547
695771852
590805188
749965723
689708425
654865231
780137587
614652665
615146105
623707302
597835220
608709212
733372918
623459997
720952127
604804234
760835699
769371061
699326899
709868813
662728240
792008899
619611923
778584846
644135754
745928568
710483752
729326114
768658992
652879365
729688631
763649996
659353736
633687811
615451180
597984870
564765229
690839036
638195575
730728730
757990763
660325411
793432662
539969371
764513331
577907727
704198338
751504683
794090748
724280006
769252356
560760306
558922684
728991650
721096219
580250532
719264987
630881503
579328168
579954940
585334785
750616367
772812612
689365948
737023232
628001316
800816709
755258033
762545968
756291186
542758303
759092369
699178549
665000649
618969982
636404936
614225398
799059414
645129185
571883287
711760995
547072830
658437133
714687803
653078875
732137526
676447907
587854015
685566755
633697080
701490966
693229874
610000237
702277155
589360638
585091931
772929309
663824986
788203672
755794156
624467750
671669373
629906585
795753623
645775852
787561269
725475969
636375814
584183169
744798710
581674497
745079716
541094026
695738599
614064615
765929402
604858870
775612985
677289796
691487355
713282669
666705918
768516379
629123796
778694233
771828649
590479410
700800816
729270706
650633432
750251789
695536767
600832328
589672576
610118422
647548148
723189516
727655474
728875630
680399821
577696224
738657559
583912470
707736429
769773736
698639824
682473009
712389972
700246010
773923148
559526487
724745884
735036731
543513267
609368839
721520724
662829792
748739991
651738181
783618581
668642349
692115654
658713637
573160078
695763592
571758926
736012517
789158014
623415988
776451063
764796792
670366714
706095167
710168178
640086162
546708505
598868277
593197110
614251954
542926505
672931006
717032452
763406597
636727818
742233480
724617126
561982601
689219756
581466496
598871372
739938842
758310732
728119879
650432885
758839575
566034017
701947106
593843415
564937088
604884316
788174370
599741809
794387968
803228617
746561345
567582450
614389076
698863914
767112039
621286428
580514341
762434820
710432480
563753920
644279840
596182842
578236512
718840812
635052363
746487559
777714625
700542615
776488978
541356035
595082972
687772051
641270668
547479697
595385002
755765108
767686490
728387340
707765079
584519546
586354680
718713531
597603031
620291727
761000071
662483235
686558347
642524007
588031895
653193528
760294815
686322794
767428236
784193893
787112507
764741068
754034451
672314002
617999947
701956227
771007098
763411175
565665101
667806829
795144791
697723554
664838922
628395056
640347516
649766278
702012511
574161753
543237146
631692362
754160030
760710908
602790919
590310527
547778133
645447665
568022416
655838147
777280348
757020736
695764897
637944749
550936372
645029627
798677656
625511652
703462991
761881023
774889243
544649624
710257510
722790225
761314427
780594568
567226715
551350726
696782743
760078021
715101414
572651651
577974972
573495964
782884493
537862291
608551290
568863685
688336742
696068573
775540632
657084077
695314326
549721490
697187676
636405463
640613177
611021001
545525246
548406898
646731622
615072189
784270613
649924774
787016422
571044809
692105926
537060834
619193060
756156647
575991862
685104816
698992233
574900464
584152884
676971855
776950301
540546260
706989578
760274331
678565704
716040955
721279733
798924137
585209706
727999296
604204787
708147847
723979484
767429872
621567510
780865174
731145259
783035365
693019444
641190015
562654012
668731992
642479093
757375483
576956719
670127922
672758290
639734935
749284800
700418749
760073551
775734909
699326825
657272484
775699594
702064971
659905136
595030144
561445455
539132480
583421609
653421248
762498404
595165151
722137663
683457304
660841716
779462987
571484722
681099965
608991710
670688837
714839826
749242019
617460855
704687881
602101503
593036211
661271665
547266381
677869444
609654872
642093408
538538350
571941096
754039365
581989257
637280527
616565460
583923462
683391605
541195393
669957044
754518686
681320793
708869492
572610544
645622291
610946739
687031699
759415025
679407784
643982561
699761063
633501826
628968013
709792999
646719713
717899081
618396841
660787954
704352069
652481668
655279945
595076788
560586054
669477094
546843074
584247969
715836499
616657821
628967749
616003814
744482596
612011350
732911766
638447090
783852585
652899723
631998634
613430872
709902243
621376036
761936187
679490977
555829282
561509231
584202004
801419615
595586058
595219940
611803068
700427041
612532612
704900488
741604803
593392254
759574886
669379503
726904313
611487301
777971182
687754511
695352177
574618062
671169012
726645300
600516799
776972746
664276875
804858355
625198532
660052179
542722190
722761173
599637478
754580312
622511607
751917540
571138550
735048781
786093481
643801492
563655317
621039529
699638588
715057953
733249826
573494405
742566787
718229619
653250677
793784039
736760485
663751065
600462627
602870516
586201929
619454017
573911706
739935703
595919136
555125656
696951171
766377012
643748497
734801444
546058791
723412124
801236156
612717204
604096200
670751552
571860240
773991592
694738330
656085429
622085904
660844928
637612342
732739252
563154116
623625144
714240050
615621955
672188304
622344534
700572357
630401785
545607761
684943083
695857055
684126891
770474111
641303457
667294162
744408447
705659339
559308333
698871561
630171354
552947718
747247254
637030915
805064631
646106147
691727361
570102299
609631136
631189127
770577456
667538589
735561333
719277928
602791473
717891178
732015872
620077175
578658356
667658759
729285588
683564204
607139658
803619299
593180729
779640394
647861227
705254953
654315341
654762074
710434141
549694516
739261336
600464674
616058580
702604658
706591262
777941295
698502384
550607685
573556033
768413390
603824863
628676288
725494942
656697240
662877756
580946147
646953486
639976972
748654331
748822486
790092592
657593405
638160350
642765143
570896155
620032210
604757668
788459631
641169019
734333062
704875822
741605221
680951575
701130489
746214709
753458525
766946871
621481101
553785579
542920405
799839238
555217439
677654005
670372043
774664804
772135230
703677176
803992621
612181469
592416271
556526474
701302066
800448122
672246024
609814593
617589574
775987314
633564302
724385647
603647736
575894448
715703919
632566352
706987959
751211647
594857254
601569516
657385959
622311199
788663217
670933358
707627092
612456001
606591733
739873206
772317960
788485154
736546312
630586935
681397713
720543648
619286320
736188130
666525560
547607433
617654431
775568929
801653001
591146754
750969650
589696848
798037877
575126100
625596095
586654031
765730965
636835308
685933122
569040564
590066753
774616028
648069234
759167028
598134346
681067539
746243689
677959744
715958444
770019342
637856229
694900386
548194917
599382457
593571726
556511546
584632800
679033840
659879536
565428064
707912637
632484538
592572463
665942443
697058806
699609956
714388510
705226524
753475972
631180642
545570319
706187244
721155356
625500680
766733457
708120133
801129261
689823587
797562330
713037934
768585900
632836183
576264236
614926310
694453279
798077390
562045238
775941657
706949925
603020994
790315855
712159622
738137553
651683754
742409514
683070263
650188877
549393704
721896984
744599932
611432605
699458969
705152893
716534914
775663897
738181707
582894640
581540315
692604261
629823605
572239838
800738108
576286024
542359002
759554419
558676128
717015108
750843980
785659025
580783072
787394042
616322961
564157339
707795607
548007819
782208905
752496544
584246416
675779733
801756053
799024980
582200364
783238113
563807566
678910450
657526819
672208127
780919125
576013455
620888360
718850128
796468642
679961454
715380811
736689725
587926866
645847042
742603046
571673230
733895990
601335315
545506539
593474165
782950426
684272578
550200903
794725393
736977587
733763662
799650056
721168064
701189676
687405389
587302587
604778203
801496110
541083133
742892002
538456779
714081282
564695786
759338201
596817595
776274461
628890751
559894469
615419984
725390109
575078568
802620357
566314469
676769640
648649803
538071156
735472779
693111256
728755729
770289479
761584891
651514338
639778749
650812831
788694050
583220415
567943494
685367104
602412854
740596710
569621922
596271805
788290614
649647891
736958182
673682575
717156690
787673845
756840422
668373484
624153453
711235012
744513932
654328948
627242197
626775329
708328930
558417579
684005290
706052649
702180727
598291579
639795070
754750454
586452722
697039613
566748885
542346817
636252039
617249831
615226419
566672784
772344680
578047277
580597444
554456248
696868295
663373639
542169744
615211137
645823825
643929480
563798399
614014139
770352702
736572784
747771794
581454648
555700883
764578752
680288413
616206785
693110250
722605597
611336951
770064981
560005747
676430484
594144014
625346438
727526445
670828645
627115643
537699057
803462768
799812200
619624509
728216148
579900657
748880941
619099202
580651813
633708867
616747315
566018697
699909985
539627562
675912539
724588256
548778569
720849443
655331861
663258686
630314864
649687080
693578865
636382631
585628953
608661172
544108017
638311756
795788541
689899884
802889437
648468886
793712469
661029534
626896713
654720290
623003714
735370356
546947748
704787485
648487424
693717316
628893388
805196139
651322066
688555630
665007725
663005111
772002954
611534747
725326446
570695629
647325847
582308529
756075742
655282772
677581938
799981259
622882909
608218408
648920727
801382750
586642004
727006233
733665011
691824389
541092680
709142053
680633154
793118817
642755508
547708094
691012334
660040825
641986726
640792128
554231092
709372317
668403457
779486291
688149108
648456666
746115946
633477545
645531466
750643492
557141188
602633011
773855886
656726960
715693637
793913050
616393040
720459361
702449886
552495933
776114103
647038075
760992229
675909410
761481156
730669386
672266764
639889184
739595759
578998697
780367539
639123018
584652344
565214284
558455502
584397703
720710721
585328483
552556764
601762008
610988264
620782041
715101402
579753476
676211689
772545937
681691630
786203284
667135040
675104506
734843955
651987654
571760356
731785163
738646507
740335915
660311881
590656275
562554632
598112311
755309957
776571012
553765872
576884012
760543052
553081311
634277193
697687596
692131185
749310230
628252433
794435495
649981803
656298721
738540177
672076829
597788219
612577184
675592847
647332682
616239644
789116696
739314550
608027338
561288889
574181911
707758912
612258713
749783447
542099859
782990678
773979425
550887753
576582508
587591846
768566616
549095263
607874166
707824198
687571671
540891478
724380186
724760888
636082921
789300422
666065637
805025679
544914616
771398294
545934130
660302699
748574275
589281336
782131031
729022577
670723514
695327340
630475970
766054904
609225312
565791264
782559283
728184033
707399647
650647285
734260833
567335562
726223049
771385400
597589022
569185372
698360565
776493094
586858788
681516124
584911194
676331725
648363423
799065314
762591153
574456400
611432507
629247709
573414041
566512865
703614430
595689295
768463825
686103622
593828827
727564731
716054565
671417431
804645877
634561006
592797967
546627004
655381472
801365081
565668117
802426381
714948371
715399914
778680989
627193495
742447216
774777386
671090209
740913343
730178584
723105858
718710771
805096837
688269583
607612720
574127367
551581387
608923842
606971663
636363830
695370509
697978832
729020778
560226737
720579366
627712823
749076649
566664947
738449347
604981241
645584432
780563938
583283208
576403510
582296676
574865730
612480872
617413564
700578601
654153895
581619953
735429996
575094760
692691546
613257443
734172417
628315665
800049045
797712045
562895030
697277754
545604200
670286548
641765300
784903429
804409164
661361325
719584838
685256208
786540589
722189554
711105774
759022832
789188567
608187418
667652186
561796347
716059465
574656279
790393852
681132557
559614772
705301958
627603006
629587895
697743681
765575205
567833879
720355766
701610763
550414190
655922158
781118654
621540789
662210771
586210518
598774963
786484974
619948751
594778661
539806420
696054559
569331243
537212108
788339743
613736081
687949907
573358625
756891821
543603637
579272831
553599859
604588953
702309969
791327730
568786714
664737449
754325496
733252183
664803457
612331512
578729411
682355811
577280294
619596234
796189222
738991790
567874857
654596863
736437570
606939107
560626807
537635100
568952693
698578815
557095008
738067534
705437420
666105945
610005205
776452023
764559146
737571616
729382174
665807241
789596378
705519290
692101220
541622090
667052936
628470414
586993448
787406213
562601058
790044914
761501857
576078829
578716198
801035570
754070974
545149904
777334583
760364780
644453528
578827418
602110949
715009543
540936731
793083132
660869696
799068896
627143735
550095788
650739634
803560969
767765333
585753611
592735849
574290542
629743285
744937946
708610964
603241259
717237547
576028132
552423102
582265878
590779161
544586298
569370547
740767188
740043297
741432568
604990582
736314955
751307800
634715058
539744477
599535477
669903662
794571661
544055077
699415475
569570475
747927683
612357631
537382789
683908261
642648834
602982218
680004881
540804095
715509554
540495038
594061795
705691130
773845681
779872217
642536065
725257458
610249409
701876355
684833459
764896662
712210426
632419957
642244392
665746456
655089933
777126327
685502889
598572473
595063753
733229148
700884561
541863182
792416309
575819101
723461730
730144430
575728746
591490782
676395195
541792876
562060732
689473113
659129081
563826339
673299406
642930286
654967113
799873690
553913537
722594311
735642385
562468723
804415580
771086662
646113983
787851840
539646080
762213646
561524790
740954573
773697278
678730880
676602162
714874930
578504752
792356114
683363313
627657921
598497735
721219375
594445013
774216162
551997118
608510521
604700138
649028550
569655773
736620931
547137478
575050913
707878334
681183586
611656944
575052004
777797056
563116529
789381039
803048365
669770480
646276900
579842297
570431024
733911391
620929317
749365670
591765921
672133212
699523130
578848841
594786263
774030107
759359899
730083217
641110459
672138960
683666376
641260651
790433085
600101438
599268281
762331362
684180909
589918139
755325809
665494427
630930073
761978511
701158210
747894044
682793099
648855824
754366604
740919134
628837826
792035396
726053820
576217813
598243611
666968115
790435849
644547768
784538161
717901395
701279251
564527980
642116908
692398912
547514196
762900394
632793039
567113298
596563767
716863995
779348362
590818971
559524297
775819034
554876590
695334345
594505389
633848013
801072478
721645819
732283491
768050473
662506748
564739971
672968473
748864377
741834798
650655772
635661432
623940863
761370026
678446810
584510403
558826910
635974233
545070362
547153292
646016591
647683854
656202973
776502756
592019955
676116684
747327325
664385891
638724746
635820313
564801777
552347837
647558965
738061552
626146188
686569791
706061319
727836378
546914015
706193467
715605170
701545527
791330089
630985018
716026760
779068609
612364853
562199777
550263345
740669526
651754109
723469129
784876481
767720826
556500337
766268193
615927793
632905967
791189663
587462863
730712785
588833587
565751562
729516784
739800657
745465865
631826105
802994248
734077381
634913222
647154836
665826414
554323543
543351032
568581555
619595412
774458951
586126121
721633143
688120500
652526181
783984370
730669653
796637358
731814498
635515961
577234424
748924595
558701645
670383111
564726023
780433747
565162895
619177793
772972414
592806100
603697556
630255745
571935842
603798831
690546573
758672787
692638518
777028474
626817641
582999029
723831465
652628753
715130228
717334883
708766367
692055000
686162767
655084107
730562310
767011923
631157089
797322463
569609788
679295425
728352015
708591468
562119361
592908312
716146794
652762001
631969614
701633719
747677585
625501884
595056513
612004406
768670871
625516295
650430406
545891474
784086274
787743833
764858663
698658213
760347036
706714114
637752730
620320614
609300522
610188761
623567164
757472020
684622481
566673247
789613065
766012210
677801452
689260306
619710492
607511280
759479769
549148968
725587550
641254781
752890047
543473074
620905196
758995789
587512586
805212748
762171230
603943701
582871415
773231314
765230112
782445760
636696434
571507526
757263415
705309258
778180185
585489173
688292587
633686967
729642518
736924114
539281690
791795846
612128707
656056343
618575547
677950143
631818270
678853377
725971390
657110607
705474026
696058815
657495784
599070941
779594170
754662722
688578988
614076501
588097936
669179760
587947823
636885285
547924016
595248131
774289320
724927541
772615986
710775781
687477621
779351824
710783590
707093982
803037335
647945693
696487901
748828357
607729360
667235364
681181967
754847672
649275006
712632688
654195756
647843920
755707946
635460242
619272494
598881211
785945745
632270564
537656053
771514892
791623043
606609809
676559068
615828102
644202257
541416685
582746462
787366302
663945180
610761017
641256968
606085855
539307845
803125421
664126333
577908889
585738969
792053611
575597907
682079489
722764188
550258532
720996986
710436844
786595186
639523488
777361561
596549597
586855549
678293947
702265248
566721163
722117144
786562733
684645551
642863406
771137493
801129519
614672713
677048935
560796689
633378720
675515194
760710006
779415300
571923674
607724457
574819705
580470202
748858035
724300092
761986755
708384761
688528156
739927635
602380196
732230930
621007602
572897358
730947212
543916928
594874308
746273714
790231538
662084820
619882642
613270176
734602791
591936040
739877006
690578829
783232567
627401228
660851568
802906873
567515987
682523468
766094692
562223655
713704865
615788303
765829314
539602038
711240274
632954859
725138975
681122118
778813719
654230327
584708774
701077758
666765833
672963710
711388590
663467051
693993574
648382732
646952010
767511385
721553396
602085474
743026744
656528725
582582392
730232052
656636061
660299660
563815908
568717444
595231279
724198622
791888856
797128829
585607929
743998382
644847787
693018002
572196678
619909787
670228865
711984973
799800514
539370767
600745301
704918107
566797799
782721201
794802007
723128486
590475642
707167821
742267543
623338451
570695280
753985963
729101696
616095691
565984486
697301107
772317881
599181760
672145186
588599764
758775860
755261491
758125789
558566743
643248123
792428538
727645682
804188275
615279282
726411325
747128593
754405284
695672742
676318190
708013694
583313081
747780542
638627293
640681764
626711902
748955213
714637674
778158612
765915883
