299118574
526931393
479410904
480634538
332329574
283972792
469034180
475799972
277751335
316523227
514448720
348498574
434315455
343006740
311834434
338612666
344624317
312606828
324770275
302725013
359212255
429978659
343377777
330515238
432621260
467930226
306971068
406955586
271383856
386170498
396811032
471044424
287549111
337184376
285996458
342818870
272706224
421345348
325979945
399430253
437870974
393143676
315001007
455611687
317701684
376370926
435244913
388405578
303445360
521121056
482701160
519946675
474365849
422812023
469666528
285138001
364579380
375765678
408717979
458023723
532104831
392267769
477429999
333747784
381426416
507082099
314183520
422618949
390157687
450840331
287678830
387878619
420935816
519256607
369288460
418221372
412483979
449174609
399316715
308393676
419209912
531120581
533625017
417680229
445631494
404480018
534418980
373999285
496474981
527472305
270062314
499328156
535980216
426789699
443965999
392976446
399145536
427015085
442829476
533057717
471229267
505605803
302852002
357913197
307756701
480244019
424594127
341271832
328418719
352657501
406766131
421758340
415810441
415837536
413589157
377011439
335980591
337671838
461430396
465543599
425319311
332103466
312531570
489900061
492889621
334311247
449481508
432965249
446386908
317571881
403787418
281868130
426199300
472000403
440126277
400316148
346311713
478449773
409237398
514562238
366150280
314261545
434246693
274330502
335410864
521082654
406466295
494844053
389777623
304736240
316079208
420733986
480771785
463330656
330731911
489657983
347299159
418035485
279830795
520660712
457410475
501522371
394595333
363609791
524774410
454774363
366288157
511461523
335940761
318967433
368506628
331482737
502152834
355202296
381318754
336247553
455306396
513556862
342143435
393080341
376058287
293906341
299494564
513454178
282059879
509994676
525160846
411630739
394285146
490785449
289040168
351700424
424684232
396138102
319250920
296042985
344542270
478678187
398284989
318486554
365749366
397274335
371151696
456846511
387706603
315468206
426195969
526653904
447370600
457300308
497158506
269673321
423030191
523911868
395796506
273906376
485636833
501472300
531331139
458780410
525829609
381142316
335814445
437666282
375861472
521779182
453096341
522041762
452189453
288574717
282058307
518742767
456791953
277819319
411224376
281338507
449550158
345090334
527799018
417001995
373601811
418712117
313799640
523418660
499669489
494637954
269368814
496282746
382396863
460412890
319450155
344320924
317013014
350730364
493006566
328440050
457648887
350411516
371875195
369451335
386390486
477271605
424079513
287421113
467442144
293193203
303790839
530609791
380355445
467464444
450675936
345232033
482694647
419852321
424583225
363484916
531601914
515714091
503436510
316497840
407870512
275231582
355982219
318343763
505882015
396402331
281765053
272227328
485012702
413886104
473439215
278225599
489046114
304744847
399943985
342004755
391285259
397048216
452880737
488413536
438922093
281938348
336978935
294461914
277426402
415689134
335441368
344613862
305849454
367648614
369793845
479178255
435364562
379405110
296233795
435153366
481652120
458889546
319725067
283360896
372700482
345210445
268974795
486938149
322712287
475355925
435905346
468327195
365253142
508279713
512436152
277751171
318402016
278803778
340881755
372695479
521435754
513666030
457437500
503099295
299718891
373148073
391328035
459845870
410655058
397378425
354287728
308687237
280233435
483922972
469481212
422144105
473539374
349110160
490904122
429991804
277569223
457907092
528866554
477908520
423674359
370522757
423571168
329401709
419240702
390200182
270070594
366253593
525413638
424723011
337411971
458879851
416477059
405801949
534716276
405341303
497142082
380782336
290411142
415589053
446965563
348898515
410130192
406576187
369009093
526325692
443801897
428231879
351747936
519231879
493031127
525123452
428713082
492429120
287033406
403401320
430258140
325257154
444627093
292624020
500026105
445838970
503673874
420117021
323212051
508978232
430299144
368769681
529702871
276236245
440134537
322732984
298840010
298001469
498723746
400010118
398741645
436972427
481322416
278564513
359000614
436978553
521461910
513492209
458838884
403628253
340615628
297816434
334523096
481367284
330949337
359277761
351548741
457363045
386925366
389916912
284017752
399320617
445002537
534998663
528515739
466890526
324565528
530909707
341391994
503624040
338852081
437502617
483974461
495360650
414972447
444385235
395353985
535421286
488646107
521987672
288145866
528116155
507728525
433014489
474257257
324074579
306447728
467908169
506811097
368973489
512307446
495317129
471525493
401380800
278617777
290522282
272624543
456982916
442826771
425816168
314686480
385415532
339322252
353085166
350026819
475814157
468413049
418746203
387982208
284920849
314582949
513415353
422179528
334884461
347179061
510599907
442897954
471841457
303921848
392412063
451114556
419897036
286214466
319010497
287446283
412142914
518230189
352990075
318032586
284686892
488086894
335898082
527330210
282727435
314235263
298687644
385974382
380589036
495747349
385523248
451310511
425195670
482584056
352822496
304803881
393753699
431639336
411212383
516569453
465556142
520823761
390366852
450298434
507414994
360706732
478917802
328709662
420678451
364395123
345238967
410599760
398202857
434207880
438112194
311201670
479983130
432968050
480725217
461474681
326885224
308008039
535458369
287190526
339762206
360980613
471556942
329314820
427419692
352497455
488204901
355166931
358567191
447780092
310506292
411075766
383304942
314678872
529316273
405583613
407334970
298692796
454880576
496729013
375917830
361716394
448193250
529460823
454825430
418098268
304348491
478012491
495700344
487329498
505082620
282567723
300255433
303795832
314317618
370878818
431390658
302835245
302506956
294278385
325800051
349993995
304677889
293750592
271317675
288294345
365531586
492446484
478933289
334074985
300331160
438999200
519721004
363483734
532319336
343690465
315496401
452067585
428914862
317951752
423683154
535334451
536285508
363980729
510073599
344932019
513965010
408617887
463047746
386154291
370952459
504272260
480455344
286586324
446168724
501466178
336912879
376047655
459316971
364468551
362797246
272410309
309628844
305502302
444446705
325625481
358164564
426770958
395571632
495801651
321416578
299988884
331539565
327459874
313725027
350526121
420720168
365523139
274790446
441001617
459945379
386951784
323357108
290344124
463359800
477127616
295435952
359667809
532794356
399612449
495885668
437959058
517441037
286649653
491189040
383148529
327002193
292903594
361230323
378914478
409021451
270410150
472486749
421693930
435476897
373920300
310952981
319296405
306365293
401803269
336774684
329973085
394384909
392218094
325178154
521337596
534379863
310343252
517752277
397766640
382975662
515921456
319959223
418369754
271042329
301611701
517771928
358824861
441681921
428454606
292242635
511179093
298727846
411761264
512750864
526304323
367814428
293230887
359752902
317400358
273775809
512595806
325943074
524521683
354664409
355866054
321352322
339050533
502325999
453594163
405533289
515689135
316664859
377744592
445097140
446098801
309365232
492665972
289528218
402690721
524859243
488787288
374262195
405645865
374705754
318148507
433826650
403779371
427809704
407525413
282801941
437837873
272543376
282190757
463024824
528594647
478446759
298138389
476487242
474680829
352261747
334907616
280408544
330912866
523770518
291958906
411250025
453241686
488860180
367145661
386899907
403808789
398428168
345712584
430870663
456359630
409638837
272240001
480138341
354151972
278501793
412179076
480371609
483728088
363790616
482175385
406380234
306182169
277611802
439219078
374474661
417992409
489741457
446751216
380709071
408955219
532007148
277133248
429221476
443544005
485845732
352519130
529252661
406052777
465788715
393824559
457482536
302120039
362935296
321220510
398301642
454951054
476808005
532042511
492043418
410674317
529771727
412849295
386552145
527645956
347979946
336892551
507302280
396674815
512462214
470253147
394619780
334623702
355903222
379957003
447942900
352109565
461381775
289635877
388700250
425840099
414930262
376021974
384177322
498196473
503501852
315995649
525221061
280694141
531328649
276341778
327765244
338719963
364697149
436360298
456837065
323227626
370776973
281926867
377806963
305307795
365282299
270556005
438096584
448454869
366960933
326457265
510406688
492576438
423344315
464432279
487461948
396591467
415526359
340001258
480949597
398437336
379601826
287702283
285621089
480035284
300508309
324670301
443976841
286284405
310014052
303575961
314901618
381153498
384704049
385524388
410053592
301894600
346094679
457657261
311906742
441313261
317762027
470828198
461308189
313165598
489855556
488144846
526442199
300497305
422638356
436224955
393426086
373723455
307116854
486056164
282857363
378725603
365211627
438408594
305347298
507154644
388742354
508548007
322377962
399997110
510584145
400555228
386426423
329548069
459382025
371384622
499510815
400451313
280213547
458934360
400380345
490479611
407841431
311420706
304472691
331406803
274133869
474000232
365294141
400779617
289981092
458613265
455831238
452846347
381430047
302958318
499986752
498790105
534607743
460688915
361930949
410863285
338836294
286019007
367979329
392689161
396048197
303582645
459273027
366021529
524551431
463548850
403764577
382403510
474359719
535482415
351911360
421129500
388308549
424647529
497422633
517131625
310958637
431420504
422005445
290038836
388734721
284572489
529174495
314524603
337787168
349467991
350937729
367135949
352569142
301248101
280608969
385189132
414757668
303690697
446054874
385051054
274076148
416561889
517459084
456019698
353312158
476157573
442859529
363958614
356103295
337148189
434679992
495519374
309095481
422920930
430183331
319707563
477601255
414989136
399430838
343272475
468623932
270013260
432128900
298348999
348166289
403624602
455828127
294980453
409374187
442740757
274659074
286561864
473753104
314973723
435727281
492535281
360497034
294951995
467164207
335275377
367608610
268621951
334674957
507088313
431890269
506137440
336175269
282747667
296652974
469981992
513234307
399783022
330834287
374363018
376122035
435087097
434863353
378661601
438672051
536303025
525787993
518562934
406524378
313920560
501932409
354450616
519094278
353137879
514684348
334709703
527075136
362600408
338121764
381948259
374342212
317438952
410809025
474778846
281143924
333519703
493115685
292145801
498441389
416040592
382244172
291574547
294161359
349486258
275769900
348943350
464522670
301555051
320360079
330596478
432268250
304320997
426157784
406312170
273869825
442007802
318392949
302861924
398327883
530894774
330384434
522145995
494611665
299844417
359586030
375567606
461692030
393106416
518277041
418356701
407784094
300815579
475381133
418198028
481068432
288389364
339595851
331102209
292452929
366277700
444102277
522768895
506147889
269294115
459068082
433409773
524005280
492285553
429005376
509105903
310051636
386567488
516285172
481323977
273819547
482326667
361161645
325205006
271177957
472586231
360759306
525662129
353597876
442158257
271114653
298061296
529274283
490452570
419163683
272173907
479318867
521594295
457254226
438463436
275601779
528941074
514774380
377928172
314649116
333714474
314507445
366668527
424222401
498598390
346782304
450088403
321417557
335327774
367147405
453593321
434546794
422109697
311441134
507422896
454753228
275211425
479422721
500265898
507681218
370248426
364256365
328698495
459475130
353663922
482564418
340015394
501698649
527359312
312513384
498802436
503382194
519949875
315272453
448415827
497397668
497841671
344674932
422479179
359395738
393817464
439886932
337722097
525332011
442332813
419271705
527425978
292338190
416866008
318693387
364617439
494579418
514598036
342122849
525675920
366051733
527261361
441078647
472477163
350564208
501836155
435150276
342900334
507392801
444380862
400262688
407031002
478012127
304503562
530638056
291630004
347308370
416439777
363639744
490294799
280166391
272019029
337168445
385314713
313590912
276250975
385061475
430764509
487635063
372995634
478364722
316270973
425674261
498067982
274670703
523699934
526136837
338161825
532510110
446866808
412780671
418958532
406852330
517303975
381107408
524464211
290335881
356237344
477420088
488087067
281301477
402923364
392693187
361863031
427354911
438611889
370711696
526599686
283866895
321911155
284373673
418857059
406551438
397586028
527217128
508600543
521019649
486262001
401339849
449053706
517051578
287598471
340117605
317618316
482816420
270093189
478905108
460982236
316853452
490912603
285330954
339434034
530578179
384450327
287682179
453909215
294008344
528802954
465205509
470813805
524397647
375700395
493047567
490764304
364335434
326432950
388504594
432940474
508503835
404688545
427104839
529905384
349781447
335155321
390741329
463336255
513566184
414244532
378438954
403848476
351401622
307814432
482305428
437733274
383788953
515889014
440733839
410590289
424771082
289774153
390123565
436142114
339782940
480386970
339940144
389753861
285687702
527710717
529124655
422032278
521904740
393964715
455505995
373141280
489524750
434937344
527665362
376793353
296922346
472620700
406465018
346838309
353544874
407270136
274130306
419542658
291481831
425784456
382675101
498498950
340649075
324088124
470085270
484553750
332192755
305848969
383377968
494249499
501531094
287292446
490611703
469545523
314635593
404487443
442365544
319812583
277640753
356191729
474190618
342053271
519906889
321354790
351763927
346698818
461892097
427282140
347037600
417591591
466587678
506183361
342815490
296589856
289985530
396889936
362355861
342709548
368470777
399172465
302324750
500774893
426711884
383631464
471357350
478505757
427833449
404581786
269068403
355227181
408874284
535017060
495011432
370651535
421082428
455289935
338036430
337449881
309619545
363501516
334923627
363750173
273175927
471694175
352914119
445219653
468455941
323649937
274230792
341971245
421785339
536681083
460286338
438926651
386452492
352992610
519098252
296891889
435228409
467370281
498873661
528862388
395264123
382320697
364491260
443886521
271732480
533620101
390950522
316187996
375223582
468038539
511917459
449565058
279671845
333417486
318557283
337487224
468710522
458789344
529941106
521047359
527678421
268574143
345628952
359509218
294221205
413498439
410793037
357424063
337391680
442471613
283205534
458462622
480307512
316442980
447006779
389827367
527366960
326003419
510294508
344011341
526306092
382170479
500786528
485011812
294092176
286479374
274857575
322429463
426861847
360367249
350596161
288587549
404473720
483241353
388184345
411920057
300765433
435027317
400391156
397753769
318561105
344766442
271327623
282591855
281206715
529672878
315200035
362840875
506705802
423388529
512096998
378607806
520810307
502018503
426815157
387680456
410859375
476432180
320662015
367339357
291858237
438738994
313354142
355661105
486774806
475924505
465183027
494537771
456446128
320031516
275006476
458301391
336535466
282735576
397761583
371274010
444225304
532344986
274072934
409996964
293183163
344027139
477067570
388193942
449722319
510107299
367321608
337586536
389685413
533900537
371196995
270295156
469054000
482135234
373742732
328893691
323098584
371552947
359541303
534943206
505783297
464966820
502186722
329592620
445465966
395311892
481855517
305279920
308258507
282983351
339293165
307023001
293152508
273260897
466541668
521371002
374909710
341822345
400938160
329069938
420870721
301152430
347348160
500384272
473582345
363043930
417423319
382598529
387051264
448854198
499757259
508839779
334062898
516290130
319695417
456909904
304428609
375379815
369246983
424032180
349682760
276657875
274797385
491529958
511096650
413655177
376016575
482075451
318569433
438782941
278495201
478400512
526599816
524956190
320897931
461865865
533767605
396924140
381542402
332804512
458127251
463201591
492586899
465632346
336106519
428863897
475361679
365186301
327655373
297471544
298898240
411680884
269499256
480594130
326607421
431468578
506707353
358324025
407892584
372697439
334275533
533688844
465942790
419395647
414690265
465606699
393589381
374406285
408159766
477684711
289044003
480772679
489583254
477799567
379994438
388236306
312617683
456650513
488678829
296918148
457217022
303676303
316516138
364007579
298117244
277933386
501788504
490332540
313946905
422991373
408998168
520290477
536484063
506892767
361151220
452819849
441954776
452375636
343445799
328835466
452384081
373346838
278175760
340893118
269079022
370383970
270729800
351047187
315966295
438177242
279154309
437668308
410436891
459600672
293307407
304732584
446123585
465708339
479282400
305348413
386411021
494154166
412744461
457804287
371424526
412602014
272606565
276924522
381030721
401326857
395527019
500099912
458031034
403982460
437636903
272218453
418497268
384278803
413440882
485888818
415988236
361322332
513751585
294491468
438032472
427649108
522276801
404347328
348336751
273696654
529424686
405044928
532060130
489921583
288449727
519919321
367498771
517264182
316960234
462366539
361049301
510668298
362622913
535271111
270081805
500236165
474624169
277810362
429725414
352824341
438284285
321629986
272169226
442528181
388085059
365693780
291634130
491789668
306761251
479619369
504882334
316882463
440357107
362775647
362008030
429653968
380562849
364746903
301878190
494701247
527590361
349295470
450994705
463801309
334018347
295442823
440494305
456587712
331184282
441987671
276208041
299664468
397575920
319200540
314569628
496110265
393158605
430625658
502025257
410664039
391688583
441506042
340986253
401277772
511223000
479301301
366802977
269269786
482325215
376926082
391740446
335885398
527015019
450722228
339509187
352213764
394978178
534022494
422145575
304600606
345090527
371293821
434534824
440561544
280049542
448117811
499297304
356789358
403680762
514682936
372621398
433240527
508620249
281915863
425306076
330591053
310673314
315004295
347641420
406016983
330622827
458558507
338640726
356654587
293098646
483891584
363454053
328749280
422006245
528816135
282003574
469682954
503957541
311112111
417078188
318270080
359924697
309066531
491056962
534032217
475649419
396837310
410783956
485850684
398666204
426152847
351029675
363109966
356282395
426306471
476443634
484788717
443633250
295564333
404649081
388778720
402977103
464999117
415521706
401714957
351931517
380170919
354277530
319312343
322398943
325564776
377155488
443804134
530544537
453069640
490231498
534095278
486082883
372861156
315924733
442661161
518229352
438232467
516222249
412994620
534402740
427024572
361762312
414391519
444109762
340482225
402243574
373809330
517122520
355062296
422810957
533588683
350638835
481232223
426791158
487522833
472504660
461410852
311844371
298086899
492733381
399348386
343203138
320364215
510498000
467578491
518460882
320618433
390558592
441458639
331304739
339274722
518868064
525641649
409264207
459138648
468105560
342827438
526165145
385344780
485402033
536303666
531435438
517435422
322694591
349293533
343730708
376665843
466514625
470003685
444359399
522072272
440564609
498426163
446457731
504990495
429157994
483741513
482522225
417420029
440154480
496389558
283448103
377515858
511023907
407745328
275894442
358182511
442565398
273413669
451809586
372975828
408551106
307800762
425338675
515942388
365056729
392571134
346116407
512485970
395689399
455576135
421172141
516873654
380136683
466028184
280699055
296045588
355137652
400097717
289232281
326616059
492970723
324875083
528548897
275958515
533681935
410078672
407626342
318290928
504019255
283284706
443075992
339665345
450365710
469927689
321924320
394092886
468358053
287781059
372445846
274168541
503370501
472781029
354512855
305557646
300718459
271369755
531344078
460401824
374993706
275534954
382377769
497632691
449741939
362148546
271821239
518770073
275395422
496049539
455749014
307404967
369653822
272229979
397692895
467034803
468947212
352517129
448566611
374718283
493337401
507771571
308828287
361849375
498207133
391600979
333109001
314831822
476714102
355163235
312626626
508135464
471034175
372904064
349005767
415348126
363903990
480107980
332955508
283644517
514562837
496641084
314504439
368240230
329097930
399022800
291996424
421242007
458141912
376172616
323007638
439863292
311900880
455665329
380799049
330057250
310419388
282854518
277486624
336372482
489462735
480502257
354781510
522957693
329476462
411277871
513842797
364886183
374302334
324455482
273907027
477136893
432513021
506416276
473010021
305138906
519718670
278605220
458475321
442589770
536548140
439152993
371471906
403251829
527353373
303026315
522364023
526239528
439320188
276068472
334301708
534443671
483402885
393749950
385694308
498634699
458503890
534840955
369547201
512595575
474939660
521010418
305698713
356241120
500337375
410980484
502832973
422195493
388440559
511110930
457875766
315677237
469793846
365520772
285992805
451140903
358435876
283010317
292941628
345875132
532357258
366109215
278742529
366658741
454629560
275679144
294229545
411724991
507629198
318969878
445939032
378380651
482471858
330666293
470608550
342706019
348772127
373779176
501782574
443746487
473210418
273236301
317635428
479265085
294397365
320742967
280416443
512379377
384079510
343222239
503295102
459220074
282413089
429429180
388903532
286527586
446984056
431933483
448762727
311917234
480087068
463982403
431326107
403306963
519232652
299088773
412805942
513923055
408198784
310013088
477070299
436193967
313640368
346474796
346847459
418899399
493122007
464401991
325439441
293210760
372817064
332456721
308256568
381151126
470050377
533029355
387483444
295713892
452223730
285269151
357284830
269147666
323669670
415866059
329305832
390651059
279479394
428798760
448751724
491581735
281472107
427052910
275296636
400595446
392575749
458695233
487519458
501527563
338707295
519875580
496152317
340750968
363027305
349170109
463804821
382467349
421291568
509907289
345722947
507085106
279874133
274343707
311938278
421652756
384628731
360238237
426878164
451976539
303158063
456698156
349331996
387418102
288701732
300679748
445676110
342581327
285872248
500666354
516099554
300464651
350722128
286724935
383406615
454151537
307335554
427986796
400542854
446970661
327730209
510163249
382133016
338834472
381755362
338238116
448434720
354966476
532512434
454419633
304363721
395913842
495744365
375026288
345130396
429162676
465144400
405912097
269417831
358095686
474076283
368680674
507537715
488358814
450385635
386244706
282696625
278808049
321284123
433242057
312397761
507121138
318300398
449281076
288056387
479376208
337410786
428055242
429385881
416751460
354298970
416533020
503897331
515899993
397817713
400612384
444308857
273687567
383467879
279145150
492485169
309077298
493663517
486353813
443706836
377108071
536655983
362497613
514847357
364263334
458671260
400064963
291997136
333228977
493474266
431152652
475742127
405843870
320104033
519668006
289582123
479510571
397053457
525386722
426717695
291625374
510830808
422656118
300852526
391913310
447468099
421372321
395771848
417422623
513583998
522125721
419581342
460739455
292688534
424581786
384385586
460330826
443630004
367006210
345213194
403430991
413592369
450281230
409804575
371281017
294200120
490702655
459655464
408573437
318756458
459972691
397614039
271512805
310816363
507919415
268816351
379287810
508659387
528818879
393181505
468608859
315649576
324395314
339341784
362470034
273970842
296489406
328645651
380067188
348840584
479389137
390698157
360420568
452375381
464330501
342754971
286474480
447594138
524994043
343485000
291987588
502314306
293141523
425527903
344332387
286341828
459901166
269993397
325091236
383643518
294922905
440581460
268947687
476301126
460705207
480340995
448823245
381059136
334933173
532070786
353825913
282503100
411288268
471649050
435866458
497983659
340473737
431693202
289079339
506761989
281460204
304161380
374603242
273932823
476277742
416430986
277119883
390413807
434103740
379138924
506677532
342475382
422286806
454633467
304854104
439117874
356552773
349859981
478220719
281520997
284580009
486621897
339637014
485909654
366669770
383563104
409958535
401998367
357168793
399206635
424894566
408480335
383287836
462533291
436379917
386222064
502169014
469150077
299938964
499775040
428819455
420774456
307278516
492832170
442159580
536510810
418200719
454917135
414990883
394483329
289159610
529258764
350936950
493736658
342410520
377727847
340773545
447351134
504980472
411688768
502066723
490300009
529975765
453325336
386163526
471444140
385360969
460797077
397021328
356223802
344630822
270372525
377130081
407688534
323519829
499168947
488686377
503821640
514433490
419075395
275797610
536722307
327982852
511069108
296412642
302122379
288145814
454118713
520410007
342249421
492810742
341037725
380145036
450710629
463745948
318945476
335533569
512978575
304648647
366615348
383826235
346128469
469351390
392448453
430287238
338003812
427828867
487694074
415095775
452940325
377189703
272976855
440944298
364553026
499396411
392162167
518421359
280377098
425775114
531828641
398756979
532009435
407816292
277265093
282128568
475068187
468200322
512311045
328128709
334232134
305680400
308475938
461318841
448590511
528233330
327281549
323930518
383749421
462323935
457424371
342933987
343108874
311331831
378011152
433868594
361284770
475190853
392875184
458248853
295736253
504345472
483412019
297577773
474299162
397032430
516315010
348412879
391042792
423753277
317099486
478574254
460909868
381178307
517637231
383740522
414200881
306489197
519455445
427319108
281759908
533291882
511210665
486627437
312316118
502127389
465798752
396961565
276374934
477729715
502816348
290079268
331810809
282261932
358493158
453660690
348166506
270808941
298421292
424610106
488264175
399353461
521453785
389166998
282611798
493120115
359237833
504293556
501818394
334079920
368974365
500289989
405752261
489307419
428349912
404506286
447996276
371659015
492292579
535881651
353808340
293025849
360419916
293945117
375630531
440834749
418272859
517616421
403070996
446770944
532903718
374809260
394246954
334411136
481854859
310653892
465802403
504051147
517951552
392736181
411018089
446674816
314508059
532126852
357618156
504488098
401580035
306607526
425468457
329947084
457413098
517907913
511971168
529286279
331166412
352385069
287212223
498926959
527867253
322784119
280590893
493031255
524678247
289582336
289385811
305602634
315984549
309495254
293750934
299990875
356670509
346022966
465256182
393369881
336271759
532038234
518309937
464734726
276106116
462063033
345653253
334693992
426333613
417705149
311017983
476305647
436998309
455691059
280684548
416083494
409585166
346064888
344935854
321356631
446115256
341614803
339508913
454725119
286787405
332957639
287553192
312854554
298965465
438682885
319619143
498500577
514560232
329324709
506510263
443002478
281591651
423365152
341493761
315940475
366776969
457299044
417629776
405108943
313841363
516053763
500990533
512814641
500921258
484423033
285744038
527879463
518909896
300392084
280150728
380419506
369416740
305991158
405171901
421024869
380117820
288841153
522414824
361796999
422189570
465840576
376366963
436472676
394240188
274933155
399406004
329431360
530151378
516169199
518855152
460288906
428031266
349290526
389709110
274207296
328112113
378608317
526187943
517635352
288355700
281697947
495382406
487117105
304024858
528664506
530828104
526180914
334356529
296114011
478232141
510749747
474491222
438647833
345183685
327900054
456141683
273455238
478361421
354063836
346567491
388782154
396209456
367127584
482157994
403586795
447506783
486171565
288643954
366589607
478483446
531369028
366144578
291376012
528330636
467349827
512693479
436878906
365094490
436405066
419500020
282041853
500070300
420119915
518853933
535246442
293095512
445171049
360549112
430119055
467772508
472136780
482931214
317164487
293305033
461292572
386331350
317311833
328477883
394659756
522087102
285194285
365977170
411846035
501950087
451999279
392818085
350328114
519466848
456089806
278090801
469150071
479726001
508441751
285519996
419947802
298979539
526916248
467481016
376947724
406132069
366837818
532850932
417819366
362074594
302588674
523802794
432337010
511572481
470405958
366882009
416413192
462915444
320770723
295656938
289813368
491649527
334957551
478445373
381734141
481425196
488600568
313754966
408885223
474736025
509773879
357847613
491577749
334068867
423919087
377166742
320874276
376816906
301759110
525453873
289461416
435880044
390732594
352577970
388266881
486664294
344019277
386382210
361807600
346299174
470898200
480451020
396733384
466658610
418303119
477691111
482780042
445025298
369850531
455507266
412942366
415780478
367007171
502580028
430420661
401243811
456373738
340048294
420524285
381810346
448871135
331011957
284787708
414371123
331941025
335343785
338306065
434906459
282215908
490338530
426393234
393847181
363058701
366347740
423426329
444709649
382978322
392994907
321531419
411694368
292398468
284538966
497488733
408577836
492091713
366288688
416926971
484987871
361949924
337285114
307557845
367522360
523747440
394920772
317982199
272537247
490944455
280255323
481898971
457325412
516905156
479869593
434926960
317139636
473123645
443383408
327416481
409491817
511201031
524481702
347434945
502069387
475938065
348658841
432713341
314800082
413844439
431220335
318973054
369409344
436355610
316479726
298630245
427786872
411526036
387799159
372882915
441655061
375091508
338370977
463889193
444488007
288598799
352595466
361997574
482724736
415311908
409816883
493059977
507917016
454155870
286249377
317962279
411845745
428597920
412226298
475446225
298527932
410169598
295504368
390661221
411599240
368771504
476657793
385951789
268689953
342085080
280791306
302440067
511964665
393152217
529836990
487217020
428048242
418719281
522470451
478610180
518262204
454978431
497180202
368680313
325263398
356321214
331817418
400966503
402171732
417293831
445337063
332421402
376683365
387619224
528702771
414487019
450980154
419597791
280166843
466022040
410041995
368362659
511155883
381461548
397732842
520904369
533818580
535591886
277120821
520579981
462126643
308842099
321891132
319279059
512287131
406066174
495868277
377746148
530789507
414227405
416537431
283689720
388251100
435924473
403697259
451236554
425707041
448814037
458583246
323368502
345836674
444511645
365181768
290726653
485207440
353623392
340130742
516950472
384432868
333391059
478730229
503561389
479083572
469482921
465882256
350842002
500496912
334495712
327246252
406577994
276949714
504828380
369950438
405542877
447807074
392480128
448166419
345048087
382688202
276945620
362965052
327784118
459807121
407606544
355055028
455139424
315111339
501939224
360656503
300120737
470088718
421009352
475593933
325305684
422218018
357879332
295469669
512345848
422301396
421237474
304050731
271890407
273900257
481893515
271161990
417551739
457839098
500781483
341867685
399207067
342708228
432582218
370791621
531489597
465570220
481115404
301207753
274425894
435682747
535049330
519830765
443285051
275577011
528705165
330936193
395294977
400475399
360263919
455684593
289626031
309454294
326379871
277121577
508408246
510793809
488531907
321237294
294864323
432557491
433991708
396536060
286137996
374859553
285409379
450849291
390072420
513288970
300416707
377080636
406762114
283663978
326854541
514436601
533563432
286752714
293888413
383975706
460264481
298910667
463220890
480573457
386219987
393887457
329416413
468385297
478285338
296676850
280473942
390795621
289071374
431331097
312761263
327601602
450343275
311439816
389407857
394228109
453201620
373546354
510834037
505938135
520123878
512530098
381211643
412474124
476560062
363362077
536339558
332658824
292936653
373959827
328003468
346754657
351162576
292745995
312706916
272185626
444026026
323520610
456794762
521130307
526699967
533886917
507735686
441287909
380318919
279327333
522148438
352175383
480799883
337100131
316810916
518573912
442522869
411834136
357824332
386850584
494050346
317630941
526729621
324117017
295994403
427524397
452064728
522894189
311857742
276811717
343668618
496722028
461429626
530688355
529298418
314158979
336206151
476994168
501709870
469904715
475756853
495632077
310409362
358504515
476463669
330444243
459976141
463045942
355800563
300928107
363661070
516879440
424037539
527175729
420406969
346234828
478437463
506936073
390186459
528027221
324878311
481302655
492321130
362694627
509594247
518510217
279250454
375209375
397375276
526471461
320818013
362387054
417376175
382880482
348982052
419963097
277273596
374020077
369547215
370168501
323793097
364569478
417641003
410855089
498923717
308668264
505612831
370475582
483993354
509172989
440979569
306610907
408453263
350183735
460671285
429092243
531228132
511581069
492360634
337906953
417108657
373595226
376538433
392052257
374345947
484070471
470236465
401128660
316439359
482221353
319192296
350383842
529460865
290110933
344472546
467024923
534148074
498031230
377615044
423086898
482390145
332709945
517470520
376780776
366061165
402817758
458060240
476217982
464615230
283950550
309847272
302297946
329239375
512858578
270765202
363900388
507416692
472382457
307082828
483437061
426010083
441686511
463582868
503584160
290704286
417012996
431963952
487494579
446349760
393883721
311741083
410219647
348999119
508808647
357376984
349050343
365613630
515572833
330848992
395890602
528246734
314673497
277909669
340955764
465781272
477154489
534342290
488697877
430185675
465916437
450752706
524090465
428689269
361426214
323792520
509217952
431365861
282147743
411107859
366719187
489184890
354163332
359458458
373047786
313198018
364252957
438140718
368891985
372548262
440067252
508174952
370692063
533662477
454256918
306244102
495442347
340934305
493951051
369611968
416502763
353085402
415386357
386913914
402150549
440614538
274661081
488376660
324953932
386221542
277048030
306304161
426399673
472292611
347810416
448381751
483996273
348212923
334438450
317948359
488588527
334669087
402109071
334287770
475249062
314342525
378602703
387931097
507769690
377536241
324666767
512692421
287845307
323732402
351945126
487955095
296263751
502257773
505665393
534311073
405462942
409701645
422885861
400375963
441820089
347425543
271002780
383228696
437151577
336720307
406529769
340873222
457065746
342785228
367980926
390891285
370616465
291541537
446164975
506646665
467548825
311286643
393856988
522661862
503309910
326025069
377217767
330164003
317262476
358977312
487616761
377557509
468560497
318569606
425581585
490031562
298042103
458650150
456845306
433250416
408008634
500100028
450346918
379545942
486702457
373740218
351082181
275559909
441340462
407071203
302391153
301011738
502879486
375562034
517351790
412767307
293795212
465610331
359372340
291998220
476830783
309482745
499999704
300912965
375847063
374838158
311470084
293855494
388118293
422723365
470816597
423788615
404332172
306952427
352478104
360744898
432967987
357768910
509508793
459429321
389827397
486544820
351890051
439444258
357612548
474935838
515469029
397654851
378548018
452296894
524094784
353197152
441865932
482047769
394237498
297285826
330312782
373686271
535866441
528199894
276390590
517785896
527799484
331884948
360099381
485743601
435747773
307939728
277431916
277788713
385934102
410275266
409742806
407520245
314028444
534148831
347540230
353429147
499290702
277856768
443547183
463092648
528005181
346832144
356219948
468379668
377655080
351767031
452970737
442965816
419592605
476098717
302586451
468733202
366898785
391461362
372045643
364989875
390916398
353503628
361759342
325551083
332169145
357601088
424116029
457736544
419030116
503766909
304597468
293839770
311888907
375114134
464986113
371925024
428755609
453824001
525409959
342521454
509981142
484058895
281442347
291039662
436375872
399126091
479272928
288399916
528346803
490288440
305829611
331159853
278880807
459893279
332697581
370815110
305329039
323922810
294412643
411623452
367134815
465496941
342875883
534323308
419885353
360893006
495540670
351121943
503086046
453612004
417196047
433771635
388765081
511564377
505196751
276585340
500076191
485692418
517281050
433121143
402110026
354137997
417137324
516667920
356243906
533240949
282443392
393210111
270909321
273353819
338831198
484173726
356636408
437568540
368874864
458862107
512353445
477404369
408442377
535550566
338396144
488132935
480349339
376453403
271923501
511879658
375761242
525579515
293800069
499263761
490248523
314940222
300553293
512632665
493720611
286112876
489109245
422787785
437589319
343011789
520691138
280972130
441778081
486211260
455647212
291714944
357566832
424080750
301041215
350285792
271682779
483042479
323482167
510058020
340917252
290786021
432921628
276273443
439904432
516062627
496448360
342197760
315814822
504688008
439809240
351347043
408111481
273359579
402075198
272536094
411333408
273176650
336229830
274299204
518376866
303610036
474580944
474152654
375587683
281814075
484249615
512159290
350912959
339178924
432269415
416638585
523908170
450182709
487349869
451186339
269540012
533967909
279066850
332169978
268473964
437241560
420043300
426470093
285019354
391719028
517426687
406513054
370933848
374044221
469682762
501648645
295433766
483541648
502730063
282982067
333905181
460609214
268710926
397426703
335934295
524049652
410028986
501150083
455394728
457620528
479289281
532651863
351444683
338508713
434918605
405709956
481539226
473579419
486273655
483445386
529243037
417289294
444770252
471629793
445519340
387145324
521547080
286682829
275818957
276138788
317243192
338399312
326658498
432021705
492870520
347333682
394183945
408891675
378189288
488037226
444654802
407672116
450014497
509488320
343268950
474487908
433925755
357084121
525470024
485221535
301310594
400466367
423317564
525139557
355041224
357532813
283882008
302821615
519440713
303499468
412854169
289626883
371335114
498740824
364103289
272004191
303715226
368790971
416151833
374969947
485621237
285411816
357519068
470693178
294253561
360351109
305481689
476629897
310655474
400426693
313453961
291280400
422808296
379476803
446757750
382804052
503644301
415096940
281574820
339247492
276304647
389755102
325254158
312781844
506761168
331799163
378171948
385007147
394739796
349860253
446008832
416471663
321957386
436188498
419283051
429435011
315699247
362818535
439581360
473374220
448066973
431799034
426322697
475822503
331890974
329579194
306328589
368251891
310119044
270971798
393521742
305311246
511687891
394234378
324883399
424001364
446554210
454173845
524173627
320921722
490903555
269810379
476795550
279277781
324758860
399988117
529218624
441049362
358486774
275011660
271511945
360296128
339130871
496574534
456496276
499416576
370536443
458700738
357442175
385552561
297926775
350693275
348503006
463981518
303913389
302945046
530915861
507059644
367888937
525671885
514247089
532283130
529903499
343293529
531308852
452036564
485264641
511015613
496027689
465409178
492109500
383291919
401590547
432694681
311817191
354579729
442479459
383894692
512939353
367315750
444475989
499754860
279047246
285701779
508936465
274647672
423162966
307799318
274517809
291721226
487973699
483773140
463377064
445635788
299605778
272507431
511842905
320987257
348433370
434030171
521149328
453158332
523522707
386425719
495324249
508868059
359910393
288353734
430875710
401840267
487911801
479230570
281587814
439136226
343418345
475987868
349609333
377732239
536398418
536535206
299900461
283234685
283176929
509536058
471432223
451583024
521185141
277348276
461196803
467029772
404061662
481340584
516413292
338290481
352296885
367450171
467009447
361277433
396998725
424087227
490082130
467070960
362853375
488438635
373733634
473555733
507160457
520166288
427590962
427891210
398586484
356119790
289635123
374327696
278481629
301348574
455482524
492370973
332891878
398906034
496579389
519574597
451030931
434982692
279754911
377961740
512223066
473497946
351551375
434144376
340947159
432005472
430077579
343843873
348500642
513104183
381995540
472644794
534815685
446561813
515422954
355632164
500113837
396299429
381477896
363891513
524441302
451658851
371135866
374100609
445197375
447444396
528562128
323624412
482562807
494449602
276139657
396554186
354387166
375907185
283917569
534855808
527951476
465580273
383619720
493097888
516403100
407586980
370979853
396471913
496364361
494059851
473534542
356421241
412118782
283847808
417259195
451207779
482589618
489947526
411784076
523352141
323932254
301479317
305030064
301378182
382342510
411335400
409564875
494846903
271152188
346187350
514826690
325498956
455778128
396241470
346277548
392206786
458355241
392877693
501962852
311825766
381754284
427445150
273968126
343969673
510677642
419757016
497880821
366737410
349448948
331538150
484027994
353238333
497631110
468713361
434099454
536010990
388391256
405173845
500369195
345995313
532059948
366514299
292597123
493712726
407995409
503280361
362596989
316052306
414624323
271556743
535257019
527265872
502155826
354735073
417336299
414074071
523151209
429911703
519884554
408620579
338735879
397536259
271418784
506544266
484667557
392694001
359059938
309641388
364265993
506932071
440509590
399001408
274448914
342592048
413770797
302028076
288856310
445345200
486909303
504445768
288513565
394983170
469199176
518385443
276589458
366996178
455670260
512231957
482434030
433383524
505187422
491302244
497227813
283768084
467212914
400841102
419354735
399581030
329303128
295322577
319725538
464018493
462632275
432196667
372316447
498264416
445169324
387210299
345984291
500623034
307651018
432152893
527940533
311474954
472795317
393651960
336514010
523409700
282237552
342863130
321403275
484901020
327522831
343114427
463618947
496653663
501436155
354995287
484256367
293843357
386161431
430602752
365903756
462590134
351929823
491341884
403548808
294570046
486891791
451336148
435103025
449566561
400858210
449349963
323581957
445114118
291911029
296054287
364488548
367176417
528318620
529586745
528846623
424778741
330807901
498241053
365450162
333095476
416468862
383651594
268749829
300482501
464026374
412035300
309016276
311312806
485652066
443547331
423371329
460669792
430337468
474976521
460505899
331444973
495051366
413781502
359804813
445025008
269164267
320461685
457389780
457350362
428711385
480458686
370404903
475913309
529278362
406402824
521257625
285012580
300364657
343585520
342700673
280728116
485445563
439496563
424475909
440088971
308406758
482322927
316803031
274753223
421790017
501197318
305870322
310564841
324405442
475796679
369128541
469581249
382065211
513016720
491360564
288175813
342339840
534467362
349400410
351744021
387133718
416505955
436009170
347934853
276768174
365432439
347312942
415376166
288804104
274688746
521653716
272882302
454491322
513762899
510199366
405887884
368083411
479695954
317204118
509166694
474010016
374952492
520143023
349435106
491031640
388409441
358423646
361453755
325690415
292022479
315385209
370060467
437992083
413744111
335759799
506562400
482313109
339086735
346148861
483625250
417300995
271445681
527679929
345406373
284607462
357115170
468198574
379340185
324844947
288526861
414607216
346451606
319773131
485390604
357233144
376416530
328971980
482649373
399986406
275496826
442122958
353055902
300500361
457309851
434128485
523106566
520619866
270816543
447572727
282750505
442641518
294278227
323937886
424075003
530375045
313085068
357218031
387527613
325621947
443452017
474410416
345108540
476364130
287920532
421425951
486104837
396519168
469639477
526929393
379129674
411413363
376910657
524667935
307794365
465238614
432280762
532988220
336691020
349409527
533428053
346234559
508567976
463302015
342589461
358461802
448507528
486128049
415329705
386866189
269201157
337033170
368243188
425617910
297706136
347036466
289263812
390494750
489474557
309670037
333931424
536870778
293788041
453451083
438213213
362005080
436471993
439907844
449632583
404252789
515661151
287643823
382273697
410079809
407072890
270852890
299656914
403105242
391647247
441151737
391075718
510806541
343995599
299160652
438239779
431689686
518476242
510438851
486313544
451049163
429984058
503286127
280182132
422764379
457432822
529727924
457872328
431104930
292394786
366263142
395191596
458509790
414006572
408878860
536693690
403473535
414664524
402461476
464124491
426668587
451859591
421254149
316976686
329553437
306998171
427832238
353058205
440694788
378295402
315561868
327843788
507804191
424370569
335293781
498383261
535692255
489692622
392600568
476897753
494450918
272662990
472947366
339072132
510770203
384682119
286373034
379540244
365737018
487794279
292453883
408162760
470767564
506999017
364364520
332991810
468924249
486659629
477710155
364741333
465872680
513318357
375875737
427318992
523989973
534388436
503817288
464336162
424929770
433426782
380688665
486153450
287876468
506839655
431202545
440159900
321146542
522465142
355402231
518208529
498509712
307773964
436817482
440209301
417822582
533591519
409166490
492550645
456039499
456485228
325901496
313746522
433794242
517226547
366572946
491024680
353484399
508484635
358872591
406217103
270389494
415167764
385037294
413170158
416369556
337054926
304592065
357733305
354123711
468925438
486765622
488098767
348994262
288088599
454644825
518648906
280529983
512664314
501145046
491811761
365661285
533555948
440512229
398931194
387594533
397989379
340227296
336284818
371834728
382571445
376085140
443388891
456693914
426188238
513891005
282098988
333246795
299160436
314665172
402356320
417506179
316396435
348310252
512996699
310210673
489030753
416642749
369785912
357735189
396130464
287261647
519818642
405619695
304696447
465351254
362257221
407671181
382647130
415939135
295990134
288189656
410415529
329817352
310881850
463987788
491267151
521492281
316071014
324064323
269038138
345742389
447147270
415790238
438411698
419448474
412680302
319226410
513851146
410070728
378237636
375662749
288843007
327165555
349222400
465057361
496007354
289031628
277483651
311280295
331214271
362152657
478878932
413852626
527598165
422030932
417700217
477474368
501989593
382586586
378395975
480642084
382030477
457331759
366851758
487636522
385881547
322186646
328486106
439702458
357942321
462078066
499148500
276861008
507079468
286527137
521160190
400723799
357365088
291770602
273389603
329193145
533734714
315208768
528567169
531053264
308697855
474050002
405667716
384141280
459399436
498586021
495448758
441664758
441943690
534180605
351110062
454838142
354515660
356527400
318101860
492814159
386631026
289545797
275497648
304154739
383586968
501924278
344293878
519668607
335402321
279067913
361696006
461618718
358365263
293777190
411053826
422035518
313869636
327856894
320603480
495532783
321127967
505382851
511023587
428054241
385688275
374896964
463667438
385610262
336716743
272573658
529766639
325249367
411223387
317669697
462286813
469288698
290098304
412757755
342022232
455728207
379553930
362522986
313300004
282070203
413178174
357395089
388028533
310896956
337671645
532875353
379113190
466289710
479377849
474990119
530173919
307849489
401835834
534399781
401494023
328419694
337417135
486853686
388031768
327476201
474799273
471799062
440530410
530078934
389077254
385994643
433873148
385354117
451654284
404797740
417162363
356721028
490190147
363474010
479576383
335462385
464484434
381390708
316942203
340506886
269574041
299934798
428149234
490620754
482538312
341258551
286973559
337438226
355085581
517924783
529589730
277143159
391471549
293703644
386846490
491555880
287012611
465928266
288891498
411211467
292768599
499726199
488560152
398686071
457135209
310576420
281457170
451457329
305096480
391479002
494508319
418904825
372197659
522997282
294454243
471863853
317809965
350923490
391392887
326003940
474685048
478357572
496301075
412867360
336532564
325462678
291616527
351350076
343075426
404238670
512938019
275294659
497393855
361249966
281880267
396362517
297607739
374521639
470740706
525815514
321888390
322464848
395538274
428410699
485755762
411055566
353102825
497340428
336620663
305322673
535717313
367387773
396814516
461058781
442052291
378651478
409704635
356227208
401513337
479522977
316100646
499391278
363853757
405957409
532385557
523680188
456972584
414348230
492370345
440108388
312534713
494914654
449224514
437541032
295984353
490981588
486079065
489770613
463400610
341423885
348627292
456663042
459009683
298311389
496221633
519617171
335684932
531532673
316165612
450092458
484423181
352676645
352635620
343849921
353306313
285079710
286621773
480338797
371333948
516335878
320960062
502860984
371781193
422802546
440895113
536712188
389856724
514955519
522220282
504128505
327743550
296373428
368479688
533219729
297572068
526363499
530296506
352907183
327109774
448087768
527356475
520571125
413800188
325595991
361935770
316550213
371168327
285057980
485093930
474705281
352973322
521057005
281713078
445016928
464656939
308580210
367239347
275668519
382353914
371652215
386426770
318589408
352672026
447306295
303253748
504826459
427609286
269550195
481209224
283221527
383291122
458912939
283143125
498839662
388913101
511247470
307053578
497084427
468295140
516359486
505567325
399401254
305563532
272388330
349828925
271456251
307783733
369774203
513703726
432675193
321517327
467090174
402342321
419668627
339709633
336814783
318908174
416591308
335201427
477639036
381295570
273751117
463773073
353546850
399045699
312047255
313394748
455777387
403264322
382636825
343230486
343161703
333322665
447181579
325090175
354644112
318103046
392088367
491180604
511722183
522817011
473090493
283705638
302446055
462142502
283967131
320233054
304976968
510396692
402153166
286824495
303236587
339025327
314327586
291339618
462746223
509796644
351627724
406980874
361242391
490307568
308645793
428792954
477793736
464724885
518681337
379076533
294491058
370977427
334827365
375767963
317940741
280848112
504922484
371301876
344737440
388909447
511199809
302028048
280875996
452964758
300349258
505428023
436139834
327233571
289578461
371769014
361022440
411818179
339448346
347974327
405977921
327818520
364114908
269826279
409024787
486134707
446413443
349796232
361036428
508074941
438718703
367750520
491543853
532293389
503655949
312805175
347754383
513664533
531983991
313227042
379949511
273635243
369485164
371447750
364469522
323379417
479448473
530149938
525126831
517015618
500830015
493836552
493874703
345443059
312058581
500590686
530174427
341839320
494907431
394234330
469374619
525521257
364331745
403029443
507007542
353619881
282043457
364177109
378300323
399209460
350408096
269807137
331148873
308446518
440733395
371915779
379451699
382413135
439993685
395618655
523402286
493930594
431645535
495011567
381280445
366622898
497045733
452691890
321467636
429875053
274873975
480223416
313618084
494476202
437861684
362784764
282369865
344753679
485874362
454037437
494766344
433531385
379952084
371737183
276479065
393049848
436987668
334639871
290033386
358069062
368124566
374771582
495567701
495450952
442103495
411026053
487085233
417572921
487006133
498798571
412000205
289596904
461094497
349630124
411061793
417093090
317949677
418984662
475529284
364045447
314501171
454860515
325304135
480929531
522211463
467296421
495893383
308118792
465605475
482872076
431538103
492613560
334681194
507692649
370084450
367618829
521102069
407471120
423557719
274915161
278524702
374653922
356358804
408186034
470237780
306228314
416413964
302011629
364447742
483334389
466956432
277364412
511108497
337654313
486752671
351252287
271438842
522192347
352304866
276238121
370849604
329411681
498951449
424831837
379541425
324071253
319792592
298234702
533867814
486353416
343453627
372194791
406286268
301233062
519705984
427191344
485511689
531091400
510255691
454287041
501003552
306539596
343664537
438342274
325733601
464768355
452052074
536501938
337157525
508460475
374359837
534500637
446092361
523790791
309316838
519223513
280011412
292819923
460541839
433320947
287445012
275428142
371251610
392670819
414487163
332236013
343571801
382635333
534401090
436816342
368277148
332727985
300346537
489405676
520321345
319755821
526015901
436272751
520117623
391386428
528469293
385910568
478104367
460885088
268440190
435201345
372127211
454144302
526141729
306667025
415913813
296094431
385150810
516927413
337967051
462893660
297688366
484920902
307911653
521899544
293687659
525909294
400535216
298264636
483872684
347273965
369378130
299603248
405976045
434706639
399125989
432866910
518447677
495927066
427440539
533761670
514720615
347654810
388048740
512945850
374225346
500268208
313424031
533407494
475093465
500433597
421876990
324720583
407174722
495099702
460639450
525770852
281977874
512520137
381822218
313750008
401121377
355407851
297261818
364160959
410990639
414996613
275255704
497457200
508249413
497278716
459781095
506423207
312912575
397849214
485816375
521618389
370053530
310148705
476294364
493341028
273714205
510227915
366220546
327434704
509986863
427063242
390690256
396735247
422603822
514254127
441357473
426473427
276803317
463337611
274011290
365420039
532454712
291947510
293535816
330144278
270584524
405072559
284990965
286922785
280866437
283340902
447188182
441979637
491260477
476574412
271903157
482617479
280663750
523278542
398615914
345431919
469978581
525080435
364824467
419279452
417355249
343561264
274412326
335852238
387592320
332983506
339120996
439563908
344427433
396294374
358325096
449495823
423383961
365207708
355514195
493986103
404259072
477814803
479811184
433954691
445722473
394599943
414421880
339931419
320868831
431633385
415544106
524297258
436321058
536180169
466509504
292976148
390235264
387393679
342898808
306579595
333691809
484458997
408412815
439787821
296333785
292583994
451348754
463256811
293405284
503565707
357879106
436041332
469191862
328177743
487984248
270697595
286074417
419819427
502009946
491352265
282502888
288475180
534742098
402823900
389332587
364225448
344320637
436781318
459937423
441000867
429516596
343728615
379832984
315214858
277021575
340971657
412075636
291686107
352894351
427072180
499584906
528617943
279478230
536777089
483715486
296941395
430038987
527809594
528475147
457094755
512622439
506184656
293408867
438866174
310058962
305033146
467006886
485653266
416882562
306004284
532382729
345885573
450279378
496882447
414601232
324072614
524563198
325172420
528271232
458025891
294456385
300943185
346184186
270758300
402256177
275472394
366738752
276194100
499220045
409668788
489316635
373053557
335370776
445726074
322150224
310133319
277058104
357896500
435036478
432636370
420963987
451776816
344586877
299899849
390004125
359856112
382960006
374922185
429721932
380913136
534161335
460411862
379707909
279618750
337983585
270817986
276426015
382833700
459982174
327785127
513653783
482165499
347572741
395163355
527499580
279701988
433979701
520708435
532644965
435523643
508825390
366495733
296783769
428607061
526092717
283557905
311514775
470105848
276352311
438952707
491202816
293511982
475439030
505326025
303930215
272922032
492591525
407568598
358768942
285381631
287694317
284942359
320925664
341642400
371422163
382848284
327493545
503329706
298198960
410335548
388167489
383807212
385618905
348004792
422024534
345694561
478545236
360994748
309591072
499228683
284950604
435556612
302570671
450481743
392002870
338785545
288127952
405566616
371514394
520756290
388312214
459670819
294837041
422364521
446985686
461139840
485115305
450801336
422426869
403702352
476588873
448354655
384600326
407028599
370242138
339222134
530527375
345548296
327189556
318353959
358292291
298142998
492082212
389380216
393683085
334748398
372707546
374604999
390500204
464768550
313830385
319478178
269943655
318891831
421686710
505817902
483115314
448992743
277052590
480705574
361209268
440223725
291131362
531867792
329521500
452529993
398041031
431678512
374725358
436251684
453643328
378446809
270336918
517034810
450115806
509596106
377793273
473303768
399480081
388385943
296270068
516337232
280921955
293003122
497559220
525297431
501302060
299609663
467352339
301904521
429408499
390450614
379771632
503647716
513662523
502445716
524962026
435394476
288073500
502917798
507817214
344914743
388269246
343495260
371175086
440084480
415415407
363465705
457472357
502366753
452324644
507193766
346872795
449985767
400705926
463489090
482232543
523677124
470321198
417246867
510356696
366248809
488068727
443291105
440891950
336655905
527092234
374803946
380358322
270846850
383901299
351569025
459862762
381601622
331374320
397763338
427593344
445759147
481338042
532055992
417022881
499364997
390006854
466516666
286203578
320605265
339980884
455420233
329452244
374321013
468125019
463482323
365533419
454722700
432096817
415062103
425311748
501055956
440112091
337346884
268794436
381641310
528915037
517699964
529829976
337163308
322787163
313275236
356717168
299294570
511834759
378323621
395501220
414071027
381238482
491606641
461552196
333977686
421695334
461878658
318922625
342325308
435915261
320229279
496635773
286295962
298013887
470431780
409369260
414383525
304417235
325150548
342003636
282018566
485069642
433389537
488879802
275814407
494032855
361552724
295322089
479193625
333259212
533574761
504665496
414691939
271220503
441520100
276239777
279728430
345661238
490135213
496815317
482151558
452584662
488056919
442108087
450509578
393448182
427304129
279832637
511248988
529034311
444853352
452704820
432413024
377493329
339218744
415711737
306302389
271309341
297730335
285250243
334477918
413183249
382235249
449390608
351742056
371799394
443446220
532534758
433043549
462897226
422207233
323425813
395219654
513762226
515203233
428766714
326490232
464078758
409492783
345188033
281464554
420999859
317842044
500896197
371998677
525808392
383938341
371798768
328381435
464759798
455777177
300579632
511416621
431051650
416896047
469630422
327428361
293870761
311836149
293305236
340535659
377481731
337950371
433663861
458593306
365725597
325762521
429677361
329796495
274928036
494727940
473325500
315007554
406145056
536550680
357991009
376342682
468507875
411161422
401643930
293886857
350864683
392326563
512521230
302938264
398625998
529669639
270726854
385246656
527347225
507383367
359660544
505718888
384621868
431170835
519189503
284307754
272914096
487042375
397726370
295143025
346620034
305365331
392007817
444943483
462851910
278583144
291239392
412466457
380309014
442646991
462909643
418174176
313369851
297310981
379649808
496163504
510154038
506435563
282179009
467384010
422304454
454600370
430364208
434159684
494573056
476984429
315451437
520975524
452278319
325779364
404248596
528771540
418294432
327240387
456027280
379902698
504583741
360262359
352347029
387686211
509638409
300773773
392763873
396231316
273018579
450301223
531239064
320040740
498439338
348536322
449810627
320421261
449070996
428400938
279975714
391560066
427606917
349644423
528298038
286506938
304114114
507506948
425263832
496900247
440473590
434033298
411336235
366181919
312180735
486966401
291418887
416409820
295045872
536720904
447123834
534937833
295732346
335529900
483544781
508240994
435294470
338740636
411406611
528169659
516602516
371059810
279585535
484923525
293046216
483963883
493602384
419142287
280922730
427528860
345485014
322113471
529578638
377009016
390918456
312170477
413070583
447590214
357248077
360465068
345266715
440751114
295864020
450298422
441215217
423213298
400103150
516932757
364264727
279332658
291450212
491560794
308897944
325864065
342795193
524622258
468347961
324345206
529505335
436857447
379161808
350168132
297929816
285345175
399267582
511893433
430424138
493938757
530382576
462100047
464265285
281852445
509240244
362367345
282034544
338881576
447585189
296185618
289386805
355926046
282681048
529151059
498129274
419777882
519262878
342092276
396047193
444718112
346420018
466926395
503136835
528422997
380493990
301523756
384759325
465126609
485545088
462765108
523067921
505293678
430415023
448830525
386021948
274978191
531742627
491264633
276600922
347638468
418710568
387493675
426527933
503828798
296921515
303425682
292952396
535850817
277511094
529003754
474444351
380905984
514394050
407551629
448999604
445649438
523706206
319900417
486089906
398492754
503746667
408769463
455502549
473921359
501543768
395456962
512591436
397629699
486440277
451844384
467660586
291166196
293544868
437261160
482408287
274839552
291994173
305151654
421024213
368264744
311646562
374392773
409227981
291841997
283383002
370176816
421277504
360916416
310108707
472689233
456478398
444355522
414377515
374279398
333366593
387116724
511031477
373208214
498381975
406944587
355981754
509682702
300563690
392502225
270685563
529529237
290695976
446823643
363816356
393634620
525991955
516840414
274983014
508930140
407837224
471601327
514156278
424735254
306435913
322434593
489013494
274058820
348059971
471773698
512243744
475113724
293605179
310739925
395612636
382043677
519554809
310461127
437468440
526366113
387037553
401400805
406885338
361111023
364016632
487999903
495901319
374424008
470315067
524619437
332472349
373957945
293633508
397508502
390819898
366671558
511182413
425886655
319999293
345167682
404259215
532096938
433045564
409063684
307889985
391380006
452798025
377474804
462904966
429226157
355886034
306130372
408322775
518410346
359162471
339818999
478342964
493907239
315058083
487016785
357906195
273309204
420356099
386776209
447099450
424299339
316409381
404145834
348864457
315245885
270163876
468960766
322149133
471388883
451111726
495445415
525677537
302353084
349621890
302870316
405300266
355095791
332241542
490209410
432133530
508054683
441035807
478738263
494258368
399061332
453937287
326300627
406326187
359343216
515292850
357244862
312699610
281466102
458974965
526505999
327064849
430045577
417127719
387005657
380461521
399687933
372203846
279048721
298603883
437322511
491840633
500630593
301804265
420709983
434766622
531847967
521488629
530801608
480688693
365479632
521572111
512656564
388907492
455186064
496607535
335247209
532383661
270900100
445130663
534632956
405443873
505485162
478316582
499147680
462240725
519177050
295912630
467625159
292556757
420088338
467556427
380732944
476356084
453260215
315045524
309226497
306068804
465920492
530091245
526641198
367492102
415189398
520461248
534181935
409044673
393461856
413536516
477383822
393181413
445748330
342296318
275753079
378542827
338427460
342616210
370236456
344008251
414252239
403305061
452475372
300213573
425387288
407960914
502686712
401142109
316685620
457722542
354014743
309106481
514039848
351941647
433989123
314672537
484993254
368660763
485094310
410074671
500612131
464785330
355500999
371155972
289050995
521711349
530246975
311742144
269832747
333774856
369138901
500729978
498982408
508787483
446830518
455456783
370974463
310448355
335224626
444672176
369282421
523950004
290271315
370773441
338207669
343975592
488195516
424812989
364225930
445963217
453361398
420422537
413688126
466502806
362193713
523657790
491890468
321581845
460223283
357458484
470776571
476936175
445672310
437766444
428213037
478808351
362183078
382650654
505050548
472960285
458094521
299071236
376087580
393449486
269448459
499382275
298451001
486703729
478441013
524699452
372468683
493939809
414746739
311512400
338638458
480861302
507645261
291315624
437226865
345834191
510069386
386817308
444638363
288665491
325380741
439658937
481024859
361731053
480888217
518054459
397228383
442422313
358517303
429962916
396304754
343018791
312664077
508681070
309209070
387183150
352206094
329219033
271244396
412142380
279653774
487690765
458229115
519282240
459922853
351485837
335483460
532237246
283695627
535160241
389299813
374831119
389392664
341246074
329652970
413780442
514733610
273843353
500391608
424178749
406923209
366344893
501231606
324043271
494161612
345721940
323995226
408228068
498707207
379537670
366861466
346698624
367768472
489631570
285301906
374308966
455343972
293429377
529497747
341854302
507280870
472687082
469689254
408156617
368138559
419825759
454197790
519412929
529273514
353791182
398555181
332425776
388214288
354267345
420114352
328435395
480999998
439861820
401920562
411182291
501842380
523991771
323880964
299653908
395286157
427179278
326187069
521704287
330876303
473806028
396899453
394452795
312950825
516017472
374344859
382662942
379689285
416928110
466545806
324008338
334768152
531970483
404021204
512929605
440179762
461168877
305641722
525737431
491259548
364919091
316990097
384962690
327011816
473439034
302385704
360016009
275608696
424888751
297892674
454903064
394876097
533525546
427314431
288791847
350233631
305264634
287386976
441597798
376370141
512809381
371331685
352944245
369863005
337101054
511117710
534392098
431325077
268994437
400039990
406915940
290482565
489909963
495543941
418397773
325246507
363703487
436343492
523488383
336529375
344294966
296288941
492190020
433867207
475585230
339430889
381184884
339889285
353193990
343965942
472209475
321281959
302991263
420350672
422489838
437145688
417639380
354466919
472409400
381428161
501301770
417166873
533992555
345798544
387925516
295720533
327138836
388597846
377672137
470948014
296809482
484714049
403718812
475052726
432183437
402970976
505655661
375710553
380128111
465991041
350762131
330505804
376133795
510358632
387987986
349507239
373588455
284205803
485883572
464928528
338112259
505100034
375957225
427091283
312625571
337348195
519933067
367493890
509035608
337507445
360197642
471834455
384796517
340653354
458159326
460626926
518021337
443229566
406195758
509131668
521675813
504950027
333105903
505762531
389359446
526273230
308115023
299564662
464694114
379977992
318810827
304003104
282909479
377317288
355162493
337191201
376603472
360691318
488201140
270799329
331525711
349575960
314565598
279693246
278750296
461862458
314134457
411466587
410362729
334986689
301740335
293121156
309965525
436527025
471042379
467574988
503352588
458209032
474917467
532894299
343182517
494121005
282674796
450835910
511189246
274983128
348390146
500421613
479383145
367380449
519515916
492956155
285822654
394811419
404721131
299792754
315874820
435474355
427419778
535996544
287464554
302247130
433128879
294140802
456863810
402800346
506563539
359882070
535269935
509358613
308417402
298280676
399679826
453478067
355663205
440089835
464504565
502383074
509754560
354790842
511778799
440300414
515897970
427706929
385439176
290520149
470609791
526801192
437706863
276653075
337253122
353938680
536658774
329605864
304805863
273425002
312265955
354284989
374201274
460604311
413359841
525928369
394696533
369495367
276759853
501451824
281542081
522015049
455851633
485604847
288707786
331676294
366579769
396355339
292032733
286830381
356209040
441327016
380545025
382161228
318924682
434552174
402492550
489814563
516670631
345684189
373233273
355034318
387749506
342409770
427454767
347168016
491718914
458841622
306193882
346257548
343750601
443497834
472371511
347459696
304764503
516050732
398379974
353193943
336766461
321303730
276732765
388769275
528640282
438682209
506821925
352689534
457249836
358664960
444125295
338373075
411085230
470428132
474067668
442325818
463367736
485846747
456021495
301339065
474813888
350341605
484994053
340155351
394426440
496599537
516666725
325147636
350833101
488293382
424000060
508332482
293102637
319366919
492223672
420046504
435865990
389640805
328853719
423457287
417321979
515013298
510577232
399945742
428396913
305189221
319336530
501621854
311668035
324246382
358085078
331139168
413946888
366035735
434496111
322174138
529286952
361397271
343648234
400158947
529555244
280178129
354269232
420747334
414754866
478419384
385250259
407918500
408439856
353677479
337061299
428529906
471883345
419457288
423199156
280308089
372597815
294374096
284461623
281226418
481506686
363399070
464097069
311810497
533605902
395191130
344171865
308732842
433620819
471289848
377879958
413752271
349837334
288148456
396099807
329335200
303596966
457315969
440907440
484329951
416933967
311848716
293763927
345713543
422022230
485446492
435186326
396882710
320642114
290192164
364544632
434457765
366129467
335202698
324662353
366760063
401807747
402171561
280057229
268735443
354774545
418197896
295893265
366019959
471812833
358288957
391746420
470359185
315763911
489222282
286982122
465432089
484530352
329038986
482842147
349713348
459247957
396095919
324359028
340974543
369075580
479294373
482910514
356148671
413031442
491862932
345904206
281677352
527015097
337572110
291540889
433004589
441762247
403042593
481661070
390826854
315083379
320399415
427817851
519093155
316493261
426709610
272449724
367330282
380321768
364274564
392108347
296167798
362664743
406868360
376648734
354297652
520395119
410455124
460851905
368590280
494062713
468077396
373046406
358172306
281800115
307163695
484167367
279432897
461052572
517356074
294987564
395115858
414728340
515639435
315481286
414155518
359173298
407194407
270366985
340604224
331614178
372400747
387007053
457993153
334205862
463330875
335986571
364466893
322191501
503096851
455449992
341146814
367321157
477556719
273327710
389280404
535743077
450449361
308238574
500506155
346110565
453457852
529994896
401365331
282013304
333779617
364832186
530078247
461910777
398931154
432292049
449042240
273466509
373378833
423402697
470009676
519992734
364759684
488007401
307476902
414631389
474679809
390520746
335535426
450461379
284680277
285239664
423738490
446286005
394707886
436180169
311269972
377157523
450594115
386221028
358889101
382930585
303589883
284654658
408878828
314398783
339346010
532914408
497187285
464980148
330353573
283181099
333239254
517717558
275952339
429346411
445067300
435835404
411469972
365481336
386496630
474627586
392975265
367642514
353560252
481890690
507248721
515321750
471849310
414159744
315311561
447176182
381739969
371247096
380661179
469847281
294188734
274904354
340203137
273295127
353680667
508556777
323576471
473684882
341117081
329124838
433861159
389338553
327535065
335394568
269081058
470576340
312806078
393242832
271599210
455965164
523117937
443148384
354981067
490875448
464386306
354550976
482602911
348687606
444478508
524413476
268859218
369598402
491499869
329994662
414241865
522462814
273924010
372168927
343898060
282762030
525751961
425565497
454889634
495277697
317797180
276731577
482763453
363925727
354139290
415362430
371060076
376237455
394605636
529971544
289364523
494357405
391332982
303440252
497695896
473322933
352998648
364484599
413245965
359743857
399759372
506811194
315933398
416718237
435218227
412129503
490156246
413014012
425753927
403250416
388999952
348800167
344806687
394406393
284735250
329057344
328260724
494963797
437038431
327385657
421418419
320336196
341069011
477688391
363879961
395436826
351692112
434269525
517463356
504725813
280282183
353035688
421300845
363339651
276638578
431993071
279441342
394756084
477295268
456748500
377918384
300842882
307028317
347676178
407961635
314219462
269692422
459193262
294532968
487033387
284152861
428715956
477006196
502978954
372024469
378850822
379721828
499810284
373763309
442678118
500443048
369822273
363373074
528127999
362156002
312068682
372027434
343632362
287507631
416247732
500976893
307884176
512112815
396462300
413234514
398357687
309667773
316266866
326921925
312866284
270149277
325290974
300158871
437108150
360344504
290395479
407554863
403162206
369247622
366228862
381477420
367798168
393516024
347821512
290169683
390996875
317088534
273210339
386312127
358083569
275731480
433207671
513608148
344498743
456633912
534245837
430910191
437096885
470893766
355725078
443498157
439910292
276042068
321134197
304190009
299135271
385619657
283090309
342246451
504795576
308313725
411175473
412322642
480101360
381575338
298711292
518509908
435719530
533044476
398730608
439444989
438772549
274409015
494750821
384903206
532285536
508802366
479069262
413425701
458808282
292251804
408093211
376376138
338892617
495530322
287713119
420018566
466650339
320670115
345541077
498993702
383033159
360663750
297737330
407429677
435796995
309408997
276809404
381228201
446761637
367098155
423100541
480416994
472062677
349808226
374055376
431175578
414976443
385110603
418653170
341629968
386146532
372729113
502527742
493857940
390523123
367807317
403352008
367042250
458203364
295800212
509971691
405373609
306452594
519335534
514331930
458470825
432402157
411516130
360414803
353444293
444899433
369906755
298284695
512229467
502968563
524076641
268464943
490913877
429893695
451090207
377723722
299603557
404244451
319332418
407480559
333487141
422254799
510041255
404810793
483128587
371937187
382296932
355281581
461179092
501116960
409911055
293805832
470697837
270787495
366330061
526041289
457081676
465904241
359786533
374346290
318390171
465674926
443478166
349171285
479260383
487121910
327540093
352864730
447288896
489329865
291303583
318405325
406503314
478042304
321713673
299525946
519001701
474925041
361171342
430971116
430199611
401651112
299261895
468146121
394395904
336630420
405388329
532570852
467696766
469517857
462619686
282860590
304577640
301810535
496453959
286631282
427314963
365613061
292685997
393955542
497940322
269591625
432681369
347923114
452419453
460263769
291591875
352327493
321753822
390015816
373165335
343645234
442734170
278782523
292048205
295046438
422140118
443746226
443585507
361956882
330677719
338000152
488848704
316666827
424326107
348191815
480885532
403671163
365689994
371806611
358744095
496120930
336814682
411608215
532031806
434420375
314290894
531873733
293463724
475303501
476960701
374253707
518493603
499943589
388226054
380467211
533048885
457626720
299995883
336375192
414679718
340430950
344648613
285040227
510078948
294407567
286338529
418765138
426842404
474037285
358337739
391927897
277647028
299740998
387341568
512842010
349381173
270042898
379372801
359657954
397864264
363570906
369563104
320547961
355487937
409489304
429880961
395511237
508175178
365458981
509379811
269293386
385470538
493765474
424848479
459168887
378737890
456672204
485023071
478168931
387534596
477137533
390924970
271535439
293181956
272231029
381855650
488586047
338767125
381620343
510933221
335569052
519159349
439225907
393608513
536631887
487655456
305314696
280518511
291343178
312048078
390104750
409704957
391261309
468981681
366010542
484242990
375288785
423523648
459899656
404985286
341635391
437634976
275949286
513679878
378873439
463885426
379756973
471324402
481601381
370667913
474012357
508740523
475360715
425688137
395004746
424359914
355192755
436593595
440853446
433023533
516632203
360207922
490585078
327787962
417452327
417164191
510039370
519331479
473406912
284945846
475408708
475973857
476675453
355787632
272397380
287626016
305659222
433005545
277290725
455857974
334747778
419730855
441109214
344915104
432494593
386179464
512336118
458003017
498333352
368057391
294254105
331731495
332647260
300940586
500671281
518283759
449843115
410648880
416842650
462830853
465569064
329942439
483334723
492117587
452567199
342146079
530470382
360371027
401128134
409983979
296748164
452034327
518631897
333463221
433108521
533324986
509971137
312142532
433394571
485852911
518871243
464542122
315351789
492240192
449286838
421584675
439063466
536863379
304422125
445992427
402388375
421465061
355682942
399567241
429836044
303437623
379608957
346112380
355384358
516767680
292257127
305435333
348038072
269429137
471072934
311699850
324333256
405855561
307477003
419112138
492582748
427835900
506507478
306481175
416305615
411578109
497249516
531610565
438940549
479477143
425043171
445973246
311331359
513447956
453178013
306189604
477366430
465269928
482616116
461938998
431836609
485472891
405584213
363465366
497041248
342108067
366178158
405647519
283515455
311422213
491125940
497898691
354367871
524797916
326777574
414881174
417662209
441199800
395207143
378667561
532134071
328279695
327137450
455463097
449535779
337869384
513584928
467264797
406589192
423576757
394252391
372614897
521909036
449671147
354514831
360913601
376211837
470860977
345202104
324418084
404207386
365216402
443916661
451937234
509791509
421111472
305934056
404383430
384048647
305579874
349452258
448258134
439931416
441435591
379794274
325375806
428095350
417973164
507028375
403109368
486896965
526178138
362003913
497395766
481989419
425821160
536691375
476560880
338140043
490446878
525873334
327875463
448463680
511320902
488745091
425165037
333528450
307850410
294327833
518985791
422406472
512190704
491480041
340073271
525207448
483486876
531800071
444618744
436232957
368308234
528584259
320665310
463214522
277686818
344761520
521440234
334924866
533713103
393277897
498432868
480906984
364341990
433849080
468573782
384534113
501288416
499091488
270686596
519364139
414906253
533150665
270544704
365554388
425216999
479746110
336735920
357991338
503249420
311473603
349796763
419478717
450820946
402564731
491495554
462380854
323566612
300516179
463104622
408424184
403856916
523833001
499091744
287459570
337912755
373326029
381058005
325175367
472225309
326939850
289927386
390773921
375338666
378815822
487277904
468589803
500981672
446019152
282197023
451160729
504060904
497269357
526795167
455556949
405541480
339968489
342261244
461784427
325331724
344907017
277381272
353482824
305776584
528858746
481335690
321793074
448174832
319334374
428310331
320430394
499193757
526952542
515660642
369878653
358038630
521389397
350552543
435992521
291034176
488626555
383534701
498989517
533261466
536214571
315277669
325126760
281991365
318560447
407135201
530479509
293553582
269960453
493435622
269459372
391019820
340349221
297319384
407041376
360417344
300802183
409997874
394785302
351862700
380726388
402023085
333545702
353579708
325429084
387371100
333714212
409537516
317885663
409892568
449826522
488251541
346963647
367726163
364080786
504606621
506644133
415559738
343650616
312430592
345410661
357843123
533475376
509900904
275824244
514545078
495051489
373280414
534903762
505390452
410614605
350790191
386185277
487044204
517578534
365708401
468968098
457934990
332195992
300338233
502523009
284517680
483067693
317876490
437701561
323856540
362040765
368288160
344028993
414043197
441771202
370689322
438113684
351956083
469017889
497570932
323410634
481758617
426001861
288784434
494021933
493568905
415296610
354769023
383615713
436422807
498521385
329749968
461019355
466618346
301641140
508492026
510694784
309130623
328325254
419363233
534236568
521804788
272567885
336025701
478772725
464078875
436290586
402891487
344367301
345911189
297309154
517152872
352449220
503745897
411414871
473682576
388752094
373710826
451439104
521064145
528642400
526612728
528385373
271936672
512134881
457467240
431238344
275574426
530691580
359808004
363417389
524459571
519865278
482451226
322435065
315353958
480361581
276999732
369865360
461150459
415390414
377640296
490218068
499282905
416020889
468492833
468067648
508636831
428391494
479747901
280032605
499973007
375974115
454543999
340022671
428465517
479245208
526350823
411431225
437556570
523760119
401838338
320342691
361466824
425071855
368470895
340095394
496228127
536543445
530580279
526603264
427011754
495569410
371963838
416561893
478144534
374261800
358897798
354733324
527156771
536750270
389447804
527800929
516356001
383867472
406903592
431525553
441297941
396573741
302978808
390322290
288405929
368752666
330768403
349539193
346746112
289726448
341223673
322187228
335032409
276268496
317806989
350721237
374277827
368420846
493410909
521779862
325864524
353824025
381748496
531920218
429808410
319249918
504346340
282593544
275588583
340318000
330306540
293571122
453375629
274827948
494277866
324786556
449249321
470306408
332588812
342161372
478521977
282962018
410839133
469249730
472027196
461305479
297644865
294068541
434871820
489202830
451581131
295738276
279817061
386998083
275800336
516015593
459942211
472519990
369815760
330162892
363386951
476724355
358523561
489422732
479727119
529982094
369111585
368925458
518588404
389830766
487811399
444066270
431465918
414839906
330190929
383491672
327707147
491198174
521593124
321606286
298327664
527376234
489439334
324116798
498813042
402417151
375392639
324810392
293412613
367505614
420935377
520801701
402116692
372587151
274112058
270829792
399614428
282792908
330967443
503356612
498229381
301197621
493724869
305711835
526841123
352083921
402556328
299389350
397035842
314138992
330191954
448144876
280632462
325168914
466767037
283705171
488185574
362771661
522317387
507771904
402371360
449795219
411110553
272695965
458127704
426328222
299788349
489100156
277610216
460834365
311557700
380640025
515153658
511326941
428802979
284458863
461701569
438248543
335052850
493952223
285771637
408410802
522733894
527289443
526034819
432501407
375760794
486514601
364439509
349489614
436382323
294371994
294626631
396221455
332831722
296980787
351345486
388988135
413320839
389357934
348736808
286279303
335179154
335698561
384844029
470837115
419213274
430336068
487511486
293434117
477898439
514828202
394809596
270224641
536743579
497387328
382164793
474792269
297901429
422701746
445294640
411879601
282123056
342568241
534078629
276832012
529471366
473606517
494336464
443902493
436940013
336546917
288282375
399007012
454090412
474453393
325448439
472514773
449145339
350824034
517561257
