287004149
468904189
526087898
387802491
285490275
334456772
427397325
372613306
379829266
502725020
307692146
412964379
427046834
366835316
368149502
286893937
424697840
322637199
272662884
420127505
403682389
529535230
535725253
412242849
524096006
484114168
343559712
477102652
528596875
475892996
505516876
533287914
275252583
530076256
400585222
509460165
323184833
381977020
361332380
407189694
334352992
305691142
508117270
450365673
517853655
513614727
409596963
522242839
534443927
520964446
512616733
415381135
300785532
333967814
416403269
386918406
528740698
339877033
455223411
389043835
413243220
356845289
320404035
527537178
479832070
305682106
481270900
492778711
525555312
492599594
418720469
470629487
336770708
373427238
504527702
309456846
282626382
413579799
477041305
300204006
361087213
364776195
410323235
458939305
370238960
485084163
416706453
310824195
426074960
397555487
490428729
364998566
500608211
291190399
276896169
534855896
391388162
406312932
479315570
307415972
474795139
317261098
320599432
383048143
453607375
346574937
293898399
463325228
398412570
494978056
400935197
493850919
482140034
294264980
456334427
270857711
433946435
347437181
476038525
364891257
492860298
436673698
355339615
328169822
449422906
471815091
516564484
434588991
515036057
437590501
504882515
291816843
375119171
447418566
519689291
522670857
372612274
344440113
305234582
314445512
349527032
311160858
444066853
327304229
401532660
485999389
314115272
297364847
517674367
357591442
392936599
476268978
479513896
452203022
457149971
397618652
500518306
499005194
474739141
347183166
289520155
329328991
435532483
328263302
482774486
420384010
420600015
407613003
388140380
367709704
467306889
419483525
490924138
374149570
496245226
389521770
352962653
342355691
297329588
410662373
310729075
416605760
515285271
380784399
485136254
417888118
387521555
508258047
268454519
329159629
398796145
336667368
294892846
280667915
454832972
498110901
527788839
503557773
327121400
293069750
442105083
525837730
286474111
428908621
522486538
343958108
483679840
486914434
358062560
507712899
308960472
328660839
338796839
324654638
348907737
520587036
476570594
480102882
457040668
443103513
368623834
273195376
356242940
380775246
295868800
501619906
321748851
445220672
518791097
377469642
372905463
367956340
425056694
418501446
507496960
517000721
347330196
316767388
508025379
461223858
479219814
516749801
436525503
280765835
383598319
414450335
486841674
276358956
473906961
484781825
394768689
527666193
405685780
488689269
473690379
286642552
346098480
390748540
414469666
363928300
281747687
347879208
297563751
291355221
464578857
418025636
356484353
498467199
278149911
465534073
273674096
376603282
325243176
368054240
348181341
496740219
271963635
450922546
428687708
418152422
306626307
415291057
276928485
270529597
472792721
281625312
400037290
457388653
347467930
456813079
372925496
394221594
531680250
503895210
342640787
511383280
484696169
436337969
365131964
363720855
429573078
316512093
431228671
496627198
399633775
369772756
410590612
425259608
411471045
427548089
430710656
397879386
363534346
334659200
472201068
484987590
280857760
309405780
483824283
454189837
456742268
517247800
418161059
314738497
493569234
490227202
475191459
467437244
365156986
372513595
365519296
297141943
347430633
332998535
498798408
303137220
532494166
357724040
475767457
499136731
318872484
410879528
375322002
303117162
380553118
348822579
393985659
408113833
420750418
333515272
508170898
468781677
314384527
477321964
488764017
378068055
477841337
344878398
318062177
446445065
517692841
392065315
442086708
530177612
315983364
314268791
493232338
476229378
335090259
518407300
304146926
286831481
329416689
423624963
390134117
460236541
496144635
335269511
391493648
502990471
394594230
512925659
387066008
517508623
416629281
437619817
524103493
524553717
343232062
388219899
337528999
385457720
369399017
433535597
477559330
464975154
433653917
431649604
277952770
402778745
282281712
502732682
505952151
440003267
480549913
481333052
301359420
471997088
295950598
320360459
317152630
393621841
397695248
522279729
278849134
419828061
371272945
389568873
469203235
454003109
464635161
488151717
448737392
357287656
401840001
479277254
469432351
386682200
437774514
495856995
456932511
379167499
339578124
384377564
344322506
337828672
459977744
511513024
333633207
404704351
273023109
455315673
448622387
415635928
378135610
480605581
501031419
375034531
496184685
452400157
271499241
331664052
418269549
328885213
373381180
489717086
499963949
512279369
364778706
356330813
524936726
329651429
446665222
407757274
380622812
391968952
349020325
518623214
377487473
356440366
315674693
440396417
496498337
402175414
509732769
348108361
505283986
419693515
480389599
443991734
529295119
347890203
413538131
444817435
536799480
274235205
283487888
350708417
293523820
418078119
314922286
402193648
377726404
506139148
443955776
507255981
287608116
363502532
315663304
295238069
442932419
449692497
276309205
489520787
473812377
332767687
511625370
430793708
509344899
457057382
459746123
347286721
350464525
474998969
405630756
394792948
476606636
287968749
406255248
483842657
342254724
319891563
281090136
462933142
499805938
326130802
412516327
404307399
489527429
360936644
470082617
273437825
392462175
368753687
454876348
409347633
436271569
384800675
316535814
442423147
358469028
530632678
318464380
439252589
391724645
503481669
418661903
373915930
473510881
452164786
357469542
342072594
369666488
461250403
455390732
476774361
377356736
340313748
406607798
414338852
441963060
377339501
497298114
496489138
438234453
274618034
457593824
505909783
364330395
311440625
461905695
356217015
429717691
501066767
414394138
309649154
463987465
461810422
344248780
487966207
416142162
376631853
408780118
360678599
529847142
506273928
377167551
504697808
474987179
284799958
530278875
419504734
364676879
315022750
451348352
303578819
421748855
384861448
341111561
422304461
459192201
300016371
375151402
299185667
531376341
432617465
442123565
317223401
345779024
479766996
319560676
456618298
516781984
304248739
505227581
500818238
479501505
427688713
452269354
445419391
338634325
489131747
423965563
381042129
303907436
307502093
432185531
394128322
384101915
353709631
461196017
336134755
526739698
505104999
422965220
317935728
470078028
363075427
299155549
299152348
383092643
533702543
319251660
527715567
310449538
465161475
297187281
309637842
303822840
297709789
283474645
490868901
456643201
522301552
359305704
283180463
383043325
478651111
480653708
334584504
369377740
277141093
445731706
270390722
415539955
386551273
469467731
295800805
320498066
528560891
364064598
465729379
287721033
299509784
536457754
479671509
410008513
323158108
378489662
319227525
414076377
320847211
327908718
318325710
462322973
454778119
416790606
467312431
276478001
474879914
377253200
399229637
424711921
457153582
309998750
533915994
481467703
280251966
500103567
295673242
534622633
521734668
295101405
325961272
364724378
295479671
402614838
335378403
370514071
438015194
273805760
527974034
363680976
532310644
348220243
447703050
379449224
395991484
397441586
282484727
527505082
400910911
360490029
528320370
315799836
285881143
413548950
307532044
336399285
475664585
472702221
430323622
457712542
487837989
430057547
338958437
384789996
505826549
374320922
334101156
527010582
296286165
326744353
535733648
422850468
371594274
512771667
369878460
504850967
325228389
479219625
495958567
366321884
531905255
365816215
404657082
416126170
355573784
317630928
351373988
407837042
314676335
318667795
535615838
384794550
282791703
513042353
456504082
400880596
343562986
277060599
470794483
377898734
276445370
329646777
513758582
525153354
392208673
487184543
300477626
505114186
418981106
485185519
362375598
384837500
418530486
517487285
529473279
269134536
277419742
293079092
334943485
490580019
438460306
309373619
523089824
294320483
322277290
418062667
512255930
271341998
436539077
439738031
465247276
510724330
340238754
275684756
419308526
531578849
404472670
438429331
453945334
460975462
326501696
452775203
344934193
449632321
454750187
330433893
362832963
339552462
294629397
337932999
272475198
320842286
471105931
469796148
393373251
385703731
293347912
330691634
448522886
383418245
499358245
332879185
352328999
509098470
503683606
407883262
337728586
307799577
476443650
271928906
431755993
332008762
471950770
411494021
301030145
398703377
282787912
419162225
431297690
318599842
449441965
372885880
445572612
360511264
367744433
360449875
400399122
279581887
504915069
493764503
496769597
414321394
336253275
407847518
438343614
285805654
316494706
299462991
430318365
361100323
376606678
490589304
518651535
361304058
352087672
370711073
370616865
412484992
367796181
422592625
385408877
439882988
412930931
345392001
399247863
285843240
458524945
315963329
437212236
308276161
392441126
317950643
310135657
366079742
509606767
502977624
508349204
526215467
487007568
521188557
457231590
390659744
510188666
388878091
416995910
339142349
515258783
501303317
325004525
339836121
321043550
514316811
362092794
374401636
308695511
307761257
526676300
375133707
422099472
290141245
457785132
473126112
484276381
411360084
502792202
300223746
507660538
531171452
533642961
411601959
382989150
358318440
448118805
326024740
532408969
487442008
492811935
467176679
269001555
297489300
423590321
509259210
414827501
525502111
335949747
457605991
494845310
406823143
438900257
446350842
505141540
450758794
350541227
400899175
388788722
438388736
442446738
346141233
411898703
382628769
433620500
393488376
533292167
339110247
298960210
423974095
270551661
380434883
366753119
292888160
378840737
269982137
508636483
336026358
447624812
268803788
448471847
378370224
370195690
472552181
450207139
532514962
530388510
449960772
401866535
439676342
366757967
340258581
489847737
316918851
340069359
383849288
468210921
279824921
336756439
354170094
365815006
376516811
449749317
371519445
350617034
319331424
292958418
505567803
494376714
354361876
289271203
469278761
488388150
360050450
494552742
508834239
384515543
496460340
501192086
439625189
289269132
383616364
503225617
519777038
505004927
386391080
357641894
402192987
276724227
274987522
375351708
297572928
506572389
472075865
442895782
332480352
531160910
395250768
308632313
452901692
398442943
376053836
495906028
428216989
388341079
430642456
531492100
331562425
469035951
444818206
293308539
390847188
515256916
478803685
336935004
430638177
516152237
301624209
447286350
382941048
434791522
470534577
366953434
321285852
413865189
403401222
279580023
412670104
317202100
464447041
419499007
323627206
501508286
274981874
525144937
416182654
299779480
478245390
369633845
288573506
471921844
458043712
279754922
426139587
457618711
496371275
413726554
515689468
485365917
497260442
333983974
390036599
451832189
379784736
360771718
303575690
348839010
405160164
443667543
375360951
397389500
299848608
312699517
484016806
334609225
297055432
432521254
435477217
509781870
511639453
461502365
451693222
370833299
307157965
494056662
403784955
465534753
287235701
453354850
455661059
319938160
410377264
508956600
419628145
300791405
388831505
302093919
370862728
287577577
413199836
388987730
429942064
415485062
490141348
299673780
460154577
386219663
422681679
457868177
518668077
457675631
404689754
522980364
406530020
411690260
296682759
388555702
462754100
504269487
384987334
445999466
463291569
298692098
285161290
409853020
370405441
355860588
496267729
445931404
317929281
434592688
527156424
295677407
284194396
534433985
482298214
460684687
373003921
460725221
403364875
341661718
512188702
284321414
305283221
334718941
454883435
509153477
300864942
410400041
463949753
532804555
381716402
449288266
351934244
297118992
338450632
346901622
474697213
509693814
481181906
526021402
498910646
373327933
506376762
408812669
372820434
424007011
378589180
425305078
274840601
402720077
334717445
431633162
393588752
306190367
486967449
382626627
439732900
443381291
412311388
492128502
319837075
455865728
452885099
478326857
393620938
470036671
363025694
465650984
324486663
409860668
476821736
338278988
448731135
439061295
384155157
379353845
332310316
325540895
485752557
335842917
449151654
385366938
495668436
337243371
274712955
281532254
381663979
280417147
367676367
368795439
457891100
535849367
362381733
503491742
366104743
524042340
401430003
270055669
360671942
375777506
424040977
496251347
366984148
479223846
391617907
492778898
464651642
504935210
524097259
421570760
289686767
374859886
279261913
294317838
536206570
496950412
393636510
444073667
526247568
498196543
394287543
438230937
506862647
360087435
271918878
438325797
532916509
496481062
469267504
475227174
437071566
299582599
528336808
471328569
439109372
299378231
442062078
319297381
408889446
338127722
479664992
319439718
406925804
356067495
424658996
435881710
390114450
448529220
346951930
417995915
334662865
442528768
286343435
474001153
533375840
439683292
291182588
506088825
471927274
413121541
375862077
324203568
533118470
385387129
315727493
419809488
351562167
355001609
272824938
361000264
525919173
436751664
271051737
431729617
297152228
472366590
471495358
520169431
304510803
328114843
399892582
343931548
427127958
429527415
447226501
512135095
483457327
317529292
428157826
381428487
480450384
456535531
485901183
505637627
445783637
332530959
322194855
421289056
464201546
460491789
353628249
327661206
353099869
368642161
534611770
451165035
295060218
516395644
273785722
447117159
474410187
411144567
282220372
354870979
346403078
270979420
453232768
387609936
415646084
491355367
352736110
332107542
432277766
414318675
332139957
352355801
441087950
515888459
300625962
336894519
445544585
318517095
455761694
453333815
439863429
327600293
369406913
278278545
436463067
387580921
487049618
395149184
309112900
371733268
370190294
514801992
327528567
276542815
361600197
303137597
361638652
326087067
502274473
397526859
270626815
302965054
524275345
468040787
306852058
519836275
497049025
376016525
526901183
325960598
525409742
413662815
335443623
315535993
482731470
462601258
322983595
429340949
488601737
430959683
409364468
438059428
446873131
269338837
468564944
512958982
290215149
352691527
324298226
446790575
391828196
529233183
365342195
441581357
500027416
523775738
290006123
431139148
408322369
510985835
511929758
273961044
329037249
460343868
398646703
270943081
351197821
505895646
342781637
497973915
440198128
304946770
270411283
378705417
388229978
368457821
408534747
447325616
301240297
371688688
282772255
319353502
389254562
375358603
437252433
413491677
303416111
427274010
479026682
530883438
426768732
470167589
276762143
424661888
496015098
512009048
374009407
465429417
380035182
336946774
351020261
430155909
493716139
418169860
353803340
418214308
342951128
493311508
528255114
434009637
501832403
448670216
362191716
318106064
301448968
522329881
481217123
464851953
311985107
528429277
521214010
418613278
391744321
463070148
341387066
358621754
385691900
445668518
411584530
348703060
408938943
440959423
321845813
456711852
302927557
376305585
396973922
456300422
420600226
380411407
497537391
432645203
274533340
387083083
442902042
327379592
288009364
434281080
533239218
409549197
469892642
274250110
317022583
464748190
401639504
440404846
447472196
364789087
290829033
522112575
396587729
469248830
516466391
283025417
366347766
305790425
490882040
505998352
277078556
275062093
515810680
482525321
520221558
507406144
467969321
313473356
407167000
333673819
533100006
433498538
298156463
401530945
370808187
282583042
447404668
372377491
411492198
503122883
357849321
323079531
343775753
316328285
383685473
367248129
453936014
431896329
464982440
273422172
463970710
357334499
523420100
441478716
447771202
322607626
367759786
397585517
345089699
405044280
365171767
303261118
384232549
480462825
476368773
482842648
477772051
306712336
473535423
308111409
283374330
486432996
531812863
509970676
276234354
298907079
279383365
270826998
445978825
522753677
451917408
473588147
319770988
352100971
387772610
309204728
510138737
354623988
437819606
399823100
466189087
517789840
479413451
344384047
475852690
446255081
335996923
345912903
472307326
281010401
433762350
299888573
308558458
409285683
417387588
327157470
275309804
328389286
293239388
471716557
476429549
358572096
507204930
419747298
460959549
277038121
395443745
350315986
376019139
274166651
272028806
321965358
527882715
381228165
276295860
469729349
306231210
485726668
462499283
420983543
407138299
491081526
352659941
404461227
518610515
451462603
349549126
450081383
429827321
502056993
318339416
406361778
335569783
452978159
445212882
355486002
349106504
332928919
498691113
501863569
416356490
310548155
436902429
463698758
344104370
362162248
285713055
326239557
437697597
526671972
510462778
395455214
375872697
485325868
442031423
459861399
333266767
286141205
444306431
334389021
305773657
365906302
477003331
344939288
369012800
268723154
386188630
508838202
498496468
476369040
286058203
472892812
466462232
471024110
378815400
493216468
276092060
481475541
509845607
453950522
468008485
386593133
431509156
496377272
472144556
507324900
269320248
471318395
456675488
495271222
466031842
518625841
516819472
511680956
413119643
328081324
320558213
427703535
368263759
462517345
508100696
408463439
432326336
353044095
379631525
372136791
383946130
342047512
397104308
328804136
274829902
452306691
386472731
304694653
358806091
347231290
294942520
367288826
433089657
307646970
529290977
479190297
488701404
361774034
521004382
330312788
433964721
382121212
313977915
494424328
442945093
427538286
312882643
444233874
407291922
329332740
416056159
445509253
400549007
436400088
320827528
487589879
526509163
530417099
487392062
528781728
484279063
467510591
394914146
529588619
526414760
446931663
380073140
481058573
416535756
428891527
460955990
278506533
434014548
349474364
507987815
467699444
511336358
294967286
282593269
405883284
304312757
379286857
275398837
394911699
306001218
438523921
357698928
376519757
304152425
276330118
508416378
392468174
308273682
399055315
349356898
368691271
482666891
285630516
526173057
428961718
415488699
389170723
315209987
319659328
464115696
422334849
457971805
487384342
314945034
382452241
421898014
370506112
463107704
428373024
333569182
309985847
445389363
299291736
460611974
316169762
381081824
281526176
528271333
459522650
292332900
385542295
287861591
308790593
323272814
390561253
502299474
417565822
478736535
445204063
272710366
533473165
303156232
524488630
466947252
501315479
520975086
279122238
348315137
396177929
518169320
519507309
422523811
348399596
466177365
432276767
346192508
403118978
508552532
519097552
366799110
449829741
420934717
341718297
494317469
368768975
298571199
489491989
335979256
311621098
468709380
286735382
347144189
348232764
340697122
278744292
445150640
533788861
276223519
481975085
303951338
498777905
444143970
278211310
367515170
342513696
284752531
276397482
498140374
335827194
306394584
368621341
302130387
386493322
463585781
349236974
474941154
477733692
276728899
363053165
481050168
272715633
520458992
526243076
395696076
341894128
390780149
491149726
341637362
327438223
451198038
290272670
292399898
320242915
369097597
478413533
506985495
393763753
384915293
285164439
360464678
419895462
340852136
419656866
455268881
353500070
328122599
371138954
319759978
269555454
535597197
291192865
289618443
494568802
457795101
466881842
451714101
365218035
272445163
373074386
308146543
441708659
498315885
489480999
526823355
397261662
352865652
301687724
373049350
359942205
386907304
459802189
442320397
299850621
273044963
356394607
528118865
399468679
504354003
297747508
305870312
347252846
452490137
428712506
293798824
387387656
420682651
295610771
431929957
471540838
273860752
341620632
509311810
389759058
425648853
458936019
523586816
354543211
350975849
355220900
334423400
278325927
334769707
380903750
351940248
401832709
482075305
359646197
288835706
289391930
372799908
455895978
314450510
345741381
490366100
320936474
349201176
405156421
354605854
484970783
457144011
486639102
479170885
510126290
450783654
345094683
393552151
334634421
354406802
476657303
414098055
414561250
318886292
492623002
326042197
380167220
306968304
508307483
365298490
371743953
382154342
356901059
447174070
444788437
446586551
418521773
420733960
413331716
370359742
452499994
349372454
494373053
386576419
387384363
370948733
406432141
423989491
484161626
276790128
482244978
524055559
301737126
312435174
280307298
339744143
351279308
397856503
521905375
509256422
516101803
318806508
509759329
468244732
435689499
348328292
494781839
363427065
348316805
280438179
534529602
363532815
346939915
499717083
461909387
510171837
446462253
489713681
496585606
535335254
341063686
525633574
389172040
487682469
330427608
467577154
464295994
299676199
286717623
291938481
380233135
429603573
534999616
423476668
346628777
438762260
471177482
342790958
488252142
504799788
439421694
515461571
425386350
361100679
444694811
420364012
399722019
400673103
309775403
360718455
309076741
335571772
285086306
464909630
414100551
344499611
294165954
521425531
460022975
470374042
371658625
480001616
289635004
381668048
425478107
427177834
479563448
434321913
314486117
419492532
372392074
389925965
283250180
323521634
446317295
303918293
400088121
431088975
459538522
500185500
361979884
521856210
514053205
418401427
482017195
298881804
325447335
471657806
535572486
516339138
504223454
306847339
457299364
331930056
372845429
501359285
288868223
313254876
339316785
485990748
306815522
508669345
331252220
424742990
347588355
524958773
287324310
458249152
453156698
417273726
525580093
534354750
281482169
332018358
380979316
317465561
364964787
421700238
402618844
442082342
470386899
530300021
421470703
533926933
421766979
494476853
289411888
316509494
377218806
451671078
317882377
280237207
508595128
406857329
436793073
376444229
336086268
454972976
477670735
333285685
345855725
319795096
516831324
293792954
351330232
433802374
508579710
287243907
443249395
272591890
525376329
404267658
310171999
363805078
336005131
427425518
481082934
419485955
489624167
492985645
291532953
513002367
349614496
305957422
385834517
360983580
484278526
317031498
298796582
314011014
485113741
511503695
464451939
423575114
326724423
349226516
436410530
344286591
468850141
311267946
311439611
526692446
533588748
424026943
529350617
501766910
327657084
272577481
484434614
358592651
452120789
437597838
455064653
430186570
310701976
270778929
442048255
515137168
336682535
521380459
288707274
359701551
470517470
484742133
385897693
451449346
364299531
383966885
387319506
292209139
486669630
532387990
271507019
401090479
420418315
361397513
379597820
389893820
408003161
324865741
462065132
297537346
328343560
351349577
295996926
354195575
358472760
474288104
309024740
445650729
324886683
317031071
317360992
491505472
303715739
421229425
272946720
436615970
454012565
507359720
408517072
402497029
321301195
479141815
445506137
520508369
518757260
300375920
332727119
530063403
446069377
318886854
275226715
314284793
515748748
361809174
372123939
308801950
390674000
434566356
373786603
368240429
404963920
432881819
446314984
377203408
286958691
400492257
282782448
308186025
518519292
318392063
353337713
373295205
286073210
470022476
415598963
389375845
317273068
465451682
414363488
479136304
304160540
532932363
446827896
397703574
327886110
469630371
268614326
533396437
411176322
459422806
414063820
358241508
386375283
312802403
386541939
385317986
282899585
316581690
446235514
509921963
289154109
394786476
293461022
327114771
531927004
393640483
508969075
452170341
427634601
474643648
492295603
422947521
473963543
315408843
463012070
393185573
465299491
355547564
315071624
283765827
451714053
491626464
307488366
502778434
427601587
505779538
326613178
517275300
305075397
390470609
453320995
329805576
346355388
293967884
297199194
524654770
306275771
427026297
441170713
377959179
460271365
393709007
524179352
274835567
273098935
435268903
420663797
395522014
438550076
333338717
497412323
411286764
380840959
297032829
427752558
368915882
283337002
491075625
455346979
285325079
310499136
311313598
352419316
414174999
497550637
340389515
510957843
279523540
524496653
303310931
360434424
463594533
427470469
471474323
449835422
360869647
407815545
299024752
399767410
498506560
355655955
468085070
502999765
532477348
296066880
429882598
334796160
381234770
533135466
403055245
417930562
536035673
381949192
279821851
270516195
397761054
387186027
331110335
376428459
378818758
444663002
338137169
528433800
317610970
323116305
413572192
317686389
371782892
531017960
507980863
331800291
396996153
521255646
373094844
276464129
422857671
368997664
352626732
298129580
513986906
393071298
486381132
375410761
520606413
503840066
408611527
438776576
323278524
478085780
467531909
374006432
288277969
335728607
381675258
391045519
353900869
501561696
465179650
511469936
411887091
456940122
293782754
298621334
487040204
297407486
355231926
298016029
492707124
494505029
528080232
272180451
482238874
316685067
305047286
477676852
430022753
498156496
472744951
300816929
272057773
356772003
387240216
301319353
486512258
275274486
404403513
288908831
298233021
338036078
384288922
509327170
344135692
446647342
370540225
499217566
320043653
382232280
487495697
490827777
280495651
425353891
496735933
319529315
273982168
493164355
500412075
519467993
274632197
435468702
526312778
348222263
482273251
390599713
512857329
357285310
486707722
312545894
440092028
270108642
402032634
383746412
336224469
426837927
388057089
471951008
300130108
388512139
419393222
344091536
504910991
375669220
332879731
286336839
332537426
274787153
370696706
463611128
411005351
323124218
373695972
300429668
419041411
455137269
440426441
501643820
486651720
330982698
490979736
391563607
365359234
521281589
379391483
421064044
300294964
319933005
404405238
532747729
400428534
355404622
438596020
502623861
281997895
407788900
532964004
448304952
413858362
287991040
303974610
271679734
355025124
331051767
331453636
509522894
475799396
334163137
283151427
455730343
428369686
297856654
413833766
502277185
435193332
324520314
348461701
366213616
354222571
441083115
327355076
393399028
273724264
445917688
427442591
312389129
436232382
350513984
332157075
486507451
517182777
295877716
397488410
494149426
361558280
515681905
466708305
306799236
391714696
499123455
511369760
381343964
513202729
462247364
391597365
438691671
441386894
473593594
363610642
343530491
409064480
414959639
323593461
341224049
268713500
417662183
289959278
431400661
367050033
381292837
483065980
484201466
302554165
393028476
351912127
499292880
525656519
515921994
448736293
412685710
458915735
530437072
435604280
471703071
485677905
305079307
365205826
390415170
456159501
454231364
488518199
298099349
532271258
287714686
379292396
385906387
424040145
428444126
388877711
427502759
483317662
383114125
361922851
418676113
505209083
336369435
292927152
344973788
353716686
376390691
451629622
436861468
466601039
305753188
422125631
387829389
424980575
501201685
468123119
369132705
452335692
453189116
394926684
322350358
414480665
459907896
297745500
327585242
425171341
305790309
393408436
446526828
351603622
348470640
445076994
491631508
320454071
404555501
481573344
387671441
343390557
521838079
452091586
287542569
535365015
329579710
360695316
352793470
306763552
300980283
277206172
485067807
323189839
311576360
298955926
305024394
369907390
416556152
344824518
403528530
343831950
491063663
469425705
468815202
377266591
297575505
387609515
534602510
355169835
474360612
358525004
379687763
337061361
498139088
272140596
421000093
412756447
322714727
294658059
409519586
467981864
397516965
525989620
492686602
504176510
394297589
400228914
478394997
458751985
490772102
408966568
375307858
333897251
350366968
271368130
438160122
288143995
304615931
300706137
361156466
359213202
436063747
470974967
377033116
327140085
510081772
295382932
432878134
314907690
373022542
429741139
479497773
500982138
500998274
479094022
520208368
399078497
520691475
443328973
379095728
417861736
533580834
496986599
383580321
366945386
503724849
389192045
285078957
324932996
456342504
534539153
358884129
363365764
431451539
370344835
333333693
425016943
396973061
291062685
388520383
391354608
522583243
466919802
328575106
272944264
381826019
367096610
420689214
396793715
459909449
353066297
525659613
374356207
310228270
363049021
271748553
428563494
274801143
351677241
437031979
524849304
276890898
475808538
320382076
275035061
443496609
274721412
336232607
302982699
462575592
534283944
492213477
384488468
474307012
398609542
356713911
275913096
271806152
270627953
492897225
316115598
530708257
497345768
314188915
479219288
403718380
450249250
455127073
529539589
480920184
353165022
302307192
502265233
286510811
434188196
479400347
359338299
437263860
357930508
390308373
472798843
403957052
522499306
302916193
288612811
496290661
290639042
424329741
316056670
416020014
519666645
334729126
459155559
504312645
340656582
333599181
535938851
372970882
363223576
421763861
516650229
360267284
268983980
381054983
467292393
307421110
275218124
307218968
430067805
389965730
425420718
473987309
373062067
284111989
304275310
475130254
382499729
421668200
278694239
461776357
434455597
529569410
484597268
523142975
431679311
446346289
426517950
505655370
451957840
438918226
361948262
534403843
335438214
299489956
293029899
320878183
477668619
346272424
367274818
316533032
518413384
305136505
305722348
325547686
352835449
485277025
272904099
456809598
397311076
459243123
440838219
525316126
496042801
522339968
422028870
316734900
313502123
298623795
425962113
458365208
295531669
280124645
322626084
270165042
280160192
533328861
426275399
514986952
302077841
391956577
393473942
315968783
536292687
353858943
369949363
527364303
361250427
283824243
457109135
403308444
292594846
518471822
313757561
492585806
382079971
447295026
533604731
493470049
344127483
476894129
451770628
485016792
409448490
308900908
390267792
293871634
391525365
447962933
415063186
352470367
529407453
395703774
278499545
364786940
398278881
403200104
338449844
356651314
502212867
356681067
363760732
530015060
394974221
324603418
530615416
437070622
361514311
442208300
531366093
445882205
425317673
472247067
533354771
477203114
391135404
442656111
380017707
521318205
472228698
482229397
350749726
343500027
344582942
448117586
274826187
357000261
463406559
273022737
508177346
304309517
410758590
460518112
531440259
422116032
464442296
392189552
450086432
502526613
307376731
369631074
414560679
351195509
328935959
285214897
367562526
510186916
348239885
475312707
366728762
373194837
468454117
471143448
375400690
368441139
332303720
314225247
331060688
290076304
493581076
367680884
436460984
337007116
413672322
457066179
468286843
477934305
358383589
477429716
276108965
296361641
533901023
329821112
490311064
495643678
383435930
302850949
274071354
439513649
286204652
281497334
360028494
337132772
522596171
416005593
477228876
378235691
370151092
399432194
383896792
513324776
400046702
379116717
535655916
460998543
439492480
366083340
390931678
295918257
361316617
458619499
482515080
386014517
293276006
421342369
299668252
282738487
437206335
343350146
330213178
353676892
472258836
484453034
272221015
304732364
473763979
362075772
373193670
310693767
370083916
404254338
327723867
300722525
375842540
466874713
445559786
438516437
304081748
432765160
318613742
324739573
318989925
442665100
323069157
468359283
532722358
411434780
463942887
467066454
497342040
521815405
393378109
464373874
451307046
425384759
471230705
447445242
410123182
273881476
390460593
403561610
444816804
416737820
455446575
436863061
470968662
457602670
413016124
414763193
440921497
363418572
503105661
529196050
429279645
461679507
337671985
412947058
524472269
379670730
504283838
407714497
413028101
421108072
355240926
427963014
446052101
402181633
279437467
450464349
281892086
399510771
503204765
356119081
407358083
422368059
465217553
469860245
489984459
315709009
371824855
531027572
347007950
450717013
445170655
525855945
448612790
453476680
434037293
323104059
336378867
421557271
371293266
489479660
314536797
334157567
527042374
373133449
421376598
391224222
478915345
486015286
486282332
275687794
333191449
434173808
342232737
280946775
282897891
387518754
371257985
394048767
472002097
513550171
356596296
421701642
299398547
478183281
536332058
309367309
302305885
305928769
268961332
498954583
274694187
438058118
308892309
458786534
346182249
335727047
363026986
437035693
364412978
396529180
487206189
345541732
444069533
424813287
423924733
500585756
367610378
512331641
527297961
392826146
469838985
472420814
465204195
340052429
399839391
359409355
476595152
453185943
524291846
426745868
389805890
371864160
497596207
392784861
520654420
356212026
290745137
429825430
429085841
392428608
502475944
331603960
448249832
318410701
449161076
334717492
468837092
337502446
379045614
474005553
516147609
344083990
384746855
286480360
358932592
403856740
378933606
444425570
502297227
417652570
491258329
510106388
486238088
297247516
352588345
393727802
488668902
481287099
331650978
400796752
461619775
446845011
435657174
303203933
424128030
487571377
276007094
320680800
308751563
366314517
400314892
467218440
472894180
525525293
409366529
307628557
417316961
290498241
503134967
505170739
475471014
318147867
476577852
306471229
455661020
458966123
525647792
329719756
530863061
350551845
488073279
531985132
295008270
495750439
350438081
295845972
283909330
453786425
443047215
340515366
479672957
404118044
361161475
430868680
341278740
410135158
304029765
323207355
297858725
478724342
321024015
379764692
375552106
426542155
353842581
292835328
377044707
524118713
492535365
529464831
344402143
369604745
431306687
402825219
307459837
354768136
390581486
403299220
401419463
465615226
452288143
276072141
483184387
356452871
335345370
448241074
326483737
280452354
313069722
340158428
343998934
315586007
531925283
308975854
416144208
329986088
508067574
314960020
464064396
323453408
521410195
409903440
449506565
315818762
296695131
443199027
512746566
536482898
305920592
481547985
303481786
300728516
371659474
395099981
453347751
270757033
357145685
424848220
378661438
345635504
475355944
485703353
532740684
526434157
452129459
270087479
535155619
376345454
455436093
380173011
469849495
355989810
389876614
360002817
379816094
374897038
449180603
269419492
286743443
437658804
347699645
536853898
371887807
289588501
325546567
500014453
447805419
442430096
420984170
512885941
532869445
451626018
529322833
307860960
482909178
460817597
298848366
474414123
388854757
349777470
295264888
515356723
395582706
324869556
458402090
447430433
268925661
479630277
415216912
449143689
489033788
406804319
468002822
499791005
517638332
315934177
373372460
496269320
479369036
503545993
504624391
299952343
453998495
445470523
359872711
334655987
392752798
369707577
349618794
340533404
307888585
308055360
271910652
426132938
428693175
293493439
363494826
296517448
317252684
371239932
438162916
520657736
410191503
292356901
422350695
458705115
356533807
477243562
345194254
408976685
436979989
424414274
324291913
388180174
499775298
447818380
515530803
424217459
280389654
503895976
362459422
342679545
312273566
404992226
512402959
499484312
375926440
524507617
412396797
299503753
496719594
440915821
396826331
534784038
361774301
277042384
283309288
415006905
299430382
361793045
437810120
474698875
504604555
353884252
487023557
338496906
435067543
332973556
498134563
519327003
478233924
400752319
314912729
375007169
362723779
424396829
389377442
406871573
404144119
433888363
433839702
448043295
455874922
482725081
361992956
328838133
509766262
527458490
462283712
324297625
394769215
407463254
319643272
514137048
532659665
395062635
342942251
322509490
491076183
381945247
447430600
439074299
450374896
482235771
316072868
501255837
448849165
312700102
420140072
424040903
370987981
514755292
415000239
471011306
298870570
273572505
536220957
377635989
378738744
340749078
368720833
445012573
477382420
323411856
512871522
350996750
418438336
337855520
313043481
462507123
450703503
357658392
384467338
514725513
423519080
509451620
431436305
477849598
423268619
456124030
455888439
404656112
404420351
509797648
501322849
363105136
410920405
507825211
440192797
380534050
270799332
352347654
535804125
516602853
523603734
465298582
520048941
358644808
384917770
514706703
401173342
478104481
444289344
481685009
342724655
485074857
337568498
310358572
351450470
496295403
366078876
369298246
529160468
400289401
368599244
285987300
386940332
512536953
477162517
509586802
481713407
312328603
296705702
399855750
413732674
323702991
435738377
528609365
468504012
458734650
294867170
333301109
486383594
375061119
287560979
317128780
309243318
382167221
313739732
282325884
527410624
322161715
526745691
329878901
478282880
314737228
355376010
432207304
515410209
321016519
454754539
377750334
357161729
374323217
312325975
315426686
319188930
401212135
486435127
465130261
486113832
287811370
348784078
441350135
321391325
339328786
430376338
278291299
314865775
364317680
427247583
409534565
450482735
273691152
509756594
410271646
341596559
417531019
339164750
347075728
390867148
281344262
474905635
429471854
457773671
305715399
396907569
524613156
347686851
468334309
309817982
391868711
526212135
355720917
437950839
336495122
315498304
294498641
356869889
495679886
396553522
452433918
451653591
455300312
327683613
326077895
298064746
282019795
457610654
286788432
440715235
347441739
341823505
314158136
341156876
275886627
496797454
441220188
300455108
433006468
299715883
499561564
417290648
370270074
437657688
387968494
509747550
533318613
330628289
518265337
333955051
356805952
433444390
391505151
433942135
434887022
458502235
344886887
280848926
489421222
520683341
273761753
383743080
355300415
382174246
387646580
435296738
370860754
354800690
322782035
502642043
385942905
522498273
497051947
316321066
319592069
376406044
487919247
295092638
356650668
339285491
496242123
343901648
437750552
320620377
326702749
475913790
487649923
308534401
283209177
321894408
522285850
337055744
473217970
504772700
327955172
428015255
493126009
464001645
410530996
534370037
509377854
291676138
424517831
281430702
313908263
523269165
426483108
439034236
417741571
438860568
470606844
419857966
472191157
306496778
361144838
481368628
504495787
468735089
446056770
486942822
493410272
282093405
357754455
327427879
520482157
297718253
302309354
388620251
272860393
504380705
508073786
503773522
371457098
333207121
437963645
401529661
446388573
504592958
327715217
523898505
319224810
439086340
407857227
434975823
344202520
522996334
371329005
378053478
341575575
372522959
344660800
438105685
426385302
328864761
477277929
425147224
519776587
439221398
367555887
283381115
412717300
392573290
437741962
308209952
383771284
517584252
436982425
348110607
502532035
289033233
305394129
385653876
456886887
526821514
411656219
392387262
390252020
492032164
336682960
408215534
505933383
466035406
306841046
322641668
339482014
288301820
419770585
532987626
458513031
308711955
418119365
513211827
398788073
397577915
457515132
531084367
339754819
388421907
340634532
347601042
332600483
348224952
339237476
339942196
445348183
428232844
480911312
402822338
364701644
398500268
396077024
452252367
530769704
377575101
488247694
527499081
382660986
432857664
278227844
318119403
276384604
328079269
349812473
362435002
319625784
508694003
452014016
429836278
442243273
466822844
280979233
310520500
319395130
380341873
320052771
364258931
525860224
341274585
287586560
422500782
325397720
523606840
373333698
487069729
294736261
268949097
402724362
302478477
462778517
343096923
497494666
461045394
288528060
280641227
490448054
292718733
299550263
412566340
435998792
523461665
324495965
439603891
354886473
374557923
364390276
330255813
467061803
385885794
524595547
374286217
273731052
416467294
373689010
524037894
406812767
427007810
484918789
472336460
275975527
522281188
382580666
293349227
302808488
470008120
326739507
295989345
316508242
382286762
341586296
346791738
369256717
346421058
436989587
473359133
328924317
529435602
366741635
332710126
527078884
431692583
353897417
427932168
524769717
297697882
383787123
290954316
417170853
457043344
462165007
334206673
364436947
306437514
286819960
299227539
345524981
335321118
380301209
417142437
442550485
531999091
282835094
286651974
400352303
347203642
518069103
524847793
392305882
326168050
493188465
329968813
428594331
346028729
321241779
338518747
327248575
501741736
301401940
464364617
276847375
302059683
440378416
375845625
281550406
444303006
306252576
434464190
293714938
444697489
290266529
284423871
400029927
295650212
433155361
389848923
299903829
483695008
286960587
294879693
366521709
292417972
498667351
332426076
527410590
468098234
476932985
339095815
503647357
419751858
270224204
292775371
274608740
346641403
452322688
374564872
444117287
483930679
330779656
405184355
343534669
451820907
282004254
492039498
480976439
283622971
393411672
438808808
469479089
411896672
468158921
457728981
373158755
354131297
303830039
355494948
375797889
490496395
466969279
465846624
405055781
394754164
416031974
433628159
532886011
427786789
427401367
491575499
515632672
517526756
426231151
467111838
312621952
388513490
440600421
450907518
303536252
279656561
489777507
536294323
452400182
273976037
493609328
282011294
369864351
364093075
273988808
446588070
290785160
312507587
397422332
424692565
309253096
445196672
533134167
514322065
307926395
436723597
510512397
388176744
462749803
381039853
354723276
332859839
479373770
354928538
519863702
443675332
449482906
499936436
533932970
387962977
431197530
285191374
456270893
530153167
471575395
497811811
335522605
500858423
378675151
478438817
299017938
414970843
280646592
467598355
530573423
413325524
288377272
335561089
375060918
352228777
277730952
529867124
347944142
321333296
390982344
466905312
452433616
360974514
327121440
481012160
425317040
490899606
463268453
391132459
516281887
382616856
399273484
372330972
282350314
309099274
329260879
281787434
393280260
511899204
314609650
464220334
281237812
304108688
419900481
323918706
471898812
442191017
432369696
487236405
468087586
439138066
418894553
326760648
423472806
275565475
524595750
497848062
453617409
436471582
438337242
397928120
524010357
433180157
467828971
300280326
456406925
393672944
418868607
525240035
389135369
482001908
374907791
389685973
455873141
367135852
328213487
382736882
456014632
283806740
270589367
375202384
290182531
514320363
441050551
333501143
443535258
269852050
367656876
431109658
269849525
438542359
415512314
498978143
516326435
463858532
393272777
530544594
423094547
443378471
322970313
512329808
306687913
334479380
479544998
452997414
297557532
446933593
469266920
500353902
299524311
348306758
517524603
458661560
306048540
292895591
488039761
368524068
396487104
447521264
406937966
392169057
367037198
422745003
299129271
417207132
434389419
302447780
380854900
464853078
535401214
518355643
331527188
359657952
534460074
373952848
415882494
456776867
351017988
503373905
494616408
284465662
405141838
340047313
414396313
532602549
463085954
442245278
291215113
357509419
458749032
373975273
434955892
318409260
461800375
306261504
492574859
343553374
404338568
525674464
508030796
528374975
370903444
329409731
269960720
447279513
415907665
352174945
460452883
324628128
503715554
516270670
454552990
355680766
521385674
397639893
335993162
393463747
419687819
482596681
515520578
413868685
333958237
457423947
414408827
333048425
421209885
476870163
451441905
307491525
353971408
458683677
319456064
489724182
292228850
299123513
333832902
332525783
279958111
508071183
300849947
276425996
373669830
452422919
452139398
354651941
368590954
490860358
343624658
427467207
277040970
496241163
479699694
400816150
469721818
413457154
504556608
483940331
446028678
455983140
454284635
457081547
483159027
514761727
435600212
368732838
524371276
379474363
401277279
457708662
430700388
499652699
308987171
314136717
354066344
279020117
482477365
373982775
493785764
298371061
446095595
396546827
374311229
513100574
343937307
474709170
301550227
402855057
471516624
477248583
321701054
534231974
285483153
327664164
345862743
531906314
286751417
290101727
399539470
340796369
528150393
300790660
306420308
451495903
449724218
295710584
490695890
403139548
297180495
331684951
386110421
403453250
525652708
406705586
314874258
320676674
473946240
306156199
507276458
272138631
354391202
271729166
357704214
347391037
387191223
363987144
376125790
371892744
488146831
386890942
418289886
301403038
345041554
500576183
277870039
310356926
361480381
328593282
355895139
334606155
286229036
357901145
335565381
342959434
401046109
520104697
328146261
298763571
526469401
291326295
324338202
473171673
415797502
281130723
469210717
324244953
447243641
338406777
357056345
288475778
278342918
349856949
402099405
446698221
355728852
445914157
403207042
499783548
398191824
488802970
273144313
385625610
484470444
531620951
391849201
332401897
352431825
274876338
484351707
424858015
340189549
459823184
524503341
307797455
371186608
313614828
478092557
364971997
439618681
339996246
520405610
434360147
507563379
306723562
452842897
378064947
359765428
297061689
422836184
454214601
386418849
458535489
340154050
408403827
421745801
280446591
314892407
509090600
514277777
269940139
281947949
323412194
407400815
282217437
495544035
438351389
448841807
435166713
384527673
340010190
358635773
512846125
286117212
277199145
506375981
511697547
361931815
349748902
340950955
518492071
329479605
378166240
483740173
520587370
454103950
292162630
417196108
432920624
336286102
297733708
340007153
515668078
484961544
327966216
406941121
318244742
448045676
268669348
521367282
394930929
389342434
340242129
413342673
440493326
484624237
402548228
529725145
426581620
415802117
334041403
378665890
532043076
535378691
501310546
353765829
356086094
494046497
359811986
352166982
366720650
291810537
357133679
430621189
479219983
477990436
462949245
457346110
429888694
383850064
422076067
495892000
447706088
388490354
445854525
280371688
498844976
301202814
523162887
506372176
446264614
424091065
400328967
491860449
309349774
396825052
339470698
498858579
371659170
470995241
404088309
405161567
380513294
510234194
298816185
435297324
523425602
360027525
473985404
523533961
324501206
350299966
463953607
415203075
340059889
424083835
295659044
275160422
460866340
325229327
498091565
291349896
528954873
505043949
344134590
287934318
284461909
346229324
506273408
345182539
517438188
272956931
369462077
487025891
339611928
274312777
517509393
319058700
490771791
500062367
339977273
469030419
455203268
361904063
424528973
466615494
359046338
439845987
283849486
507847616
536798430
353812089
425277594
474496757
474305985
489556236
477378263
338680393
398092472
393303538
352959198
526006759
511482303
275874316
356360678
427736991
371927776
510662849
512473214
432884214
354756169
523542705
405496161
288901139
295600165
428006279
374475295
515925126
452762046
386014966
366367463
381463942
434904446
292996863
336995903
522969322
287754412
363975586
315207626
388931250
347089422
481750755
468093033
475061589
514635397
385143318
478360381
378951149
387411716
392262571
293449540
414694851
457276938
403987130
296685065
507248908
313203524
361814508
341180772
516108616
284039116
497276882
311585400
292326618
307989952
486275428
469326030
299184008
481093659
344394303
532051377
500538077
464379229
346361930
442365044
470703435
280360938
437493612
275565932
385417196
418551941
309449213
284101120
441818572
480340231
294292542
399450687
482332000
406765885
464935922
344271119
498774862
383750557
451807187
513063778
281739374
292626251
293778157
332897925
325360363
494193121
431433278
511312508
476581901
321767069
494105055
492210620
395769616
505341448
333483260
316688526
464794842
481832192
351936849
350025177
451854275
299861283
420492959
360245938
491364173
316462621
423977033
277500681
467764099
479336657
450378526
289648358
465010316
363595165
382601331
440882766
396963852
534597143
279860166
357308073
404257403
281409829
529742687
498385140
323499806
381963181
311206845
339663608
476932377
495795595
296763025
403072048
531648743
275037109
332236379
506053950
457016845
316334077
373853386
277523016
298401322
451727997
496435655
405319253
397479766
499620558
384568457
506268701
311415803
366080020
436073442
535744767
368166981
274014243
326309382
366774383
373083579
499913567
319131248
273656926
514118259
437619558
518169961
357816134
446085746
490438256
307656757
378337524
490532055
293265450
358697397
443631279
478493046
371784238
274018318
318980775
484454298
488272490
435421140
413760452
306361697
533087028
441181925
326542492
439392748
388191154
331645034
415650971
534273227
411110531
485670200
346449699
285674893
467580620
358762186
512466370
400603742
302828008
528617765
415932958
384316276
303535264
446625578
346657679
409360067
352123575
370160644
308488599
469359782
343511546
356972169
361328564
482310059
341366526
278450808
527189630
366356657
340104643
305045936
367302758
514069919
298913262
270830665
514681970
405522871
490509552
436774047
305726442
411348506
274761532
440631639
394732958
391424703
326803913
396637944
331743668
437411485
495364390
302482596
330653911
353879983
496158550
377777510
408984797
277315370
288055761
524509558
442338623
414267254
374516397
413633313
273568501
378742714
491698211
414579188
495006787
324942633
282328968
328100743
323379076
285970236
420993540
344923706
349902509
395494726
371007488
399339048
499661407
436361292
442770931
459008807
363451148
389340181
401908252
320576258
511954514
388840212
348267774
445127765
408902958
475680853
350504898
502747259
288780653
412078224
474282372
366629041
367840705
374406987
449048582
383795048
427589786
427785225
277686654
368506013
319261723
404599944
502815832
362713911
337980868
432404912
294224543
344728946
390346462
335062215
456999568
501286726
479762157
460402993
502503357
313986092
298141846
384020831
272272029
339823359
324062241
294452341
479522628
398782877
461184508
291733189
443995671
465313629
310483164
316547164
384657063
304209943
403666029
434882237
508218083
474825128
404708845
319733595
298764004
336474996
502973256
335464362
399221846
505095835
466959959
406892489
425189108
309241769
484114779
402273488
433030758
435294857
315443889
506341575
310730948
320553000
518815210
449861833
370217488
294678613
325212045
457765473
324955475
433033192
340298496
374608606
423943068
463767554
496923742
282796215
488182762
269159928
431036518
449777976
349117263
367481021
305665265
322727384
471916661
503311516
485265202
380038743
344900697
294869332
486886206
291671768
516333613
288101225
374404210
428178003
295042667
397608810
494102604
303692020
300488662
483360947
271307890
309722772
391354922
343506812
434286198
428664698
386095787
383188137
276847761
382377932
428320392
380867067
310564735
510833506
419177302
468829515
374391004
536650583
394888239
521555271
335616078
448133575
510154302
301463362
525178254
402733058
447028524
423739605
271236268
448450892
498548777
495541797
323964142
520804593
337499260
375736955
444937778
525361881
309601368
497190849
358598355
298327328
388803756
277212541
448909198
448059746
290243646
294503117
523556787
311207327
376684101
341619068
410386575
527802589
509546608
472881540
471853165
408982226
296334517
399509119
486981391
452481688
334567068
529908122
428318543
508826170
399505120
377657382
380508131
341153451
495152183
476099284
522875652
291540869
409094229
272767491
393558322
350801839
365798306
414703513
326489703
505594199
283760705
519709773
406822424
312140020
468931902
428517341
529115745
514732215
430728297
421679288
488625371
431353834
341538020
318628652
288164314
273486228
509579104
522734150
287812164
528653263
399170510
507375042
405807775
429742886
532253159
337038315
456058348
428568505
524687401
281213155
282906224
477604062
522251022
524174221
499478345
409988048
434407979
335860476
515818888
511110433
476098961
379348440
515910478
271202738
390447696
270464296
330383507
397328336
352775469
371049977
496271468
448405761
282368004
416232591
477320274
504083897
308169640
502076813
407481036
474570114
447400837
404672621
452155717
466347403
453955587
328987476
489410023
375856076
392611441
378999139
478858703
418236878
431092810
499314708
302024632
464139511
533887191
278773321
394845549
384765826
489816727
289899680
520795509
404518804
442100053
429851359
297243092
417420347
349713154
469897788
349397850
530134769
370024181
363850318
335733625
495044878
293628090
311877092
282742510
533444011
394272958
272747074
510264161
446378255
361063024
477103642
520324932
426844725
302419057
318123545
362978520
391298561
495669397
523806287
396930665
520304557
422260150
281995572
283683239
461074761
473249252
518723044
435441001
368132366
349976124
393880495
534117950
355151813
432820965
524928032
303063997
420175408
444186655
269433687
413169645
410884184
493112525
529989949
440958824
495152286
536468550
515911637
472653171
331792280
295397300
502137430
431923505
394138993
306972785
354569485
310285964
402851095
347061319
392912403
488795897
422238928
466901127
527795422
278293653
385234763
449835127
449354502
498950528
268512399
417877031
373173987
352861627
423594865
337173251
361851292
380224110
318789795
274522182
499534798
473851492
372868236
482283835
471190103
478302132
510327944
482724279
303798049
345309172
332620691
423317944
377121736
469851608
479006826
515458679
398486543
272253419
513050191
404818757
493686217
271604400
461683672
469948607
476249720
288348429
293852780
451695100
284478104
448929112
380916786
277445234
490017056
269352317
442394989
439592388
383597596
445798116
433205628
457616955
476072901
310804293
477827281
402110258
344164346
455022936
272125461
333071415
286612324
436319841
497318516
332284444
491573722
291872582
339573003
524270615
391786286
423414836
396699326
496901764
302192809
389684074
520575239
305944314
498244107
468232970
405679103
432788737
505716947
513349968
369732666
410120245
420646949
450800497
451316989
526565027
497263188
529176706
331281275
501531457
385792631
376098852
439474384
527257753
418249653
524571792
375953680
407764926
301419514
303134676
360745075
367515741
430925644
532757014
474684765
459284492
308818065
442245251
415384836
282944919
399245277
389279899
378449391
372409031
397196846
349680157
316687405
343805384
385890292
397577703
454308687
297539040
451575029
485753216
295216475
322234166
433030897
378582958
532417804
419837762
443831446
363031461
483044176
358720449
433012289
398429691
414968391
349313317
342895313
430441155
402957598
533521995
519876271
420850362
520623906
278516895
441918406
446664969
531423674
403058190
516391692
384871538
341604802
397242923
532327293
387095155
362262171
479790291
279349150
274304246
469067033
301720274
509302783
434497159
310575371
380807146
349523830
487848188
448699120
390564281
430000838
294853292
347029763
437887544
287805813
351088941
500282485
338248956
341215669
442279359
270703269
428626305
283563615
299387411
508901748
444382263
282239901
484954463
312333104
345957925
455761483
477717913
514556308
432272317
401931872
450886293
345909688
314921015
380104327
432649986
416201036
393168903
434605994
460772713
482565180
377566959
458358279
434269598
286777317
420981347
333441144
321225534
487213521
482640203
519466723
337815642
404741875
513713521
415923524
364888872
435179620
330103075
422251512
413310881
519372961
533466010
400404422
388679643
305886057
275443079
284194820
439364861
296351891
428097742
386496438
273831895
475059020
535157942
287293856
404845078
302831058
489576784
328018077
289418245
293813957
485027702
403060945
426705435
488306116
293605600
354013092
510702755
334865609
500177783
373363233
361110120
318412689
282850871
475630368
414918549
532107034
409927383
270077161
320441211
317159737
375465356
385479793
321723736
352744503
529703540
431531033
469623077
333522034
365623191
402542570
519321806
515763385
507924751
371987259
495519982
484160511
297279823
421047517
299978943
291420675
502880093
315780173
375745668
279308267
303843968
454453307
465227456
443042448
449105626
522168997
385815040
392093889
410683335
474509054
293889260
286448709
531571867
269685164
444227198
312733795
528655618
437747266
293706401
436891485
510252522
401882838
284428891
390014409
460126909
345376152
500691424
369614026
328458183
461699636
512307932
380091099
448625767
355783073
461762368
454349354
423693821
486704162
499365540
338997700
323032074
399425293
317707959
405957326
274667646
528676237
448150889
353824079
532803104
388273956
353079312
434740971
393606829
400547506
471722619
322269631
436305744
370521147
503379933
458855254
519330774
407215216
489797346
339807340
494742779
468367795
374285259
285564867
533365820
399369803
427925702
483148353
321454030
341288981
280995535
332762560
346267025
375597636
532669514
460772651
349148157
410521518
399594610
521628296
424248248
521674358
403422578
485039265
269459286
518976909
402223705
302623300
533456304
512466321
338321297
396298442
452365157
398612716
449293454
427282120
450207163
511603144
298276153
325313990
312626975
426759382
350758066
315632243
446866689
331742590
391994712
347051674
391722746
303527739
532496462
380764652
487346888
311902064
484514149
308272967
482676150
270667464
391297801
276930331
275719802
383174602
476494644
372432913
395264066
394974105
342668692
344805926
416424851
278915227
462830635
427996751
475590208
290307468
477200426
365725523
454324646
330822246
430223663
329966197
455057173
459540152
271214069
353907705
457748837
361718921
271627801
316947739
306056677
489514331
361044695
502861600
506505886
433798612
487926862
354093977
434375073
448222836
272049432
319020029
320970908
440140979
387190759
282481664
529914052
429503614
385172570
346833675
301846796
509464820
360134761
360339219
512457297
278983333
418084790
330795227
282661849
372639274
483628537
305477308
288289314
534639134
528215833
374795261
450661188
292152510
288020503
406929059
270281520
275087828
410413172
536307057
349693297
284849783
453234749
532131780
406512288
319637453
464457837
524633192
475542487
293836969
381055678
400145371
487365085
463012790
372079364
504829027
472816202
271188575
431543145
310060530
439691597
272704304
381148600
442018539
470671330
353451315
338880287
533614520
335815786
490904493
399685243
479151378
285788926
290665268
331505728
525180157
408194434
451859064
320405403
368665489
463875803
271779522
288130962
343383362
279155983
346336805
493400767
423608506
343274115
501569085
304993355
502715897
349635385
460980453
360747162
476894490
470761729
346864969
531389279
411743265
462755105
497066468
409457761
486217314
423789679
422760839
298879278
397179091
514293150
381841058
386059382
409851616
310582817
346923313
515308336
509760918
407535175
373616134
326032726
354637677
505416573
333080625
432158933
396727298
354733527
477614605
434315171
450625946
333205867
365459956
406946015
392120445
416125232
494265316
535103183
326158974
270130411
305709561
334046643
311714083
374638087
394882545
385404549
467292534
402384351
462671017
483211730
397803964
386297510
280617946
326649011
312075113
362459510
375584403
341766960
370993581
455357404
434682695
460763002
424813286
335595959
325427005
445619303
339729353
295773914
534093374
499698920
434538566
456090722
385603018
347138000
500478786
460818391
362101404
495807984
287964403
362323799
445826640
398488634
296257621
535177044
486112291
472360533
440961787
507105170
512293725
326014946
429793717
474771378
361999925
324513008
411428219
515797946
434320051
452259811
347995999
448807035
301765240
374170157
371447635
454687531
276243660
279232970
458526598
301085402
473583630
427181577
311958649
381189979
421312736
391515938
304029570
379557729
406078871
512755467
454880560
300388401
464494819
364656617
447032863
410617649
426074583
385210850
420361538
425541517
503985366
381769839
313222129
349970237
443907554
376794254
397856481
335953951
352135527
434580522
460368013
289282276
453186547
483974643
486533733
424197025
300194551
295060647
531525694
475657305
399855655
276665344
508501257
371893442
401203246
523064554
371676816
289033771
330081723
533929638
527765214
335729816
291476392
277928275
510918547
275610438
448721663
468797953
483414582
308422530
368350077
410574922
376209598
376027012
471530070
477304547
491595985
332242570
432409037
532641602
286378174
435305880
368040858
304644700
330549053
310037548
366034566
331919294
315542385
458865064
434161065
341298797
283402609
388810587
296354161
312844466
298980165
493034284
357275405
371850756
505227260
503198264
423520197
278465154
379931911
469977620
440711276
374399995
434486541
297471777
424680533
435888085
441324040
309509679
493300788
490445793
405058132
513628517
470303599
418122080
512301074
316013594
384042894
310849959
440977112
323562892
343225686
335465848
463298942
401317916
376459061
366357211
453609540
421277676
429143083
529523276
476693245
301552738
523902169
452708707
269079107
341194992
362882162
420645896
291261279
484140427
484998861
340594039
313358580
435481451
272566707
419707839
291197631
428251768
506090305
487056926
351458766
477578703
511748131
325463640
335820205
498407597
381009306
486490806
324334129
458541045
387288200
476587208
377679562
443848599
285648686
357594076
337879863
276385458
428888308
527785629
504093264
315049916
383170918
506914543
384516984
326417588
442956056
346599908
398496042
296551247
461597009
370113869
374937006
298002810
414215176
532386055
425696623
323385768
450916072
496098627
421980470
315770128
423773934
482261385
292946612
392880354
334730886
383599976
282087436
405028468
343420178
305752922
499818357
421783990
458657627
313396304
383478313
440362031
478686464
501717838
308384988
292335485
356964694
338809851
513923626
349084462
343908399
429087100
383355941
423922599
373864377
278077822
521676962
499461591
474949878
381243932
406659081
410663685
522335301
384077220
419451507
370884621
284873463
465040683
433513895
377327278
356416429
271057509
505567156
302609058
524540516
463063160
376671054
498823385
431528994
381798286
486977217
351081353
528766617
354561514
315186079
501959715
310542931
339815256
312902541
383207440
517350122
309895826
361053399
306390517
441257936
397925347
285582986
281833084
458142490
301720723
405811115
445601663
465400083
404523433
505899486
319199403
477059204
382332321
407216093
415728531
528405717
466522649
416058170
512252147
433931515
341289967
399316610
381478139
334214863
459448925
344681229
348692787
308967528
413009541
483714058
307316132
389265193
477584845
335436969
467301485
503350075
283395604
463135009
427089126
527767695
364015793
301897792
379662693
443622076
446028932
442141197
498279193
485580346
369607951
325187565
508096325
433899674
388429687
437636229
443858116
467191484
436451335
473117392
522528466
330312166
502631953
369990686
420815035
508922317
449908199
532095639
429226659
304868300
383211066
305230508
474457675
465747906
355172617
477912594
520491461
443594610
402896472
368908963
458707825
371223504
369109535
410431915
327086233
366305894
382435559
312424182
271284967
280066506
525530379
490101100
349783088
356614113
352331251
470509017
275205003
447723290
520540699
310168402
269723041
445631488
514892277
309157667
528150931
427190175
327380162
341496019
319548281
433987336
462028231
455674182
275991738
387762895
425438285
430046379
292844445
480604177
390459394
480996197
495326091
421581751
530348038
330041015
510080646
487263600
344184058
381811027
288628777
304050883
506861942
292869017
272954845
336542239
407307633
428174362
513769038
347204437
284696673
526441590
527314950
494481703
358252893
269447835
505140679
512135809
301146437
294966901
518645980
383747110
519833402
432219447
310706741
512245810
473496584
351826155
346955090
487007765
289132203
311164742
286538788
536401241
443337842
472523399
450269271
416685446
391615411
517866775
297311500
379176593
530352028
490570609
465391690
446289700
455677710
493656227
420278143
438128785
529931745
462882496
294489560
390537312
276625905
492269437
278432787
338969779
349608214
365650686
359440934
411891590
388688546
504559592
395818031
504828906
456071686
286970990
278292333
328189401
437843961
416430365
287234815
312640203
355086873
445672800
472505213
361345293
298094257
381332422
423969927
359997715
455285161
460383441
461067233
280551423
465457104
324828791
369411842
532566389
291112080
481855274
316449914
478410613
320603060
473297021
515669438
423343434
425954326
403457678
337686704
359273422
345350175
465406771
518181000
291754652
498208083
435409022
398312821
445156209
529663795
332058522
504857453
456478734
413155897
300285517
306760659
298264927
270709133
389080856
487597432
460417430
333296079
272592288
325998928
507126464
414238257
410675706
433512792
268720519
309940851
461435325
334836654
482423023
288588886
415437246
371480384
461997416
469768472
373254659
390080625
378603173
505125419
385634601
299379925
522388376
349809996
489999148
364341537
388546115
364035724
287967564
410148256
309194229
475731287
367570400
457546426
365956792
331081560
378518482
378575844
501900036
299268619
533219663
405804167
278618767
271882765
429125639
428122231
316279966
434123954
326728216
441756166
432471859
306488552
462394730
325709872
466923447
458294370
340018690
279986634
378495717
272540263
325889637
515171012
389182615
285245891
384970652
346731805
532436253
292106617
388220504
313850117
460161802
466353985
383624011
301205278
512462711
486174972
354229324
502695443
449272960
394634645
313819080
496271129
354977047
406390754
386236667
281388449
292190571
303820101
517716543
290051114
511734123
504413294
292847197
308179635
358311488
284052323
534928479
279195084
372918489
427002817
407848927
361796273
446890474
290079545
363229661
349180344
513251964
420331799
305239781
355167582
304736592
456180177
287725120
466267822
534109180
411438929
392291788
304689477
443621791
495369550
311986887
444596674
410695995
354503918
489080452
514889820
277107241
303399276
344942049
395322390
326227230
327550204
378538779
524982583
342587117
317685021
336522385
481961620
504330161
368778424
420315602
381977217
331017636
304616957
449174588
532964607
297925544
507755310
507977214
316938733
356522613
369495755
454307655
335488640
348704521
464357743
271515929
384301965
421160548
353262149
324365850
431316876
307365314
305921361
463695701
463802565
319345943
439307987
530820058
451446857
524606397
319294670
303933593
473915702
523080498
280916863
441851351
433787455
370876965
431172199
466804375
290269945
409648856
438604785
288995138
432331402
479195722
363493942
431929451
287237880
295835835
403802943
288549779
509757834
366586046
522333962
417777971
406047324
384248415
510487608
335166088
524915882
375477566
480513986
463836654
290670102
383020929
518292582
287507971
455233576
447491552
366788437
299483959
505605493
432735694
365318153
345733999
435685939
430798505
289649999
386397516
509299790
309063243
518771972
519003420
295525506
480254410
499177715
450287047
377138370
492352967
287091083
365857976
273064539
514170419
516789308
317749582
432166988
492894072
466795153
329522734
477160412
516033009
524822071
350475632
509557314
333251901
378333949
406347028
393259932
516513244
371797609
400453612
317092145
292840153
504649672
444356609
450730000
376602936
474215949
274140086
319142335
283290773
528557085
510974037
460930867
336058152
478577313
383399465
287447416
335052731
535252933
448846993
286824584
424552090
359586538
447538734
437272986
382006304
535135844
308463723
499811076
376318480
351909378
319129170
326524998
370036801
472203843
311103559
343459262
470316151
390391757
439030209
519869116
361519300
373219904
475101069
300944622
449058166
524334151
414892076
289284347
386458856
301809779
435277519
356003871
383869672
503981054
307210849
370151988
292467551
304502261
495207539
517789610
384716070
461366540
432101249
504055948
455807958
283955636
388013777
455351186
298601336
321240799
423122335
388706173
320632232
500747753
281986038
489919279
351590918
531387091
516572462
500019710
334505865
318392205
423559216
521756086
472739294
289169566
324791774
358317956
407118540
380495187
391083979
511941703
318619202
414011391
496633304
442376529
469677371
288585449
479597675
530156729
505869851
380110173
317115120
469849665
524457188
324296718
308027041
319828834
535520495
299186694
373300205
349293308
441936507
354839013
335766978
486652308
285843654
439184648
407678092
495131697
521766381
325814307
384592633
316283414
381417737
375802390
421589705
285882013
321708805
426945803
428646480
494087802
356403258
515825334
308546084
278216074
432471903
425126782
454194339
464613518
367682627
409851035
365741573
526886441
377877969
502236629
398092144
454697467
324490701
350596226
344992439
334134524
279288946
339489381
502112818
307958171
432681645
382189392
349956315
330329779
315531000
517976743
269751185
348793589
293216836
496774299
488191164
299200283
287006035
527222816
331923035
477579809
322782415
419113154
432644195
474110011
422138850
466327174
532586151
500842066
359956887
378894324
283102420
346387681
295746539
412246506
515138491
290691213
391830846
476331957
476613267
349537075
339351997
450628272
452670900
330443010
298565524
474189903
452241048
382574998
373015889
510016641
535912278
362516962
293819877
290818427
403221272
320173410
486997309
326281845
312676235
396587127
458647192
301263597
479058394
505684459
408397613
437576384
469788429
433067025
290435970
291745122
406905682
292382319
296664966
301159202
316377640
283341835
379576056
292057875
354524878
370305949
362562725
534371582
270001146
387674860
384623096
373716811
475634472
344179418
399313731
296824427
398280960
361651945
343106935
305811974
417591782
342953195
475403251
496670456
322436585
322437604
433927845
419234249
281788178
393494112
406892042
346515297
515476104
525800690
418475934
279545482
405543160
431029455
376672249
500566832
510563494
420216862
439454274
414790654
428917252
473245341
285945608
333858415
485666563
492469469
293361852
358414209
521530487
280995442
514463873
460359811
454454176
351731414
504103473
452478939
440602773
277542012
480476082
387087281
313134324
329427135
273140763
331470590
291415963
312722575
270538313
527252754
300618530
492394467
424700550
495541335
318777930
500322691
367317854
464794865
514872833
517625971
268785445
434637191
417845263
397681444
459975829
530331410
359628398
495055095
496687289
322968619
500255602
358075544
422716292
426157019
417329200
417848462
447607367
288196867
405641024
289981634
365179448
354059221
429546867
470875475
505763799
400699903
323179783
281154244
447116822
397777482
316780463
272911745
414076042
421418526
437225556
303727619
395608773
306528179
534895320
369905637
356297954
299313160
531468343
268472014
425573414
269017214
349038766
348638707
333308762
333380478
433519382
530114992
424607928
330345844
366259525
516045719
388683103
421951356
350782657
442428035
330082178
311726821
370996784
412061564
456668321
334927489
486230257
311759349
273978727
330437328
278970617
402626238
482839168
495695550
269707094
404908934
346538227
434879542
345872956
485320094
305321849
272724759
452482318
426532205
515877333
285080049
445408786
481381607
426876174
401696882
271630409
420095501
372216277
458083133
412393589
367368557
504150844
472318805
360999802
368648688
316066273
334578882
413816390
386579683
460851662
503790480
416997450
486456774
340992411
450045575
333089640
527796589
400043615
334951496
392393851
312981855
515747167
408095880
508298879
531206973
507390579
520844566
400944335
437172386
445900168
313802694
268984600
321236669
448901171
315072471
535108150
299120587
466084519
318519426
401387954
393013874
362851243
527919006
376388260
286964520
472637205
294409013
519229644
300365722
373895422
380804646
361192455
328702701
492858024
480160998
366013986
534231789
311565504
459186356
312806317
473474923
496734218
351063424
416651789
426274710
501732614
535295495
291233945
512098985
501035921
491482075
465922017
358126966
331885640
395996562
299250425
448245960
511823315
459308080
403163052
351009606
483357732
419436667
413458875
399306471
465908991
483283448
521584697
367447096
464830084
270528782
415699726
422788201
440027315
445507996
378787135
506965510
460928409
515674934
280981190
351867788
511356562
507849367
490566172
330991769
359554380
381406091
429958255
287110897
472702249
346539610
423296262
496084871
536090724
279093448
474638556
337126761
377868538
475033010
449919727
466629165
314964110
288192033
482642668
488318182
419553371
457939997
289845949
493947053
448911162
287726313
451644006
304447617
382019256
471599308
404714159
391115221
392337121
519656324
445897110
447854355
274981169
366285095
405894059
423616340
315707336
526775282
308613082
343945186
439593065
380645280
382945899
428032174
375031148
336528979
324633441
424317436
308451352
285118514
412675018
405047173
349810014
482449282
496549945
488461299
442613018
271068100
327930705
472174548
324624263
506823355
363243761
448411084
449150273
272737012
526532439
466718490
392502252
343932093
399645547
399712716
309438492
365628117
489678832
439979686
309674919
458741060
460084584
322862317
490961152
534179346
299723587
380249359
279391638
522796505
406390176
280300379
436074158
398459432
417854163
272233529
405837096
445811184
327636181
276700669
527430288
425792584
331959290
299667220
483220394
321716801
440583771
463173747
377892543
470718834
359368494
362764350
385328438
286972864
499429674
343680036
374926357
322740881
318762672
442277427
392698707
412769740
325987652
437647437
507013280
458746946
343892424
504042903
316152492
413741149
439102281
449868944
382328543
269305068
474677112
298798667
315861120
439005994
420243775
290638625
479955793
280323305
347353988
456414968
365465303
535289718
498039565
310857868
271122193
374841446
326672793
295338316
282076375
438576688
310328302
358975353
331865669
326677250
513444880
468294662
406799838
536497244
510868119
292458990
358612322
339881048
458498564
433299299
342232216
312125214
280259094
498121563
442107646
530153171
283771692
474752353
371187581
430311291
346852437
285632544
521230173
445494298
276909783
274083110
275226685
447271984
349010013
287736485
404740054
376710992
316276148
331068323
274191430
488849351
485118724
375801721
492648551
469976834
493101600
471983973
438393000
345532493
320166490
383110501
505358903
366039489
495394203
376056305
470470828
410754318
361714405
392792847
514398103
341028541
322319945
359295489
385660026
407436965
456230301
525618079
467820350
320720986
410285117
328837727
495430682
460768628
378640747
352563213
297169066
479487666
278226843
382121957
419388034
276756481
444022051
311726092
521999831
438214891
459099594
324816608
428087298
467363679
461972194
398771214
427545982
401289411
373380012
430158106
454373981
273054932
368422199
497639660
437135161
362360273
452701960
514610799
366181418
284705197
416470291
516456109
468327931
325744459
491355026
470555403
434904771
335546116
340690188
317069682
397841287
273047975
342496407
271558635
348734071
349901270
359758342
465005311
380348688
510640349
308243360
514466143
524681906
312156971
318260569
507255936
276410625
346568535
496040452
484956599
475597874
398532182
280824213
334886368
281514408
276199421
331483914
416972851
371397869
473315791
414363043
373850777
449676161
524240405
383579314
340325007
328146925
416275275
473426906
270600624
443187161
510323075
524226631
474553166
470896167
494995279
414521394
412375732
480958222
293512807
354282761
271160631
296566346
473807144
303338304
379925582
361716548
276491689
298584051
305006414
469830306
291798878
526578176
533129732
532169869
451641172
461636182
432798680
361491808
335021733
298473993
429276165
320841450
300322156
298117335
390678106
403007023
298578387
457369118
385559517
505619463
274632057
367381928
390527015
533939968
410907474
318015931
444107159
442600368
485223611
532954744
347044535
295353457
393246406
322056526
384910330
275840619
527125380
510110783
320368495
476511790
303443669
356394721
402263467
306524665
336197307
350683055
366950760
491114221
400852583
414637417
403716284
416086208
426210941
318690175
434645015
270077843
362275039
528474523
276110006
332626112
316191811
498613421
368878291
431681794
352670601
355141352
316449035
283989610
517588662
361531795
414687031
375087092
348911105
400059902
504408285
326660546
425468215
314252030
340898892
394275094
308636061
370716617
418617371
289878310
434936032
442339994
411279853
369118507
372144717
324745351
446644811
525839339
277351000
499240303
414878328
462811759
511997561
417127567
467437452
285072683
421018219
281075995
473534343
361112919
352348216
319449014
287596023
365629659
405200540
316236649
506194752
513517013
391262807
422970412
337200054
458556935
304061620
489415942
509981525
497434246
515621158
418525651
430222604
399589504
359040773
490543061
430947343
329583517
520517879
491497922
369970775
337080545
275644617
273427645
413251459
314543335
323161474
433275870
480840659
423444486
451832343
438366616
360934702
386272783
433014334
472198989
425752255
355507151
295507850
414830940
418781213
313299168
506789787
335533357
325569616
379072581
476525762
457360443
269095533
480903473
499504073
457458600
412446857
441386627
283247214
499485004
373821642
422425711
497345246
517950970
387937704
516549721
443397607
490698159
367547812
393849859
406630867
510840577
289873154
360935154
524428683
458161519
268978965
489745997
336067732
410271945
414075846
396009407
349728447
352223783
535239041
461521239
381005000
291260440
368359114
422914967
347594782
353749465
411217125
336190435
348783242
405848441
292255902
464088048
346263120
331258472
469717649
308264641
514840445
300259262
477154005
370995416
517966630
347000570
409111185
353504724
469674703
278309336
453881093
334522532
453948954
415336568
478188861
373279305
294688871
443923489
534838034
412537846
385136563
294681990
419937524
429839172
388678886
473099440
489569889
483015185
394611519
399465627
340552964
382219376
340170049
468652431
297680546
404329558
371966447
410088011
329839416
279446050
300030591
369237344
318572551
461807066
333802437
276661913
462656390
367624433
522425481
322939981
290913380
289403960
433500992
459332714
489509946
398977307
305538216
509987687
432447092
474169759
394007672
483529403
336289120
416861022
509172380
272511269
410679964
357695293
501374459
291176160
358298179
273146171
493872150
461501109
532003491
521845532
463466975
306858928
470238200
434319171
462346402
380132711
459803302
458019684
508931470
332740213
352657153
437551011
447776936
365334194
532807778
413430326
360263256
501346158
284714509
386585315
285926053
454993716
513072719
354622416
379413976
342235127
478893606
401273168
472033073
318010048
533522650
508374513
430743949
313005654
430999752
289622748
451297797
375071734
452824977
479594612
435360035
280949846
417700830
288537543
482876786
400837757
413348666
453657981
531354289
408652159
526254604
349784591
516820710
470761269
331195265
399123491
382083824
365206742
345137898
503854846
313196407
314990627
511302849
326679321
394307861
419980171
520528119
387882695
303416259
430828084
425908486
315617977
520218698
525758513
498444063
490730499
430245698
423454673
311570666
322709189
380261233
400054541
444352662
450888754
385626442
394570783
496085009
386959751
469716639
470030803
346293558
279711789
497103417
456772415
395665793
395499126
485887119
449071825
308170713
279642558
360943524
497146662
312391346
467178140
439415196
355945945
379538002
405349879
321140120
436420356
423437971
368208225
306395698
307242513
329551424
271909595
435524036
395482915
289851071
332501018
416924992
286539775
394846745
388271965
523266845
358344402
456391430
323727733
499145376
515324995
359384082
458333632
400851118
292309178
358971977
474797873
536862197
316416642
423937084
532855509
329573589
426888529
471039785
409884713
427238021
423753012
370554271
302777506
493258402
289306836
456288948
450558219
478100651
429927511
308338705
288489921
419533244
373577226
420644743
438463014
526233135
456751699
528928969
497534573
355485461
394556824
300432097
310264524
375257054
462525598
534037099
385881135
327639458
513095728
525137202
354325098
323181609
498028786
396697502
436174757
334452393
371613590
504711720
448593299
447395721
457251670
328378014
385210065
526572922
365874352
334681166
336221871
415992629
426970587
272170030
515183224
419611324
432790594
470845756
468164220
308143150
323950568
402212285
337909594
513216714
280835065
320494360
283508788
495718190
367074485
277297651
532881015
320887269
509645148
536231824
440329088
322354162
352069266
426493105
455980877
323974829
441848033
318491311
408974261
378161754
376722264
369235496
506817306
288494198
401298631
376547502
372583218
448293733
391858202
282769981
370580021
484069414
535030906
313635850
291788269
306463426
531719790
488780803
388264587
472767013
454921456
274780941
429483885
397903928
408346832
363044777
373511388
286656826
381283717
520678107
499209261
470923500
458269379
334722484
412500540
480401808
456542018
448656107
367082467
404249286
375792515
274745094
271257407
292954408
404524689
452211645
355181687
299321566
428324198
352947151
454367240
420064133
461647634
321243441
453581969
276707676
459795313
341353209
494953825
449023537
282129759
530068077
371551135
324133060
321581550
491433378
525468117
460252186
397960599
447259522
296881804
497806958
432990635
461970000
434422261
441498403
444278326
412604576
484497020
413017461
396914324
377716612
520727802
366872388
292582809
496849241
301644121
333917670
302859068
507764999
343588638
349233172
347471180
324666257
390260952
341778096
527813295
518682916
359987600
332201991
464933197
454540345
508739626
385371992
379857696
303405386
502971802
269275628
411309903
497361961
409558049
494879198
269972621
361289239
498547436
441160625
371037153
285646103
527377719
387296859
301040190
309788023
399439813
380887194
321867059
470228510
475171789
407445084
367545653
325962300
319363019
287272755
461075243
451497213
402801240
516208909
388847493
296364537
300555818
331394678
336523942
386603337
299081516
414039361
347384904
511788074
516350228
419729794
312415400
453215690
391467326
368127995
299900140
386549417
417812400
433343615
