105055147
239729564
60461880
186239731
56717258
185492367
186477066
54360290
258578036
264871157
118946682
115690298
181731747
185735429
232992266
17080077
204525448
158136933
128548885
83041866
200534313
241746177
169824608
252214043
115286846
231519336
39531804
28301717
159679451
64478389
84258709
180616557
136208127
36518769
187466517
258348465
100812706
104941789
46786527
182482288
171942005
32559371
185435667
22943311
43382094
234633359
264251290
219284671
203173530
194175027
109832611
174009906
204577542
158904076
204832302
142135697
198320636
40917828
254454886
90772414
152238107
130611102
248484882
229680269
40530516
180954148
229986423
201803118
174693158
237027301
161837257
196850512
31152782
172830128
19809749
25518983
218330511
200408863
222864527
30902394
172106267
44860179
136118843
243450039
192718487
200460550
62282088
165713058
33112690
110523469
153782624
40313657
161120251
45484113
239004297
139099059
157669101
6705083
208504022
15476226
6139936
35152346
33409079
260498420
23035754
260761853
125424246
41583402
105482247
219861464
146041329
58064073
167290342
108807822
17518672
197907333
94131628
125671287
177337423
242400921
149158184
127185588
23663261
158306899
132805603
221271844
27244319
188477470
77070639
4907787
106215761
252574100
41026997
46866047
201686202
163263344
3193870
243496562
243502441
6687846
260010004
107210261
74219411
97834088
257161364
231601867
118616546
35461171
88890427
242112435
244610381
244285803
252626122
240630018
73769127
52446080
188222657
261607908
57604289
42539851
107959888
123466727
47557341
8576685
75297905
111783358
159274588
72472096
44582025
183268968
207117152
196523553
72463580
49293854
50185886
7741212
80420481
259437659
215979802
140487502
51604085
70565196
115791673
16107092
5724469
83687153
13840507
16910155
187403894
64503815
32249588
83464119
189508307
42113557
173632846
214927309
242497756
111076077
173899935
259690989
183252591
66226916
191268432
96578629
87525487
258669742
104403410
114845277
79429694
22923401
85146129
263486008
265364144
205685183
163325216
33557477
236353155
69909313
136906558
148754654
233554614
201822163
59255509
211503907
243330240
260356175
148616946
128504469
217507914
267095659
10766196
166379435
260711642
11375432
41378450
228639271
3925689
260811224
24640501
13548598
15694007
58947280
56259738
233008296
12337333
103119471
173884720
168653885
27769092
142477266
140280981
71683546
94900237
227203003
235583768
222349412
152972968
69773565
131040478
126120456
47615585
34375001
143968289
206198861
217912030
18361495
123255395
223931394
85482435
190089682
984244
10154922
264779311
155657666
184096791
12665116
193017406
109127331
64908393
170174496
5979250
91607979
154459152
235356303
205421157
112785426
130108930
37618254
206525220
68488449
46672235
169899673
24465354
175036942
110377036
90778850
248654287
66148158
81831679
56517232
1797524
127766886
98107176
48770279
150094614
15873346
149701579
105582831
233031421
229857678
84233398
86580620
76651283
188697166
133301614
206567732
95168581
98954224
74560618
165248097
101854139
121507041
168762407
248550522
44498195
132322247
89849398
122604152
72867623
2005832
242900980
19095116
173273059
233101079
27864112
38735071
30179437
264815549
109654363
115660941
261438411
100351008
195148100
208383214
147979967
265384839
97451744
138438723
223213702
68355469
197383267
6132914
223136672
16677329
202725286
149395331
106030697
84425603
71865624
6137863
24347615
3966642
115118985
141307478
148978346
177462650
160026731
209290273
109949669
202528254
103111929
141152530
138523466
94134286
168610658
102339635
247525312
187998516
157811301
246180515
24049739
115096566
91215718
57499212
112967724
77122806
65287211
113150275
156639285
21657550
187839800
117782422
137729632
10869327
66260217
188081424
127167952
145773221
96028888
143361386
190234663
190965479
132451011
160742388
132592376
138284463
139900015
126089967
161110523
159820959
200566493
172296532
84044015
157758586
77877224
173781637
187777655
21972255
104218495
255253262
36800560
196152070
86326850
71857823
219125869
144002614
73922837
2157361
113004888
197374696
48497264
39100708
120074670
218966787
150043174
70820109
223677639
115188531
217796898
206394900
52012310
111821347
190832075
174155458
209106913
39398099
71369409
200600887
175710412
215920756
35290195
38400960
111905463
100224382
193554022
188560801
223434681
185710037
34581373
177697321
63806556
62964319
98901890
184023752
236672826
171890941
27508752
37644014
18418396
187206227
107468710
159768401
178287686
11553665
125523637
174920986
50278966
155752990
16037650
116829102
111603064
100923458
69224481
235577718
166318826
129355392
236361675
13655737
237109093
108327183
87246358
218227414
92415042
249165341
240028041
211954876
54059220
247933129
94273273
32871576
241323524
229857683
26913099
242538252
90508179
128192313
45238725
191643837
35056493
25919304
252184846
47256105
147657470
53052113
146998554
263288907
132733574
51960054
260300468
10800034
223750175
209898821
99886675
182706776
138256401
236959487
206147275
230351939
44019468
242739621
80455316
154860522
181906550
263737912
26621957
41587670
220601437
128037766
130618483
64554233
37258281
161454192
198180515
138799314
151238641
33113513
49083247
206464828
207759807
214218156
50385643
204563309
60281479
52653826
22688571
31173707
124492661
52989324
67300524
118480280
16358464
211592898
284964
203716633
200322417
45528538
115280970
126823737
267046694
228665111
171389508
159761391
120575714
219009162
157630343
266502695
261075369
31913431
196738154
124174849
209941349
266274790
157238816
238245319
123065043
235663998
55902921
211290436
3835243
237643337
34100042
211492308
158231669
127041883
166224092
63527100
188569301
53228222
79087883
161727621
64046859
257984861
41695371
75365057
81742869
184616051
229269526
124507998
219197877
193721065
235171370
220474826
9698515
104285692
98971959
140143973
51316909
58129453
139137731
1288260
54026703
76227179
166103543
26322614
90428768
87632205
147979348
260334024
207036548
47891291
91589300
209821443
177026715
167299353
259050318
151936830
26629214
38623768
199586812
88138587
89206409
78952890
33943473
95654563
245361741
23048553
160043952
233359201
64476916
230307537
158890969
109924709
104804144
56186990
12367373
144144322
43473714
145402547
115368305
116397817
41183362
206335439
133567465
252894633
173100919
146099582
56913197
70242937
168075617
189722101
131285585
163358646
168720187
257792960
210288547
13282771
160221673
232533825
161662959
62007418
108202500
231259868
155714263
178512135
172164797
144676015
236438060
89933077
59257929
108405516
260594082
244649569
195250164
63345085
260934267
142942977
187467792
224797327
207216187
144266013
148397072
78131421
142775988
35599348
131456267
78551146
52364449
220455590
106673298
145245101
238815964
236731652
110454878
90323086
261586415
61046713
34792607
243116559
59701893
191466664
191830777
57697148
217027427
135937831
224419869
168417756
17405124
47061414
214906120
190705664
20168843
242292903
138571508
78367627
45695149
108323313
21984193
99783857
138314133
227035349
229979253
78970219
216220604
247178741
23068751
51571200
187842570
239882381
152520957
253872628
165863175
22569740
163942614
173326032
200878346
244793819
201277082
203048176
261703911
214657230
185231067
9671049
263308854
18690428
5337016
86020765
153558620
40111812
156624090
235194289
143073452
6546429
15929079
3337457
51244078
159995844
91111324
1685086
28959302
44541067
8675860
50226479
8879552
253393145
24766529
147190084
236543157
224147523
219134417
163554138
194049615
240648020
237066116
212121436
132912560
19448458
27759338
125812746
110557371
209095012
82791991
170073542
209046712
109676165
252511158
116980705
201906012
55653607
65143084
101978258
173064337
68366205
6927219
166050356
36099419
157745236
175469228
20928890
118336288
106941384
230312032
55109362
49029838
124760547
192121512
65094066
242883182
82344775
49744113
93301232
93894543
137076597
60967475
95619185
33149662
84183306
8196359
183728597
25189496
31355783
133821181
60765735
14230737
232111155
166997484
8665106
185583099
225786550
87475153
20967527
44885590
194226781
99801126
132067969
257206527
950935
16525393
128443002
130882295
33863248
143027388
99025233
33357692
267401607
158678220
111633696
84999930
173573657
227195717
10183309
225814361
49897432
4871160
181857248
122890191
147056856
112680699
134705491
253824020
82599889
3735878
126643055
176820017
32432878
241154278
179519005
108662971
235768314
205506745
129789781
973530
133487359
101454037
24705086
48153679
68389765
222012988
1764913
136681095
205950901
139492557
41545047
119660084
53128388
39771232
192300221
266208023
2089948
23662314
243166683
213500404
126722024
232617916
94623924
204739034
153318404
25970014
62765074
182928573
40386326
126922896
177729247
125730847
100833807
136421183
97552838
139642515
84215392
190393659
255687589
61029433
3411952
175103943
168270518
234315421
124773046
63930979
123412922
197282378
4116990
206983903
15543672
154462733
95372751
170401289
117469327
185094119
150581472
35978940
207560137
259311815
246712192
158300557
240785035
72406975
133960405
191321993
235791685
239126579
15359978
127344685
12407060
71625503
248765261
75789351
150379747
189505936
24645512
95524130
140018471
43612466
128196041
120106702
218289415
44556133
93662334
206075246
252384855
68786218
183372723
60396610
104951408
83122997
187404884
198417446
206260088
50484632
226718716
51013821
37458499
178713908
213423110
237710112
120531837
204054679
124479231
205875395
39642112
210296306
225572388
37394769
240138936
126283063
173771380
151058098
86726677
74766434
48960439
149349563
185528393
77825242
207389120
16830977
243246724
125503917
119034273
256893245
72424429
255469129
206839611
78910663
153794925
93638673
54624387
74227481
55080284
84551279
262691404
5242088
109561241
104803461
124808250
91572513
195530966
252086176
236920859
211958535
174605102
112383994
78326410
79913895
196349357
173307388
191910408
14762797
58030542
233552620
55856402
13656444
25373965
170185452
111098863
25148547
214350539
152413872
180376274
56412471
134134745
163769321
138784733
41740000
108798702
194960929
32693079
74710848
214459650
18710503
1409106
43167357
265219260
25198505
211839957
83726008
74101344
225729646
142004920
84711754
45445310
1523891
219737193
95607261
77015371
88604331
256693071
233641602
72662649
230438049
202693078
127768726
20403740
2994704
58559618
42041643
147248685
32926538
155675876
99713278
217179406
203716554
216347623
136983541
2239258
201226528
260736475
168026601
254093920
227520968
119364700
177067463
45004667
414579
165581773
31902321
89551771
153469745
34054837
87822506
13175881
129010514
204642572
137211282
209780786
253407350
104688084
47312464
109027420
45218029
132063998
72971365
69621137
164525456
235439368
144957957
181996034
116472638
110132490
267200754
124387940
15557195
116471827
6712085
38393396
200246969
123325496
87046997
58044661
12771885
97632609
14777261
212563419
22547731
62043258
176969681
261776495
197176136
81578802
259508112
220307622
265116990
22998210
244183425
172493775
156703972
187424870
17367805
88044044
28947988
146320517
208951340
266235944
90663952
189343683
238089721
89230230
210922989
94746546
160126665
51539087
148447983
121838574
170127416
73562512
112331073
73323488
101028472
235264669
223426047
186418242
123292173
39587301
82518444
257630905
263175798
137626333
55756832
101581052
215159225
32367153
124546782
76087228
160627999
103207449
66403179
173027754
174619989
20114296
37110814
34948372
75175713
81660663
82549610
138514821
101509834
141028103
216776627
264080558
225592264
229617979
223114282
19275222
9701415
45038210
180260096
195711892
162420528
88658125
116204284
73224735
21805724
173481066
248989962
199766134
104565682
159823182
267693520
114471292
54754693
145106047
227743150
222577230
175733646
260471788
252345870
238482107
197393615
77285293
205751092
77838053
265178533
67705699
92598172
44518761
30045365
89806833
226550998
146663488
167360612
52312004
65008421
26015486
235470242
48930110
140026610
79451703
202243458
147490642
163436931
61703954
192354871
173859862
237344684
115540315
87608552
39867705
204354578
127491152
32438316
237783972
158245547
183702068
62679698
4833308
156692820
144780392
26653285
125950056
262847820
116197313
68827721
249653211
190559380
126827456
234274976
74370724
242130650
200842820
108688401
190337104
179622982
153129902
10276095
240512794
43221720
98849672
236037936
198853546
178653869
96892895
125270322
144724830
57315554
176681615
193378448
89162769
99719131
243877383
111137975
212696242
112355794
53576550
13271000
114780323
62459281
80196025
116944942
251310915
169690538
249883426
122498660
199664929
207644688
197905251
199088864
122362586
71745658
249278338
103834767
212786867
38788396
40556936
91104296
7762217
175545446
83001415
253701006
195035082
183823167
75909300
151962755
224819037
8885132
143139623
87839033
103391096
114649814
77982376
156667330
7877330
266485971
120736019
231749212
1238459
6745418
72383139
69850475
198481636
183555578
67727063
267861954
189752697
82875219
3600317
181105131
140887878
83054741
31413847
244828764
96597397
239505800
37752882
191562721
105395460
69627502
32869104
142217362
61568306
76800034
65364445
35969635
130725456
148693815
156017680
159720967
79393925
216802036
225523397
66422072
232968965
36335478
208461286
165002896
177259233
222376040
30262556
88310892
19438618
9977691
50912597
161994228
166540025
3961417
190487078
17318226
37849390
234775635
71365815
233874495
62649426
25802398
210639781
41377517
140750095
225757915
55172591
222705810
154970876
1424714
203166805
107394968
11384750
198443281
229773627
92853567
29707715
47699140
35867585
201409885
151362694
250383229
3969834
157313541
151868254
4742026
34946120
118044838
76515148
56146455
7288871
51614487
223137624
233881257
228008815
115002955
214988107
192918867
113470102
191578299
114751389
7464390
224968295
238110948
49072615
9597358
53613502
46628950
7186822
261987661
250503365
151780879
210449411
207273201
202235656
192273068
189090486
106044144
151766934
54047804
262469373
113029472
53501903
42817971
62912735
19824156
241736465
243792493
108121388
12951950
220221429
221618259
119247385
31128362
197615321
101514816
236190126
167196231
110690054
27208729
46042220
185229340
260967717
18670359
65417444
98566717
189999457
30538354
231623766
69266324
104428621
69640571
246052682
220861028
214219976
91979512
100011301
248839049
9277239
38203282
107659823
146369479
148211552
238618260
42096552
42972367
158999599
98222355
169604973
184492521
180215114
187139150
263173487
110344842
29348343
64266835
179798818
184455810
173756925
135373108
35798087
55679305
104694549
77437989
255530432
227887182
218525118
169020646
178008694
58649061
159132222
256867468
122647181
223018538
254484387
183705800
122585211
192868955
48505198
82801036
67033724
43953525
267004285
144879536
4276641
237537786
268080825
178872612
81767832
23770888
120072068
187696788
181414965
123567511
70929563
159773775
132445586
164539802
139189192
237934093
253898590
7154839
167315093
14670159
197495224
237015493
60509246
141186292
260903877
105375388
122371331
194552363
228324643
188574470
202377563
112411770
181792520
151362537
233265577
16782186
266420480
102052974
88173206
30397178
31894315
219430134
36950885
99916333
53119932
247268240
36854341
73413872
132878436
105713617
172407173
4044964
60162270
191180266
163665777
85387431
92591190
29066395
79624711
256476511
191389949
251459019
146235868
228657982
161628075
58984255
73270521
251591434
267388178
219818526
68337096
71361819
192807613
146775074
71949754
126032679
189494640
123902067
263490347
192716049
210200970
37829006
52744118
103303750
108909651
55163677
178449060
220029083
84434864
193971966
174468769
89858712
251080504
17624131
264292807
152835382
42348923
68266330
57872931
79971279
180897011
198360631
247031017
142865901
134975843
207345233
149594675
228067628
30825611
210197316
132638297
84089879
231216573
19796634
18292482
244949366
211309115
161601956
246746477
31685232
96184825
120926052
105499927
156722525
196320503
107527295
179945605
184183970
33627102
181727417
139315232
166147148
208349584
127877573
70855477
199415946
261294193
157525711
110293921
151234387
38699917
180599255
214803543
132023285
236191368
54670661
154428563
47903093
16738841
61027760
137186559
132128042
139903535
805943
257476113
251321941
113141667
181496946
239713403
267094670
61086852
154968150
209140533
225110490
211016081
123736240
80121729
66121833
121310215
64193329
246245746
139089178
22387600
157202463
1093425
78368610
119776589
223364132
158478745
16106685
243054838
17899639
157912433
171327568
53375821
268003481
45855055
167667763
162287903
45895673
228218064
219016066
179393414
43786321
106533567
263171634
16548996
225709281
246767928
102762771
120848154
206307507
97991580
156937784
163153761
74510812
120018996
247709461
23259745
191828989
264295004
11962593
259678032
46466573
56904900
229793999
5780521
159268448
247659101
161507810
230616372
70521505
16610857
238018803
246713860
45696187
24847607
28307223
86751403
39582429
6002247
113707985
99598337
255136969
132379872
182496491
17488630
87199143
218660192
222414956
48574119
21472103
143000270
186241257
166655109
143046945
196000196
36096215
34626151
93602206
91599068
87658237
155414580
233791635
82245412
123138335
36192613
263874458
3951610
168039521
9410314
136433413
75390301
236220649
102520766
35014343
64834342
16313828
116557325
37424625
68456276
257971605
170938654
70105097
232324931
159776596
213646070
68231147
129631889
96234611
228250477
247272388
99266565
109160612
121889525
123896996
201989067
63003659
205250660
73094200
165363137
26686064
69572981
103708131
167687184
8506129
162194500
246256571
132675916
20264893
39687325
218527120
88880219
225449083
104338574
22610966
49356962
93718476
35600005
9635873
201014773
103548867
150988891
85654149
166453585
102318650
38129236
4330977
72534531
96891418
146362439
49453712
134177485
17070941
84633097
110684313
133314652
104024200
117924930
74895784
67331811
246480699
91450947
166660562
118865073
18417059
232830871
217205070
80701256
229592348
245688468
222796652
127746629
206031423
28484531
265607534
227088603
24549782
33943583
84924444
90913582
30250333
212641948
119591823
132181751
97026546
75902143
212690034
159065733
120752196
221955910
202152473
229776662
188339573
47707539
118172846
74138743
29791643
65701627
225109607
101011859
245317968
74465879
34237813
143141682
189930822
89398988
213936044
136792779
219109332
154869679
224874363
188965008
62946497
253053889
24900718
65877326
159493107
116830233
80233931
245618562
3365632
46642449
40553261
68996400
82194274
1695118
141778360
232316256
60114067
152952263
159099155
267313093
81574833
65490563
191197048
211249287
48808002
196164638
133863178
215793257
43654141
77979823
149369697
87539411
140824967
41426727
260215685
155985476
241358027
148455090
165177084
138409464
23783637
3685935
98745997
49807359
209646781
218562930
9968216
119207216
197615632
34180434
156122580
94836207
80947929
65871536
130197127
253419736
175466687
206225052
97572934
181180094
166370125
228842990
238488861
202415314
117874708
103999363
250445630
96181589
239507151
77959919
48630102
121771769
29378001
152439817
197916314
171301802
81770618
202585876
265881305
211118830
157612105
43820793
61262721
76852303
204929003
200768636
121031190
110059225
128386705
226556697
95615977
62764994
151546180
205990799
47754279
107936753
6749315
121846663
69883644
108157988
122932516
66085421
103325951
8276571
64722451
148291488
82105232
216097758
197338607
144141202
234263612
187981058
203561127
249243619
177719993
231665606
153482245
134977533
212115537
251776951
79981167
83174403
244453166
217486651
36254091
227475277
264791252
186525722
178369106
145850360
53874812
180936683
62636084
103875982
90216069
137663894
240226141
17731931
186014806
162879919
142191356
134371887
219379901
181286372
173303681
151975850
47639734
38830153
3237042
124372215
44481553
242277573
103033399
137415023
252507745
25886348
88950571
188890561
231462030
201221303
100866926
4035329
165095809
131589490
210415301
210592383
31282266
122060648
194796090
122508322
166568493
89649145
244393620
7560494
175830094
183124965
149904770
9084727
84076586
60076088
135592405
188707492
130720443
219624536
192235593
100163413
29968630
55267542
121290538
69758780
155800021
141332949
197649563
19107281
105377788
3492134
174526748
69316917
67213175
9747701
195991651
254991665
203566809
18436219
122313000
102701636
13006149
86006856
20636540
230632478
138052407
44597717
248160919
223553375
265846067
186207988
202720455
102399869
205821767
308462
205057675
183915378
46181427
40629739
53725460
88499231
8346298
260830616
133288286
4335394
162395556
218187278
119689
52151859
79412692
19662996
67286531
196642165
191116705
255215549
199880595
163709409
9605799
40130053
44633387
46480636
185631704
164197204
201138287
177700268
175680255
38820030
91128618
15749622
165794421
120902031
73751550
67518016
162277599
115603804
206739235
72454291
242380074
234915332
239817669
243177747
214189816
176600313
161772571
68373900
103125848
186054315
117042059
223709029
234234477
139324740
117442583
137272126
127860017
104241669
63733092
264820183
56142220
130578604
100565666
195121923
144251377
120608955
252141996
109025594
72732049
120748072
178014283
149178764
91449038
58171209
118419124
63461168
97843801
37033090
179931964
177692699
106856818
169339299
244386761
232326753
143812150
96995809
90360788
139792796
58462249
52718681
142818325
167618142
165664592
51986510
221033764
210899469
135959618
16865947
251854413
4093856
191984309
45643413
124963839
2238902
106997846
13973705
117602743
138503125
8658810
247275060
216576577
96850291
223362165
10092760
231335134
12230761
182521188
230936940
228662367
81971760
47307061
246712052
135543598
239550389
169740415
206314542
124607345
8832132
146759345
266154739
52511946
190430006
252058757
196277172
56635364
39220954
174638466
125566194
84192726
176008195
210442922
146642780
14313997
56591554
181906084
155856237
157030241
217833426
231811612
257894111
15017965
46877884
165734163
56008542
95042153
133682758
73404226
206317166
217261536
102957959
145565761
253530133
178821782
169397077
166315569
58654943
6804560
176399914
139248966
154857314
66855504
25333097
141143249
39032325
200068988
135853777
179505549
146458459
224813145
97623250
16082325
31606547
58537896
173633871
35605635
230828395
12793271
15052369
188329900
181240868
160344899
56787744
256032625
241453832
17338172
42670498
223335773
178249917
248678707
218323875
11209485
192301957
175421144
245852810
33506570
174006999
155662580
59460452
151638401
198398857
221842680
99558385
31687657
26198547
259526732
247667171
101457827
208975072
49220145
129137028
78872832
265678884
15556997
268075288
25845427
97227686
214682085
76417502
125456858
121487753
94030747
92196308
24054679
106904847
164127414
151941277
168407227
169637413
132804087
211656561
78333772
94351725
86988751
101010033
54522689
133954345
61899658
171742042
101094165
51323730
217205573
266605069
232890347
241120434
3285369
202236549
239274940
81063467
188280654
166007828
21846523
127665544
81157011
44311104
61371114
232787575
58885558
233564872
215669243
33527857
47492730
34887492
37539953
133238962
116680282
135234575
10691627
4500142
66718018
236921795
225876498
199009114
116634542
137569411
93294195
241823827
172796901
140340399
27941339
266695332
244370128
12020059
168686103
167527801
122970994
15568626
89559598
197313603
74424700
213531421
225076370
172939903
160835742
117081834
66958034
109812344
157889626
131768176
28761956
1766046
266011313
134989518
239246894
238436804
101918515
72252929
99626616
38300601
153007641
73405783
38300492
183370591
61752652
238172136
121189602
24507111
171234608
240652455
101975629
249358482
47890721
116898645
121851631
181917700
251085089
262040127
49444094
134330838
131097428
10050412
59833974
95213754
200712238
184701486
161758775
10686356
210401017
248634207
50777656
3206493
216535298
228543550
248814677
122266339
141655127
250003759
259086178
266548795
92605761
252094309
41395495
69408260
151726423
167438365
4143724
103510920
103690761
6305367
261836294
233790822
121684418
25065840
76839628
10961317
130930407
121886474
117539570
182816095
251435160
39641879
179772694
132947353
135278494
257518256
221879147
107192352
128032600
267872977
177726622
120195286
85264551
77231029
255301731
186179879
143476426
164133048
1639601
76297910
171734105
130466211
64234970
173343503
121393385
95396079
164347355
46375948
21026127
16414882
116818772
205557778
122280723
154613222
124346209
220950237
55124699
107679463
39448003
231022638
94627
162191980
102714257
87253735
113296907
116577930
58923662
179767934
135318839
240230256
85452646
147168549
249675116
266523530
156304050
46834538
30027828
187399739
266618163
11724666
5565829
157251938
105909547
17757950
42908517
52778674
113278214
257971535
240838336
109530548
168794153
120252971
131102275
249345446
32504808
40621865
68827330
140348477
186211263
141294534
222717589
80148845
151526557
236555731
216381327
153406896
168019557
128472920
8708276
69589377
215156118
35423548
28348414
191682301
218649685
155594463
228485886
113608047
145110131
24174978
201408468
1240539
13458085
163764645
233538189
155453435
34746547
37249872
248442054
58706614
226104728
39744485
204933438
186507134
141322866
255412771
142145280
190117584
189224321
39647621
51651089
92024072
175447613
197038864
3330294
208294098
243854247
16741676
231500516
108567912
240044289
54934622
155184480
214151121
91401320
28870038
126639037
136339003
90414175
238232071
173284180
170844561
95524366
252690232
232643493
136370718
153967635
167645059
110814794
49314914
19148493
164887725
47664496
264018289
202682534
14691316
143636196
171399752
97308145
175680126
17361702
73021094
33031861
109214421
51299470
257501661
21640937
267518798
97759445
217767555
203628183
1801139
147351338
263418268
72465518
181123340
171348095
206663162
260520837
30484977
44891573
51004187
55669638
121510901
198576647
144288276
48516276
241738496
134717401
60811442
87353403
81095608
124359471
180663718
227599705
265898247
12481476
168204605
205211335
107517122
183948201
77966078
115014515
59579517
262265419
10979842
102107032
34303937
254708025
77218551
23445967
104769077
35928507
160298409
262968873
185197203
258485388
6401118
182144605
67983946
205699823
145471204
78269667
131248343
100047950
21233843
202750183
267827501
152139582
52148190
166791337
106026035
140555705
218806763
150807769
218690605
159539230
89148132
261895057
41207405
140059127
180383091
251445665
140198062
205436209
264515555
106455920
62301974
201647363
70844859
184371722
248610678
94839928
215390054
187318664
150835257
104359018
40193963
239211219
65003490
54064549
217832670
196624436
248525559
243801226
8149443
84839455
11227001
61699793
196794399
160964335
26418963
258641612
155148325
179523813
19253603
189597533
253615993
125246950
232075797
90908357
18800448
100142562
95356086
85054932
170498425
142498218
174666103
33352639
79845879
71290027
220763447
197011904
57024102
190844258
53075580
192501502
133577516
21908104
2419098
239489672
132205479
96771345
8504883
145636909
206933105
52044800
399683
37885099
89058255
189172894
87496413
187653993
122330569
94013326
41150003
264277012
231011507
3416288
93574223
266412190
207575686
234183931
31485082
105824047
213906395
240865700
158917129
61389511
53817028
64074316
132646762
171244277
229575785
50274154
183259782
219495653
145687623
220323476
51194937
208789629
70270471
31311973
77110552
21315946
100858802
87432578
75040335
85776016
147859818
17622420
264380908
533388
224269382
100130436
116967596
62973067
143764458
192789360
60082092
84196515
214028196
211762877
227949246
209540004
69602079
190464693
110723887
94211828
90799248
48738728
19382331
90015412
18323249
109778496
178339419
59643903
174371676
86022731
149534727
131552710
229766323
61923482
107041658
3990592
56234045
95421277
183197478
86784335
235707257
10740696
220928950
105335805
264134494
120579255
61523656
125750213
43470169
174207790
262516103
167552434
192270765
9607034
93715314
139610963
265085409
106741978
24929886
221993818
8717027
217181023
242678594
129552096
62417983
22192017
158632170
20466734
57349657
104912555
229576712
229061960
240860146
21771449
235598780
149925920
30212674
180505442
100429144
140465493
74551316
152273835
163900792
145099612
140117981
115546228
181348657
211054459
172353776
50046175
1434672
190190151
104949433
135399075
37333759
94649179
249013563
95480212
97103841
154975893
186615241
159714380
237869250
228165984
124119120
179902483
159292859
5018920
178898740
156712196
9690159
135346613
231024610
182379650
220587500
192296232
152013476
102901354
140185704
8950345
129799073
46904560
173797085
204184178
60289300
232694960
248712253
130396624
30334910
226237651
136513799
47990307
110873167
45899289
157142513
69858937
206772935
266892823
167352622
172739744
210016892
54941635
236172261
156428888
203265073
213572802
59231830
4094408
216396961
243612973
41325810
52880978
37154276
212359855
140670609
244007457
250374847
224250693
221463920
80440435
79772038
177208706
124431011
126779664
80027791
27293832
166885297
121557923
226630608
17099301
117970369
147694509
102550649
209840622
120978963
147979609
221372907
95309440
61213469
52918206
223380593
256451665
6856489
141114300
78108202
163342294
164082232
102760129
177526155
148277636
115547309
167830959
214799006
228530728
217807149
59816303
56867370
25585751
154774778
121736696
158785409
146255524
143079387
90101170
10750254
2744787
242890681
174680737
161074049
146624268
212491110
119290128
35964414
160908101
163721970
14491956
4074495
232647007
43835235
69879136
195632265
237713804
139195907
43309245
175749284
124248120
119267345
135954648
26722594
117876839
251411780
116894416
68016955
104588126
196437047
101459332
6715534
170791304
25340999
182854687
64401105
46211885
237876848
133230672
26474491
181030608
97874939
56358881
151490404
27748711
246600222
33171577
195050799
123805639
23924226
135572257
264471011
197924930
225405002
218046250
92460833
216350717
217832545
155364384
200156434
142904377
855181
101530117
164161234
109131140
165803151
45223451
21955653
263031977
36954850
24209947
161088856
151528912
30347679
139354763
40266861
158300547
151036402
18239881
5655846
4737090
247758463
3631817
170907307
150656101
39908076
14501996
153975616
258054237
196130662
126058840
40824946
100099532
205133766
217170349
202316994
267131108
113990498
197768031
185689043
73512851
255873676
127066912
54702592
71323438
84765530
156236600
159796016
107764609
261541840
107529188
23700925
28138272
124712967
231199100
67931589
229399974
164748481
225647094
46463825
142806411
242497047
200251146
208751538
117328704
236457094
178202338
88012097
38879156
182548506
220079004
221504763
98622310
174874157
129076815
232244364
81324130
258051810
66767812
260323937
75798129
14942373
50460236
27055685
56756027
217570189
202285426
66196876
172968908
203798390
132065014
213439149
254887051
87529353
8696113
160076221
46440197
257764464
193989557
120061790
81598694
234999313
227260256
150715394
108383570
220161745
75595923
266601207
67149332
30287414
253273487
178253429
157422721
51191779
26983482
73085575
100125204
125937691
26418532
267944934
111462032
34806033
122705747
195210868
23066535
152729773
180387758
70225945
80039886
261567379
83238384
44994780
167035431
221599679
78279094
230457609
1704376
152137217
177052402
145673248
78466340
189673762
216717807
112712926
154951670
124346551
45618770
37250800
171171638
130276351
87235921
124404966
120598029
195891075
60986752
101400471
184070651
158655677
229970201
74602159
94183995
211900350
7872075
137057683
188967368
51844711
177332010
166489147
59459850
51304672
181636056
215502738
177381650
218329182
151729981
220404
59247895
151490748
116844860
70222231
267091876
114686203
149745775
122908174
112822128
198285571
35653579
98107367
50122999
223314125
52950883
264745057
132232085
222640309
86276964
201012653
84593725
182445660
11806015
222098880
7243688
135530383
79445793
226740240
235075433
105433916
179230986
31675870
137334124
219680405
211839422
46957041
186840473
188884321
21526464
72912026
192638216
125166173
247300776
262754905
71014926
162021972
128417708
141523301
22283190
173975172
209660991
109196650
99459324
162396417
256134471
66710505
76790149
7192381
173689015
143369899
9865540
184796496
143381897
30225987
142970704
264933350
37341333
10048829
1259335
205422394
65738175
43159713
127442412
226689841
240760874
221347067
108765379
161073675
181707580
177863916
11120939
120168474
177490174
106703525
88086326
112475839
266122752
21884733
68085194
129656490
107314062
241841751
44858864
223025261
115991648
80934101
56891061
222890726
99422534
95510198
4653515
171059300
27050915
206950137
243116486
625499
58298677
132612350
143458507
138152608
134506643
44982662
224768817
152078618
115192258
29725527
194863464
70003415
126688573
143469219
226842743
167780984
166299686
172668759
11219136
225119774
93580620
46269745
21053056
51093551
231856697
258383609
107572470
199806685
89925060
9133068
129678746
147045041
192950735
202680246
52625085
59372955
225819073
61956494
22370535
213616178
32622985
251397739
36215599
110516915
228028249
137210128
52379009
125943420
136856127
146316474
253490464
19530650
4813145
101299676
106909302
176879099
61787590
261082936
154352266
57328600
83233439
104653975
82665568
121476034
157473221
35781639
186705565
91270896
46907775
140885740
237091753
58541846
128001424
56188591
116428829
7772729
105565843
17394206
15983937
154928746
90855372
87167293
143771549
241131346
253694179
98828359
225782964
64795737
126987568
120805122
107234685
16229907
226702661
150159794
263088117
76969892
37497717
218276425
154117743
140990445
222845306
111206311
254500126
84892629
30254259
105309702
14211198
106648234
62216863
171621560
230426925
56083686
19780459
120086794
151708829
126440752
67060307
80051618
221864488
199906934
251909708
246247182
37209424
246949393
108657760
44295356
4656349
225597219
165049273
116097456
126948354
179414116
29511406
189246196
53341616
222845223
170234306
58257166
124695588
213959615
132832903
221083934
16220902
257823437
67796657
140501522
45696685
266410531
152115121
194850918
201291998
40548003
175896403
15192929
549950
55622206
154725022
137658550
76502416
17894608
205884437
117433824
72235488
264500288
257377338
170215506
206915030
232675055
19830223
134983806
17430091
79657723
134628580
141525095
27441175
94440812
195599360
116200436
224167032
127223500
228629833
64365218
86678297
159983083
155410762
190324783
62178739
51964128
155570466
97714433
197081596
95713966
159966098
179522369
237249439
186920058
56201687
252348381
30934296
165782177
113161247
187773655
46530252
148284938
251039056
159306932
175871174
254428020
249702868
246910345
205720291
187521141
12383811
12437767
33013838
171253256
173380517
198454260
196262385
228021529
125162087
43501515
178450930
218464369
238994706
261862954
90975002
146992063
38679928
190417876
109831924
261503795
62198940
15099867
170243648
154799646
195178085
69103935
86332350
61147603
57281995
34730213
178108538
187515669
255472837
265243132
117768300
96804748
226504894
31033422
77755733
242575180
45481941
180786971
81566395
224170701
184035199
92543815
205524016
187878563
120484205
226955144
82593952
265927216
145891736
46339688
29921016
216099983
135509104
146628809
219418119
11158407
221843418
97806568
226419787
258673417
59554573
239631684
131660624
202105157
17475879
175065606
103830284
240311711
246360018
430806
205427835
120370915
220727819
109011459
62080130
127157845
54559939
69383975
129397759
105004119
173321299
44604920
19109042
59249665
208075678
231645099
265756110
170525292
37807153
266076712
208752249
77726882
40911419
114584054
115733347
235329048
239768171
36800866
129554148
201509156
105365121
67908912
25602482
202837639
98804163
191014844
154485571
216508603
237046967
185069301
17474068
146691353
157414437
106196726
45314599
101207590
220987516
136869147
191372208
160476161
37838918
191452196
143592109
43982475
203091841
223276905
181213422
263602412
72668289
131587657
219080796
75890672
215673224
142036883
62366289
9546983
236017428
186018617
242270918
82652914
77084084
169556979
103078587
26431810
143236068
47396909
70299475
265879534
189929665
60339790
79045318
67503901
66010521
90089865
156291099
114839808
97821786
259887175
95283982
91014577
217169301
199233513
188893566
219750981
252241552
8392692
147542319
123939062
234959224
21775832
265064013
186435572
127851943
87774523
182318928
77779223
183012485
76552519
82687353
243184310
73653579
238062331
119266418
218661964
126263809
149866744
182755957
130183371
45266287
151387169
166268014
25859926
30319583
160457639
155750540
197028895
264941692
238664321
195816825
123061732
241524728
159624006
160274584
148023306
950146
154528429
126843419
251695341
90114947
82810081
184976138
142503238
93889626
106367934
19289548
157451970
16281804
170085083
182445641
155998507
199367796
112263821
208915237
229060260
84749812
10519104
47041447
118040313
40276742
256639413
111179366
169843361
236512674
22596678
59228215
115326835
172299362
95737513
267416398
3763028
64894316
34225968
72345500
154473358
131330215
232182158
220186261
69660927
123798114
266007905
81324873
49649471
216556749
249268257
118487382
23157359
90050157
198585562
175812398
65701153
13169476
76759166
88722662
30591514
108133104
27692754
223268765
213350096
215808264
55031594
7447528
141037325
199147281
119293509
165360722
249112368
147287153
5712785
230694258
39721232
121672789
36199145
73178922
164911292
84680293
238892811
55231775
66602110
2079021
198251542
169165947
144690031
96930200
103816410
114500896
262608492
154679034
109402584
205058342
191353355
101848655
39073471
20813822
22335155
32007093
213387611
69540881
164101369
218105149
79886312
100718520
236437598
27411180
141915769
162100045
112589130
75488797
864758
121414813
244679051
262180980
150784812
239322273
225951964
176782587
126098480
114791076
238602889
158092371
106615077
255584208
112670087
9010522
19173858
29841466
261817169
77098394
126475242
241287796
235225361
123662451
12945215
208255376
87850179
20703912
82073402
143545760
97532681
92226491
179404632
235393244
207689108
87727217
87871599
211946543
125227942
235198629
116934544
210565924
144450017
181140717
131456161
198690273
178570277
80920221
66494595
201777446
87549531
122399746
144219322
114466544
89951731
176206901
52392460
193252135
101126587
70690315
84513159
183218810
112950825
31365935
208530005
7454403
26203794
27393280
50369882
155506621
199007198
256175757
265044974
240282226
258111216
30243338
9638710
231765327
55672011
121483697
121420501
171128319
227446601
9204420
195902492
135260400
2232633
233735042
22043727
203131892
62148495
23582489
238560548
154326868
74004602
177546276
88003169
205472892
183593948
17192232
184226518
43490367
152584837
60183598
155344201
142643756
9440167
47892236
208536736
263840872
28700733
200658463
191884399
225907417
103574788
81809293
164242389
243948908
25738722
127242081
131795559
260990821
149020126
101636675
129031557
150255564
163047180
137438186
243142091
79852774
164751884
152958777
58374133
187059478
104182739
63316871
251789248
160437253
68111611
100366340
195770220
20171583
61974998
61060167
260718946
134405010
172451523
63375020
85897097
91511434
67184049
29836228
253568801
65419989
80695507
150152716
202850209
18609207
149377085
28863772
223398854
164056913
137550983
51430420
176790771
69549538
8818128
143058655
260443324
120573631
147105401
136378635
110846016
120957718
19506421
249368567
52496979
215869840
46934753
47006339
121405179
210899713
39547409
107140827
133386126
149442331
241769044
191769163
202828342
235642304
257032997
259932766
105048200
97328557
54273630
211499508
104486469
169099055
38757904
146494455
21497824
185543251
260816781
58455708
139882625
124344947
24729375
16132543
138475908
254084220
232261053
235030632
118055495
74905959
185856021
44048939
75508689
78031406
160145451
89644135
232110490
9530114
257980321
140665417
108722827
103759525
46980661
90967629
224976099
250183019
193408832
11322698
16157971
148073333
127228780
166589603
102531253
117134877
47404336
47116877
185893369
76566436
160134705
180002087
163710164
42395369
23160835
186075880
149266993
11899235
258737622
54829143
241435214
89244493
221428775
259112550
32518992
11090287
245475701
233801517
118304077
119592095
189879866
33620016
256480125
21997029
106007282
213595736
16671889
181511195
129451385
61359027
32627881
84377053
213817120
240355477
66867142
69065884
232160269
47834053
158306110
136565890
37337421
209736189
48622321
231507050
96518694
172629876
89949074
196139356
81258935
154243931
12908670
125519588
12699811
102526850
240482805
71306695
263242577
214179831
233443598
200312120
260914625
88548995
234072237
95718008
39085397
130060426
104006285
174321694
101039938
125511299
135537736
224867189
231725229
6400984
86939404
45960844
75582842
103368931
194842222
190673259
149283661
13776025
240822661
212124190
197552015
48750682
18184931
82536894
47156153
157970207
247957721
5633398
86495107
3936153
202057362
154973383
131949027
116239726
241541205
200398386
120655207
264307272
204889040
172820270
13016833
219296894
157482820
101750293
22059303
4658122
203585335
257131622
93184553
224005706
265339962
227571102
71177457
175059881
99535265
170095958
172795956
7694568
136884466
5539300
236405713
134395156
187692821
32630522
252431213
13629961
72478951
157080942
179026629
190953993
165178695
76379654
239045584
182504663
17596273
158673400
185146703
56909064
225348930
171290247
18906865
109208635
249338514
186032634
210478176
140513884
114308836
25470480
194860553
255875769
22067394
201325500
241574001
57072469
35003789
161989148
237028822
134765167
227403807
220867086
34346326
191779753
89143920
44964585
160934009
192001608
64605525
265189823
215236874
141815844
153464606
22934190
230417839
160706958
5498481
105149214
266919153
60416212
139263091
37724335
46700908
238953334
219888815
99609531
119743259
236250952
188806347
100270727
110979677
48564595
6729566
216083526
46464177
20353009
29205821
89307969
6728331
40373909
200168161
202101498
92595576
198467545
77407510
178426021
18139557
89099254
264744087
48937253
203091355
65088136
17387983
12591508
55193106
259148486
31370068
199138317
142047575
222808680
130064626
193235265
38387286
30218139
48349425
181306927
83195455
112917034
194759682
118730827
149415512
94810935
142272196
19656513
237630711
120055555
123846539
106457950
10356860
145849976
98966126
135477539
176683562
248880614
115187972
261016679
210307010
151215844
95615038
262108667
171175200
191606717
171492327
18540674
25726338
162531315
249739898
207622497
236571733
258922963
5937856
116048882
83562239
147433261
237108488
114441275
97284215
227925981
266268154
89743580
165592638
225114947
182710057
36575291
159907056
117667983
216331553
168861865
187406818
112761054
161584724
251179021
195028811
52047760
244261990
207357186
28667728
231036689
229626314
15222163
175593957
77213078
231537830
103470514
190692649
195282183
51976119
22558586
199491683
47807769
32215813
67662958
124260105
84999855
47428950
266555881
98240695
168813398
167474267
212684792
51337524
32994458
174069748
33862737
210944247
245457810
192043320
118159912
148244057
45069609
119233789
124049416
107640289
134447738
73115163
165897669
241420908
248479241
95929302
260060935
95907559
222428132
33031568
67286344
4142839
204380225
89267157
174311449
125263361
8431184
80668953
99367755
251254533
21465436
183871919
11968130
105101045
129963094
122480677
244499925
215012426
83935007
45861186
125043031
66687599
72778778
8942767
231475656
131763301
9256231
124101174
150634080
44156070
192630426
223925279
234639074
29552883
145967333
49439671
28453670
49910726
56587192
15108689
220378796
160315474
49657387
85917739
150139203
156227398
66844448
184778967
65095440
62977879
161293337
28677824
23298492
140205629
249639334
3720250
261327196
267029369
161273593
169831094
267533608
134421101
194670014
185622364
229255382
55951075
94044025
102716096
210286652
169096344
72402820
151463507
222666778
138077048
182071206
139879523
191642175
88585988
23516778
236057439
102994881
151025940
109178150
50828857
73188379
97613694
107103105
23795146
112943802
220341656
32689549
103925166
215794155
108401992
250446158
212672288
192967461
94760815
92325035
191465194
170534878
247485578
207903657
13905993
65850793
207399760
109062928
178902226
175592576
51413010
233004103
237462979
175875016
73443539
249103984
243907865
57437234
68825971
96539354
169269398
206468367
154154297
236281775
49566058
64543885
17577578
127187477
212474010
110093806
663265
220643652
87923119
167117839
257691313
158115911
252961742
134269247
111901607
87898549
197831107
60462220
250862572
13266885
143015217
27508341
41486120
188081770
82454486
257964980
258141974
228923310
147226097
139474707
137117195
162628917
24005428
244594262
257982550
126878005
24847147
220790384
9508249
127119739
154796714
179742339
130654300
3245760
116911571
51911796
213370501
165092886
55914284
111645145
169304778
249154969
215499529
149957638
109769696
161270734
5818785
185595594
213833184
208511323
267971379
55862025
147087797
118514431
157556107
14460982
227921932
73753107
1276915
159661215
31330183
24831227
120824901
179774393
111959680
228605612
2849677
37690282
112635756
156333761
183247986
12460931
36705927
153618701
157182455
59046669
191044233
191790146
87646586
58659233
249963074
189374977
176740410
187242071
216777873
174943401
84096915
156502349
101544405
189471337
243773498
126465474
196005957
14328951
25962922
103196203
237765441
197544367
168808427
29923436
121920347
5040711
193624440
55966458
39066250
67500466
218192888
177649164
265302670
224958774
65752337
136361884
64227967
13602453
253566324
196370722
37619684
31146017
155683456
206597749
133397757
170733895
80679157
21662762
268149010
53670106
262377067
97711197
152546346
57492667
150178966
131002822
258549947
231911793
262550059
46360385
8666260
64393662
210223403
41651970
150809143
162497304
76045508
103269689
268407732
153504165
267814192
55395756
250860095
217690975
149821738
23655727
124219672
238770409
187031797
251372610
72134195
27704994
61713708
71133424
78229469
242815107
237971278
246541322
220693062
206186750
224823382
206455725
48604808
10167735
3615413
258825872
48250522
215825693
27829481
68000530
44589172
26866273
163187486
157009267
184950875
172687883
161451298
33164364
109912722
231771917
88983119
266215366
184775876
201893763
75510593
15266877
237480569
130025076
163181966
57221578
118438471
218246473
119089617
194997411
52542592
227858295
213272874
6905460
170286502
77454601
165531072
209820601
187292605
130343324
262278052
33755069
252129373
90156818
102400691
120840936
141643105
142032513
156024678
113652954
104756737
41231944
256289265
127896611
16011581
210732858
16353050
172847213
250670329
80306005
94514904
214860404
226737879
217535434
259494702
125704036
33155610
192112722
178674748
183173193
221478990
140155887
94440294
113186041
255388548
32167633
59908444
198250752
16608110
12736994
83490250
119493378
126298665
204653242
168066795
29592799
156214285
5933905
24910616
93741542
144114292
266158879
81784625
13647464
266967484
7170114
96919465
235186646
33806275
237189579
139212211
157634409
7999399
216742504
24351932
174667878
20050070
89167366
207940151
108705705
184749482
240810706
93410738
136402043
62321083
259787825
262139563
239853345
138859023
140350381
161141739
257383066
44135253
210964120
156302486
249261811
261480457
182518872
44514012
217157952
236706503
23672023
242651947
110346156
258337850
151431279
60808543
140659474
96969128
59147366
174401848
175513488
35683896
250448942
19126633
138899696
233903195
34484872
94487553
182027572
205743578
237461154
158890915
36900275
236104362
200614637
28597372
253470192
19519996
22410064
1273464
83918161
214660716
95570090
102827019
188459999
245966973
267058302
126362807
56414819
152848590
120245896
85304340
133482544
225284305
230790554
17618276
155213802
22554957
108111923
232572952
163273848
52158979
75631068
63504432
119984816
250334305
37452888
115992181
122812122
125603678
19626134
18510976
150209147
209161498
127656111
77805924
110015532
169162570
256801625
6456183
154066169
232073878
107978835
115714624
31051528
105749241
38788342
52797736
226818023
5055491
72694097
186381232
238734716
188116878
96582691
69617438
247344374
93468905
149239814
263705388
6427349
137342783
226657193
225330959
175808784
28169345
2529522
120196093
174885914
201157085
252777589
12439950
73759673
261043886
223091869
71361581
236368277
4692752
162943235
41317397
156690881
180830334
194297657
35135668
22874245
98154204
5496459
207103355
217020116
227150703
165274308
41748055
2540145
164649800
263775637
58455896
107582320
118133963
210765139
255570966
231857272
54745665
1707549
145063915
195636244
59277019
242077574
111771596
164183055
103736896
194689457
210784169
182646903
131012496
43721199
232422529
20277107
101401470
134783600
241868946
11514259
194462746
255096213
226501826
66180834
246942014
10240387
28704346
18847453
128263280
23451152
107858893
245679906
72011258
12744541
173735501
48248113
36694506
256140705
72365110
73269931
144704108
259766832
128425366
58796116
106096631
177838094
182995809
240862469
83615968
232299186
25189338
11685297
80974448
233457349
241416946
57818933
216756356
233278228
118635219
130522672
199253852
64865686
9967608
120563959
245965091
140257148
76453234
219171453
171628533
55645373
83873321
12828616
5926703
251054593
157727171
175456210
171514872
226932508
93192809
261724685
119489433
143540811
206950965
155702842
201902951
110151222
230615943
67453065
20574284
6860144
108745285
128753081
258086769
37105355
74157256
89731718
45658906
15376704
217771785
43428313
184229804
56276910
156346260
249502980
196069047
159229831
242717265
79385982
40644923
212776470
27612350
9192209
129017320
191773553
230340124
89060583
208084356
123771074
24717655
168998013
67613003
55839865
223170058
130860515
57800052
67916628
254940059
72378386
172617955
190961984
187090180
133536266
58790886
118978597
6497732
21885787
216737167
231529667
198177795
117545295
193182151
5326338
240195754
251322633
142843228
82000970
9803398
207961386
112613417
154126119
261012737
104119371
233324107
19641826
7643287
150661171
68461054
6701036
13835864
130933139
239786633
199347163
129173095
72953827
190234239
143149848
214395694
17977334
156629492
259986945
77134123
252565093
174811019
183145710
109582374
88512185
139262537
56832203
264496134
163731596
169072297
209365021
216443621
69112535
6425785
34762952
239881944
38151541
252532087
52050985
13179758
64719169
210508223
70519848
173301218
211646371
192194592
204423314
53406917
91906542
228461739
118432336
54622717
48834211
77498894
55849006
137744488
116677898
47375520
109319004
60587967
124892960
189039162
261491570
12240463
191203399
160298884
168833087
263678545
264935306
32609964
5638715
141421261
122649621
97964622
151890993
130495129
160865633
91329044
47801422
66896136
100385999
194364035
50512079
259307965
33634916
27749022
137147992
261071830
34403583
37054900
77092915
176365956
149629970
174306469
186659137
41455296
11003079
200835490
67402043
201246848
11078620
128041334
153354731
84792417
182454396
148955484
190551106
172707054
57035331
99360332
180927166
54887540
118510303
903739
78248548
121759239
16837594
73663583
83698069
248262721
167270217
250852765
208634380
262253563
25227903
37375958
183419598
40691390
96435207
172753642
190137167
23378689
200450284
73980023
61222093
205458254
242866573
153332030
122955660
105741478
45558011
134424957
18387776
260652435
96095065
236478478
184801443
134155342
154704207
178618756
58483853
179798635
187001951
220732726
175124917
146835370
69596706
259837681
23095609
63363849
174708772
252827406
54449741
101568311
226376146
64431943
160232070
247794311
252259062
199676149
183245402
106585443
186453037
1297199
263644508
182189111
207235320
252311499
241344361
152994184
148557863
39884590
185231839
265599239
26042684
195064685
81127878
170218272
43154098
127561831
226580044
245353269
169958383
90726613
252415871
6654248
24603759
96083459
187259661
2245317
175616332
186166669
156902685
18869428
69857397
181758868
19796272
202895937
33346301
120973898
68609057
23178129
89679205
75411904
128485270
102690948
14787578
198749047
254762723
44457977
111056447
5621642
77683038
185267283
258938186
122572271
56647448
208903213
207591751
223300753
186564998
90044741
145040426
34911710
229820931
48590065
227298432
2024898
124943197
74991067
62099298
98819591
116563655
258975837
59441904
54315760
111519826
208243376
77305461
245538410
137406711
264274978
215655520
161407781
142847096
173088046
185172341
42742269
123200357
24363375
141421266
85007934
1676103
109032505
98266617
193491347
212194594
139838956
32809139
77284762
218669377
228727404
28695399
253281464
56577036
144704597
60786308
101584750
8805578
5763502
116409399
202990153
16474443
17974802
141326530
60334009
210678821
250282300
203368421
111287341
61610729
130453005
132127929
140665237
177184080
130952198
250436096
57988892
128069124
261886504
96705046
18462737
166279434
185756782
75108555
164888666
72270656
72095572
172594913
143033582
10705130
115846500
187421744
164217326
226881802
40737014
65626619
4973430
250436621
136116748
70358728
122565724
202242027
63381914
82172200
16371043
135844760
253250939
257905302
89333622
229232625
213923725
231015982
193650387
137823047
148376606
104727141
151288036
206088590
38822162
142571057
96796377
48238949
123279865
159251910
215154975
22628215
179292022
194185952
5244441
87628325
90884426
225585765
249470730
194384251
219764516
109233394
71694674
30579785
109465336
152430897
180411552
257089749
204207787
109768644
252134876
110739004
7875003
95247878
47653036
80099896
223547290
133282742
168328508
169026674
232546610
185247281
33990363
12855507
254616761
82026859
46061232
17305942
188983475
1436014
146128647
157276332
167905105
131160657
51274559
267529507
49341747
174907377
240508031
66271025
200454516
210489711
20009007
241316339
140981028
27449204
9448980
110993740
131330458
84569647
4249151
82536481
5370345
210052240
156349641
45071742
58825707
233331149
51904019
107319303
111007861
11919180
90225206
27866783
117931710
166516487
206902270
83370573
39611911
63547256
163535901
48580781
83420921
56053112
231185176
2316746
824617
163388375
259284045
176134471
103076710
254753148
13618808
110698769
217209637
267295284
110660030
204277161
67639835
193775532
257917359
98036400
230221887
130431562
95931288
139023535
21148208
148891795
228547155
225052820
54683900
116060918
140612477
180119305
158129521
127582653
114284234
124802889
102013590
190742344
219601971
22292864
244115421
223976695
105138665
143070782
3145878
242656708
194582711
114656588
115814179
32697400
148996417
260465414
29191962
93624564
219395057
37761604
223173625
35244517
222322221
183865141
191927556
397571
71149635
65713481
213133163
19207360
185457812
74618400
246138400
219686583
224013255
217431225
222539384
66241601
142971893
41058496
134264859
141879102
180421335
204826782
262185669
184128119
8056821
111498147
122569819
36502287
22748939
10204784
30858025
173698595
41117370
210155427
243343029
180447437
67793565
61566659
260068907
230149026
265078704
223203219
88600480
13813932
122572506
228219963
6370653
24963455
242850959
182162103
80106543
231497490
26070307
216067178
30343872
232483368
76128541
189940385
65165069
60342307
72173547
52473872
33733474
50765379
163662947
207740593
3355729
48146351
58680262
25562993
114512309
24955255
54364778
20963658
239290368
82845785
45826701
262011766
143380846
239519695
248264405
141858514
216746654
231667393
243265823
252151834
176015508
222992503
112059783
242276589
102647736
203542341
132341840
107061679
97734881
206032624
39766259
82984567
164555407
122559728
152855146
10663789
134517190
254513680
36019671
38194768
210394983
264857813
224743854
194918436
137948589
69764156
134448972
65693372
218506161
240001176
142683617
48873813
65496698
71699867
19251255
247668867
15883624
209863493
91135799
67408540
108196910
37898477
25821033
213915175
162786374
233687033
3261061
90805687
229638742
266657217
266008222
167755934
197793446
119672334
18827080
164937783
199807858
72743179
35246422
231694658
62790451
253813335
46334514
16283283
165934783
62153886
50460851
60483
161167591
256605393
82653872
65008584
245633929
173489229
209636597
84083731
240829260
101285627
133254140
34215942
55032267
49075144
225676202
117086353
249428005
28191729
36424386
2135808
182304276
221782205
79464378
99927625
266461945
79794938
218505961
62328259
213198481
104160946
81211561
218173097
229079712
254449499
16932012
93872908
63607973
227697689
244214663
164205533
19745610
260236360
96840704
28467438
174447538
181445839
74831272
62804703
79926066
180926120
167224202
12310946
237852602
92346106
223660096
187252484
130372124
247796670
20030514
267947023
86270073
20395312
206408074
189858740
175903963
68460539
622909
255284372
95248417
162329360
191547768
19464228
20510755
40588533
70631285
144212696
193250113
147126461
16266505
169296255
229656327
148988237
194139221
262531865
57438312
220326684
172853726
58289822
61050414
52194579
52609692
63221671
92240379
76124255
220100066
174598081
223732239
136927596
85975322
73236519
183538633
100263143
186059659
75476363
180603978
92046192
64183619
197281731
267240732
144901879
197308185
239753808
190322624
156856535
147742013
93339282
136339170
66235087
180776566
234879
74566421
75078382
18472672
223308882
236150158
134429849
26077608
92597823
6699749
134252400
262104721
90964562
228440672
16667125
196039131
81186268
154213941
197178525
216122406
246778097
119396184
69655087
19799241
176192071
212589536
26067566
18145166
17042550
67993212
85064885
155602646
207849160
7118633
249317231
173875221
82539134
56558373
231680718
104288954
262066098
43373491
158192682
134117452
251973612
158836174
106348758
159900163
200666944
62056635
137494734
136859480
15890225
249793918
143536071
217510724
2656208
143625509
214032382
261631297
185208435
139573915
202541563
80586975
157887091
124061203
256374995
241058691
256458559
231303688
61584416
66587252
235207589
153195875
65531571
178610329
19499246
108370555
238886244
9105714
5767789
148763726
267375705
3405024
130211205
224837405
135595826
253422617
232091419
184014327
62406583
33950400
86742200
70652670
163650557
218747692
46603146
59014413
117779496
33195345
253561730
109151871
214135778
183743760
96897712
18697158
29172171
71139886
120201587
197028172
198108709
258239132
588421
260773113
107160702
176596719
78448168
244563886
215864486
100371318
158494415
130599452
3522171
71627493
185837967
210003204
13410061
26061
198780080
108895094
138199973
46144506
101429870
93291366
254449958
93689350
70618834
108768707
23442058
194975697
212060539
154683410
171020093
66828149
255493162
234537404
192671657
86052110
7037345
240577476
126953068
264515582
36364547
47626043
179622411
161407732
181143768
267738226
54877175
181216055
98026805
56038952
247220526
169971455
61528901
54019171
99941615
19400287
79751348
42030634
182297332
262300955
129549522
208821330
159491768
233545765
143201691
21637329
115261149
59922460
80878845
103589753
217094590
108139717
83983864
74528148
262325542
205819133
50323726
236208831
218281162
224265007
187531301
181177668
60068846
23316092
45984107
60678773
56244305
11859041
113119487
225713658
32282721
78877204
195729285
130143493
264811577
26781692
258670933
196121043
32126199
9020352
149510268
232854721
110252011
117931552
37750647
57026636
114998712
60943511
87806125
261052221
8428318
54156198
158062417
123492144
201792599
189899836
36130084
232189352
797291
265937909
215649895
254851993
244850598
81967714
37672517
120393890
160586582
195563961
153369160
169216813
184734996
159558698
48825499
47458193
221373669
42505234
65211440
18070469
210903914
143067852
229781205
119816523
1655188
112695451
99601680
12491202
221505701
57127425
249093364
265947967
143293377
239598182
39882785
201781433
108744648
63014901
4387046
217288866
15916071
230907592
66522361
117595418
245445325
239464919
208762489
112872547
25059133
242834137
183794450
147502139
109993938
834969
31878920
57926976
235488788
29190354
104422801
51462354
346440
80728527
22555282
142373281
179364493
74056491
142077616
261346885
107503068
156592854
220105590
105899382
149182561
59848455
135491157
262548431
14569661
22177221
162886410
229037281
28019132
215293467
188841872
89634285
18396698
57743883
108108780
186728963
161058338
55409024
39930763
155935372
48299620
203024088
266131640
249596768
221659091
140476096
108520824
213197492
250356816
222835397
29863073
8610849
218890772
176081316
164961620
67429605
251938881
186504459
63594393
131085927
20125678
35463040
88790012
136756789
57600156
82093945
203516976
90021471
152837494
231520879
116421197
97802608
241943868
75210027
204949725
95891384
21933057
43853895
36578896
265109653
82554914
45852008
27842852
124715022
136398266
167602820
24957860
206929523
97355942
75485003
69263108
170648255
188968058
216192271
211363963
219211344
183192563
179993057
108266206
58159600
226075860
114324952
244560625
39657867
155600033
22004180
127257516
191012947
45728518
164773827
89787933
47081085
235220168
258342716
80362874
210354475
204805931
258155158
45742705
266429874
119169760
262784116
64034427
151637696
17771491
229260677
56283855
41468121
144844938
2898008
19390917
213506394
219640329
246263645
216468013
124616565
217961902
183327132
57488179
240620681
109021735
122585836
171595892
103582486
193771110
62335269
170600473
67829075
48453286
252721265
168917894
9680857
70879932
112526861
19078981
199881894
123369142
264279332
106191325
188885651
98131160
34915179
165941033
207062066
34489884
150544270
263961166
42391236
6766939
235698170
140528570
46069644
8336616
100477468
245864955
186406165
195227452
38097424
50290472
176754756
122180941
146802314
92412589
265169975
223966664
71165022
16140536
255583596
14426744
207501100
147070787
51806072
259701432
84387742
81587267
12556603
28988813
168512051
61252353
118170328
229578588
30016102
90037961
257149827
209548642
72203400
602671
64029053
129486167
132333120
130321503
149646389
110752796
180515212
108720446
199999591
101536174
239460772
173173259
29956703
182063858
28422007
174608014
69520617
214143503
189537776
65036871
6755231
89152665
239290110
173608122
47673592
254365528
209236041
33549713
39445215
188612380
134737858
78544168
47731309
207268065
67878477
165769701
148493759
171299066
108873886
32814071
88330750
147233073
38549144
266697000
259909568
67378912
71199748
66370359
119669707
260455277
171966103
120168071
180622149
101452231
63585195
62026283
23899512
238709493
259745285
137499704
238151305
6630204
254532150
59282096
176539350
125979842
64544568
111382163
97747600
138650990
110144365
33773559
217103653
209002545
202787824
170152898
72047819
123644175
82437014
123360724
175512997
243257237
202511136
35476859
214401743
79253514
120758045
36914956
256331103
30225822
197928758
197532846
147567788
161118473
67583933
159060864
234148701
47540115
60270102
91548797
17954405
6876226
114824015
220506324
241617415
144183430
85635736
158132860
174003495
125021802
113719745
30031482
192926318
47275037
218156480
70924788
18072363
197872441
103169039
172222327
178150670
35777439
134687149
210618458
213191522
241888845
140184838
158151428
209645949
214459386
61491079
175416691
1263304
72950633
43447517
126235058
3231206
200560267
227321622
111663027
159526247
8809463
240505075
193234921
57860481
2880517
69867
260252406
27704968
14447679
235205268
101607941
9540922
129020537
192274728
19109612
230710919
203626912
31458464
44490889
244148197
245203104
44095905
165865030
215011295
266935979
17155774
13166273
62728652
194573588
19993680
190600275
16617261
170460368
110229001
248040291
268193550
99598680
68260535
183679919
225480382
263297340
182208433
258577957
27533071
41107477
67184507
205381213
177220545
186372491
259778977
214568359
266959092
151511954
132038068
2118013
68891999
127495349
102739925
265742143
267809297
209041519
179888878
55041289
38436404
130220044
26013630
263674620
28811832
208531569
265500927
63774341
145387722
213205191
178613904
104258482
28008344
47471784
198219242
201398163
95458145
98789649
144376305
206871045
45077318
130745127
156026043
3226172
190648160
147573366
71428651
218081326
114990512
20825213
262703266
250776561
131827064
33944389
264843178
97829352
208749171
216923453
26222264
219980454
141633554
246152932
238256028
226612131
161127819
44223057
137318269
266619778
78006937
103851753
253182462
89488516
127767292
188269680
204596034
190883358
13485579
237212959
263856562
157456668
20525049
139251291
18808540
207186461
1469189
70564208
253270847
7759109
61769246
23000930
24039853
60692205
178603894
35581664
33446
225557932
235054128
131695279
129129395
185098458
59532208
139336672
196177381
121350095
5649385
215488578
88188438
229919057
68206886
74995788
168145820
211547204
107152133
37500455
166415429
174010136
91710826
191696825
150095361
222127228
173469082
79571756
162496393
197040597
211210551
253139328
11772873
267772112
255818849
144304825
32538369
178699149
20772378
168371505
149771788
256600223
140277188
137303262
179284184
19064239
252476897
252527749
138646851
60687313
200862731
32769880
48145819
235022142
118192377
189931312
262692869
118239109
1218673
227790033
64873161
130664376
198627058
97808560
250564291
166584452
172624195
137818367
190611863
113122619
40214609
172671166
10921277
141193015
62074769
225943336
132432068
82712639
32568845
210927477
98554531
30780890
203337869
203625279
261593938
265749702
33394940
18095258
116340305
120575130
268416534
256904987
214138053
131432295
47454101
158530412
173626500
118826559
266339547
238658180
148870495
147761089
68194884
120422814
194627584
99373611
58212494
191539739
177262229
41859824
104218424
119576428
194187192
143711310
237047931
198283806
72801182
215116456
66263933
46561847
142281982
221737236
74905744
222759826
240857598
154245638
3031544
80498231
140327286
191921444
232664377
193699776
48420746
204576666
190592893
37951321
230052060
58646182
267236013
129152450
202352282
231571223
130376058
155723250
192145672
69558595
102258451
17698254
65030510
68206890
246422254
262394252
267206352
14139031
122048001
31186620
115820623
111074525
116831812
210831871
253802994
130291557
128052561
193523085
160300689
10423029
268082480
217327440
246436335
117962855
20151468
232312876
194934417
92608909
74221490
35123588
166394328
129496437
34197417
8265284
176520120
74978410
26586122
29086720
108034804
257669727
246183329
177650695
172709144
194572099
151519634
72530279
224700383
120148629
268010442
157376964
21800946
10647244
160814988
65246714
44625422
55022618
175419463
53153266
51722835
197789468
76896335
228319624
94179483
184717952
11674700
70865600
187955333
262937169
247715614
1093610
210075639
170370530
45084535
225231659
228314028
35109876
263765675
145851607
128607124
236147182
108782396
198767560
139249185
89333105
257825424
89325434
89224275
239506318
175302845
226127421
176272265
171856127
194426437
11059208
37302631
112025426
113557775
104508450
201601786
75192707
251054936
243515342
63577730
105072882
148364661
43284090
182406165
260714060
19296807
71747418
148167455
232695119
152684913
235941341
230779526
96117183
56620571
56080764
254984507
111280914
171462817
81595713
231310133
259653066
87605155
141921105
68905512
64565099
221851010
157748280
70727467
24730653
241302821
45156686
76274276
92014328
223844837
139975492
239179868
211084570
56033569
77656889
230320287
204068757
163307468
94181000
33170933
71745665
87116031
258391566
27567395
47832400
109062319
80903717
159755690
165303579
200202630
72526818
140193642
45311153
42913735
1782528
223424818
22965845
250268933
26860930
208079353
106305855
130227163
37783727
54675266
99662776
124845667
241048669
8895379
65420913
25450246
15966802
200335389
192152724
139437733
177567553
241665123
26104570
24574242
228629368
40911632
125163102
90339900
155525994
84212987
76835878
230782537
150024186
58288361
60260708
31344083
48433997
170329862
227011122
15622886
195367604
87339230
155090643
235734300
229159682
93821417
41521555
72351231
41793090
152904359
250705728
188270682
206675912
149308737
165250890
254353025
237719894
202444485
139751142
82027475
166897732
54380663
67192528
185621862
76377957
173000612
228616345
156626562
102593230
244147969
125083075
49419058
108752811
238799472
29848719
96740058
196236910
95237572
113302253
135120969
257786677
11174831
219749467
225697857
221839933
240516293
250530772
215780137
182922358
226851134
117326779
43830390
123723129
10867310
196170825
212950486
155291914
148001015
119165967
164344
90557561
193222919
124661344
55471798
97671873
237254563
141499455
227840478
194702496
249484175
186069529
2980007
31437593
7838093
83664915
188500689
102572413
187082819
139216591
247934683
172196253
126665045
27010230
223528330
6927487
84146005
92329434
142300781
232945281
257340147
151110947
26728613
131504316
188749714
252647010
230950287
177814447
234383173
214625657
203755818
137894443
13741248
199418130
20413057
235638667
1439634
203771970
9081532
140643771
183482370
153417077
234792636
159155341
219460960
163259668
119300379
164590960
92159022
52711114
247752372
78048330
240945132
44851258
136563886
42090439
132830298
28471514
250571150
57999038
203065068
70949922
265938223
120763142
64109842
120104274
235118287
3643916
212852395
51669557
252060364
1022830
217559019
70937016
197821042
138733396
137561422
182001312
178006956
3102395
7684054
86191372
46216542
149608623
186527952
38785026
50568892
22708405
93704676
110319450
102401130
51612575
62285648
3738594
94627186
130809024
86858140
255122280
222293025
241758015
85345670
48830473
126826549
101415403
156004301
241396917
70025440
101020074
101892177
63405159
73763014
99949983
40847015
86646066
12958402
82419275
179307647
11775826
174729487
84753843
185080054
191216853
139142867
209434639
72420454
124857711
183845978
161557345
139567545
4974050
16465066
211083983
235491428
5039065
71193509
57675780
169232086
61590604
253369077
198494522
118507865
218729776
124771168
103930068
11349626
116305634
211589243
229141285
56914798
155509246
199746942
147706347
213833624
71010656
255725994
156166602
182744059
125681758
134450367
174798269
221923114
230365819
63109587
98991750
914670
148471933
239504157
24547194
141480030
30311995
125457348
100298049
170269618
244163094
97384395
122797395
136157494
210517144
38489145
156221113
65912336
101614987
251354573
27767871
95102303
151882798
235074015
156724368
114817763
86568093
151441568
218089826
62231139
249147540
220413267
90892348
21352616
149671210
266111663
31018350
207202411
243077458
58268204
43714390
96955295
21888235
16625194
116115327
133041013
247307619
68667563
244604033
260371589
140260644
112312597
265022670
57739630
35015605
143827608
46452622
81427968
105871048
39234779
75888122
212750853
110174984
29493568
265301286
108222568
223438095
195726708
189749760
44266233
76411265
147442501
156375639
193586444
195319446
177416705
213004728
190945054
217759951
205106570
194592643
229256117
83832647
136046197
73042449
83690143
85205923
108750201
34475341
195600557
27650859
50966612
97110539
173046889
93920488
51327995
235133213
206207586
240447354
37161112
86848446
129704864
167220953
59853804
263929511
56720217
67246877
265923612
130925632
56744002
62044193
38733985
127515395
53729419
108070205
102218062
111621225
18575931
223469802
238383936
1415674
264119169
169485939
109126163
184905744
102860597
84373782
102656695
163217327
4101486
91883675
199604351
61065053
253861361
226813858
53181547
150157640
162310335
7428612
749431
114876366
10242216
182790746
57375555
212203553
94751661
218733133
87319869
265659180
125716881
137657852
245457425
175360369
24038625
202192010
96791123
11157011
227071814
253955748
52078557
29495309
264038973
218074917
76860692
43675371
213243331
146454110
245906910
263828191
96022459
175020429
202161232
203151283
100521577
14024860
214937253
177268209
126574693
212333948
78817185
235834468
126542779
46794065
19839803
23545583
64106644
257136950
108718913
108331524
124823021
55285315
209171738
186598535
39202924
160926125
127646391
132674556
211669713
250480335
105788700
148159257
184749054
202857617
257274263
27794476
141109450
105611320
243338489
193855210
253541426
74951960
223481794
45232571
62900782
24416710
175986459
79959546
188354648
214492414
150284104
197909184
201310371
203941773
242016948
76846203
92408692
73608809
234465351
266906166
65915130
116379865
33829718
115114039
1164524
242082396
14768749
159870751
258426538
229903960
153392161
184748951
71872939
14199882
5463158
161017776
108135914
189441785
123358117
119709552
176935124
72100046
131595735
42912105
168455924
13953625
156127956
143729165
143866755
148691500
156595045
75753117
53073296
79319792
206857783
138407845
95839063
196390666
58096246
88080396
58823531
224685639
132995032
75796505
86106433
27035443
158476195
96937002
150696492
170801108
57058018
126382817
219529784
202759628
16023728
125048648
121122695
61317190
68878132
155998130
199891998
184991599
139521002
114984975
147900486
203769483
132296942
175124217
12024425
64615651
88395305
235234550
126549755
151025802
192644790
233753942
11858794
47092827
220804151
144211171
238353379
188602127
12658046
118671698
122562469
38177395
126479384
41883546
22611581
146883704
184508699
179600722
98210508
22526900
103338233
113251141
12425934
76633932
23676121
177517620
241376251
47213097
5892073
66977390
71762570
267296471
95543436
15137722
41440671
75213841
127802786
254191777
250872565
62601369
160338049
169262198
218885294
17894361
22138921
176188882
91501763
38518836
110326968
172560550
151460511
204616421
50635124
124510829
146288553
263341909
217276748
9811054
176885902
209115727
56746756
194746986
133692590
59277770
198129412
153256306
135373731
50452265
70350006
17358200
230580470
46649738
242484350
61595472
118536687
20368444
165772480
229866122
9338289
30924619
160330886
217089929
182799523
110480667
96980037
403493
11009183
220156510
245986813
172717971
264730392
189706491
141013658
17409335
56129602
128952424
27760810
36558092
198120192
129197352
167634079
20431748
56314632
143299704
100982978
28282585
214292418
233481361
31553178
187100836
104865723
200314172
255842509
185812082
246070222
8687867
211454551
161618386
20452650
233488239
216552795
24272189
128561163
41026700
25543858
80453242
260382964
162985497
29262006
92066732
51937898
77134853
31361915
149780861
59476745
230225764
77947316
687481
103915000
38908452
135896991
244443403
198116746
5388901
203875065
169463629
105149314
181284294
25128946
147764446
61131302
58265295
9850256
87215548
120195333
64921435
71153270
9648768
209127114
264016190
178658049
138403738
189946794
151831485
109448432
202217698
109111160
154346115
144483553
259758494
131232477
81484031
13321839
146615310
31354166
62791206
200093410
14157033
206669383
133593064
156799455
63670666
212604858
41273547
35348722
260655493
159705050
132152738
21243450
184946453
168616999
200407113
257424144
177328091
72305285
209002609
113720542
190079920
239257378
171973878
36404962
256373224
1186664
186734527
63513239
109866541
41254993
147017328
43779209
200914601
208553116
220834582
161467968
171012155
159532480
105589591
72123832
68374872
81470122
237615335
238660835
96770895
254363442
181264150
88709644
119520552
104245879
144544839
192848826
98317662
51724234
187024996
97259224
166972620
153339749
46093024
242122709
159218202
174537450
82402213
213555875
204389682
234752367
55997772
177935749
158311657
41564784
59681199
56666079
255866779
86738125
211256696
177120494
206849074
18490108
63849234
252069631
24702781
29053701
57197833
161158099
174143042
23137866
141928031
57868636
198536556
211776694
15578105
65851153
61664563
204923382
109328634
77617390
229968969
108851761
179577573
211446547
137165773
235014158
99940127
212576770
255747357
88159886
185646095
116349188
79114451
99762740
2523330
219008314
175653351
264166464
107503777
256580300
253924162
17428598
189757548
118690213
165165883
192243767
202872661
32130755
230969267
259460279
77359014
211488636
167026053
244809160
154013470
62644791
79226304
28659036
195445153
203528359
55297350
69484395
184137672
52759205
90945321
79725391
215902377
234951014
232363353
173276802
13846502
136063419
29960088
111350051
144781574
83694169
217796331
58153486
120268767
198491870
159621447
35359048
240911341
105078211
61782309
63758812
192694612
88880870
12129025
108379568
258073972
193797527
94318684
71160832
72363826
8052295
87149591
163415338
3365411
143791941
84036431
200241908
194126058
27219593
58144719
165631362
6891509
209135990
185246331
173548244
175193617
228125394
40806839
196393783
157794691
63654897
65662143
116286169
20291639
139810236
146550685
45794834
25814731
15121101
196100120
9651666
84280550
233174713
176035878
163729508
209064985
147568882
165795526
132806778
125237295
64113154
189084358
236694077
130303529
56090936
76633950
199056974
183547747
96924282
188976091
23800913
233447010
226155324
153130658
235393710
26931616
72913958
114223591
11051977
62977718
26021630
70066322
223169238
45009248
32509990
182111826
230836526
82152224
211196744
64691757
146201645
69441830
260019500
235209530
92626544
229952190
267481837
98384703
191667395
184947791
102112719
30544024
149229270
238587465
123629625
101347194
228464603
131962578
12902356
183422495
52166353
106473468
62783139
14025540
170960926
19466064
79970310
22391133
33185975
53401256
11782066
138903569
5206074
185910429
210383091
89815161
230327492
205374176
193764484
149078282
152564163
21772330
6767655
200189343
181515481
72913399
191839427
250652227
111789490
20162818
241211879
66706077
104887310
220484872
3657374
159495482
37608231
152313597
175979646
22136384
266786081
252681101
77149852
54624613
7770744
114273602
23792350
52984379
130640598
122097439
235399914
204845455
235413535
241178577
43518243
143474995
148097850
20801892
254648355
47974064
65024350
151607792
251242874
119005917
264240622
75990677
29462348
90672877
131551439
19972594
250433822
104422350
36408090
229095650
190180706
59274361
86261983
226933781
67512561
45620207
129678672
50390140
214068623
99065577
215053607
240034139
245599518
135792221
119503646
90373631
31822027
59180430
132124624
47487290
14931094
42446753
70848238
207496939
169795589
114371601
71968896
189938623
62283694
151419714
205430850
238086991
199058774
217255962
167746963
240599570
218109910
