454263233
418768016
422903890
491720117
379217450
378983965
517873393
344769504
346333209
429838447
488116791
322465356
447101453
386016100
339411048
511569487
283302139
294140919
365526979
287656467
357129522
347467204
442399026
362846239
488359946
288227453
519302102
390315124
386137869
453690098
444457421
484761011
445125013
306213640
499059513
461198425
337677413
317811969
367554654
427793247
353533879
534250715
298742571
374019669
509255901
472584833
501774831
323916321
271742941
379657673
500671174
306999338
415987740
439187900
310802643
344658268
533071014
322461529
444898572
506552458
456781896
401598956
525815802
339197203
271252479
377490792
484676930
371549002
470091659
286856090
374734477
358405546
398782995
534185496
306752055
449053256
283892426
408279263
420858449
387713439
436097532
532137346
382703332
396349807
387578746
370561118
355536287
460210962
337268378
274653723
441406356
377378712
306103558
321319881
368094683
405036859
535464874
359894343
308825746
497354956
470864012
471735879
508292920
401818292
422303700
433221374
431961498
526909405
292937211
359504903
451768628
312875227
343826882
455181680
435644670
420689143
489544819
281302680
317092881
513546474
307841233
402992382
305001310
516227366
406576118
322387643
530244397
512641467
458652673
480724878
382220106
314099634
436996932
383885924
373705540
438435323
285842903
452709710
386583205
332921402
357542287
507255533
381849765
488049240
285298622
521148544
303622444
398609581
349452234
295725163
278296936
461801134
273641813
302972886
467250633
292932424
306007154
292764290
514195074
410474767
362806585
396406000
287799460
325398910
508249366
492700717
479837504
270505068
439055954
373782307
334678089
343805481
465633575
440235531
505448223
468460627
523327204
419036265
418301317
290498618
456352510
505902597
534990842
355481485
269788541
501943577
417540600
454213152
452050073
349554886
361925239
462067275
407011180
478188292
408875502
527947700
412822462
281455177
430876452
329052155
340565130
437590222
316200509
512348213
406559694
363068396
304200018
319713037
472042260
460498391
400624896
420998716
508074546
341521546
428960938
335622388
410645067
453682200
400290571
352439066
292843988
349030146
442065636
516016078
268940212
307127676
418113307
402208595
469809174
306961445
531751950
270090795
299724751
521780186
288002326
468975344
471164350
284723426
311132124
488300168
503224172
356491532
513486511
376288728
286884692
526024256
430343415
497495907
475129033
409235516
513938395
508913068
326644217
270079622
438306987
520340966
331610003
318301183
317988844
315267664
331518729
307135876
534839395
535509628
421303667
530183446
350804082
387884705
408933968
415590838
411621892
440115144
290287536
299655959
492692089
330025046
458593304
490219284
431767946
394541168
490352170
463249788
306476603
390113841
449548330
525859435
339409316
431343951
346209015
517300617
391287272
352847363
334266884
341790417
337987002
309491024
454838886
496936260
283389291
414890226
500626537
324499749
411260586
277273962
500641269
464315116
411380974
322534273
463104662
444281640
304281340
301662629
412973959
437614787
423494371
353120792
524872619
386914522
276544739
353250273
409517299
436524011
296999605
370589299
405810263
399858850
300607297
485674203
445353911
504716285
445820648
441789349
375365777
504740655
319306863
458861362
361853479
283810690
475026335
523425862
309972695
494483929
500635499
270102103
461742320
418353419
526301335
443089909
428638483
270640101
430146989
491267304
512687658
402511642
433821137
389107141
465828791
520863959
507486322
340377856
374429372
343549299
287926064
294772225
281884311
322303930
446953198
348937277
329458168
276743259
488044764
502067377
484864170
339951280
312824141
364715381
346018419
492928737
531257720
437417881
439710200
292774130
389485159
478259082
535135927
344710308
301534355
449187450
498088276
347294102
502234628
347892697
463892027
481458361
493693572
293978841
443419624
371099241
443733641
391039505
534048827
395052319
274360232
305273104
374001113
339380311
482228181
501865327
290001675
444901326
494397267
366916949
299146499
484680190
283832848
345890623
498126981
510373418
482541370
281164449
439305872
319978776
512444556
498709974
524764649
340651369
450363319
507871415
513299973
305224354
516716601
299332780
315366852
430938653
531345683
383648739
487877847
277677007
342924458
381414499
506020007
502667328
380820290
320157450
317124446
459737501
455081272
293410590
518571282
333900380
278300536
309622399
517058263
308931616
318221787
503769656
304240172
281587117
415449376
324091332
497228366
372708371
433082786
496458848
286190589
445404115
499869719
532345370
505355559
373153516
344076979
276321310
432553277
295995065
280104991
331000200
377879589
314678223
346875321
392162577
327503010
467557106
507641128
501924334
470054874
378272284
486598755
465572550
504777041
296324067
407855681
312235579
273592315
521716330
416415219
333527324
275676750
515860803
277604765
525623219
371069170
319879326
529465393
385966889
294242009
343193631
477174040
436142723
444563081
468632403
407429770
294118807
393635679
511123778
305570101
388394239
425802519
505509343
399898606
287785595
447844369
347452033
314478137
456382889
481829085
299895508
438134469
305601138
499664375
268598723
438063206
293795130
426057168
351066021
479373881
374733090
491621272
337386543
535094981
535508282
430644263
334117548
448294305
362308674
460645067
474239355
480644612
423149969
342911613
431994770
391106962
414201265
306846912
471585846
309525597
485805356
278043792
503154772
455028656
339266071
431740981
314785900
505417423
523477483
314114085
385769284
489811649
411396477
447655992
399492589
386681368
527599441
305574913
489377467
428091960
305255829
290821274
361107284
357034089
308645349
432017023
474161738
304005615
463877835
404242171
462511516
522202433
365036783
335577480
498049178
270688402
374971878
411684383
365452738
368160037
476750579
460129119
382449047
451304788
502196937
463166352
288642220
293792243
301060519
523581350
270502772
384675167
484428861
324514001
504901771
339061848
463271336
367465947
422702691
311591225
385632226
480080654
319866515
346880003
358610103
376436250
453269099
314895897
331434555
370204262
477855736
382686591
473633521
291724970
407547729
486693920
295085931
471770743
471419759
425132467
416211659
297248509
437263645
397114952
296206235
393744134
376985944
354077993
370511398
432558950
292635558
533872588
504430072
334990205
347491039
329441987
450627639
380429097
450464068
322939745
288419274
516024009
318501601
449831686
281827066
515522163
317689843
458345181
451538344
378840106
431256778
283039986
466341218
459608179
344557095
427889115
350993975
491165573
389431778
482628979
460046724
278591120
479547903
367898977
494275677
479349667
390962553
501208074
510681319
339199686
492412504
466715762
386328927
528886889
517079161
400977632
504856870
413697211
292234218
345793082
284002729
473938190
502550171
387569945
361454701
348556878
430634520
494079338
510939223
302808433
524889999
351547310
391122738
433585640
322632383
387982173
419813951
460112066
480081431
419039061
485491324
419437264
521890675
271195763
373440950
518566626
350014245
318103024
318914093
440344654
336099248
314239733
462218658
416963313
285964112
381509432
534684651
497362952
433577220
436565170
354585407
381165214
509211112
475833005
307142171
465757406
534734530
476500178
324745670
437753389
353583179
298357697
359006548
509387876
452079329
271444171
350567464
426316853
326821357
451548067
326480809
292646045
440587873
460538386
411528931
401207456
313617842
496376168
380581821
271515242
510379288
312893116
324805302
469450517
465139987
428718515
464757470
420773759
304649057
528301584
276547315
420832761
269232291
287393836
297248325
356877824
299228693
525421033
355413799
411135277
362362460
318618749
344819642
298251938
453792130
446794638
385552628
388999089
440400765
444150394
396656870
368165375
351460920
272383514
394484886
345804677
487544131
485433649
425164328
377897058
382458416
272746352
456985946
464751964
314749637
520124745
391108203
344021815
270340872
410781378
446695579
454681279
437975806
287004357
504239359
331606415
413510734
459316134
371174194
475478012
311649800
433476639
416877976
297173264
346486950
270795001
525619903
503470110
426344854
413147724
353357426
310566337
334887227
337605423
311832101
498997288
477094978
331071893
358616820
486617983
505095732
492339778
458677061
409000063
301046796
319554299
373691881
419117302
458505201
385184501
339379937
459255040
526987132
339819330
324170452
434879676
476178858
459125299
355807622
518784051
437943983
522432518
517234277
302825747
337413612
330903772
439401338
291013401
515088082
408125451
463582198
300454725
529122928
441443092
534923187
419421992
286100625
473617655
439086201
530619472
269626973
507286907
514929437
449106782
276156449
327397032
533876714
367822759
492096303
336787940
296477235
490049335
358304092
398497266
273314766
529017430
484062649
525282363
529138991
338387513
310907668
463473446
275965948
296882675
358671901
377576581
486135492
497650398
277772198
449175122
504638246
475856650
429290565
371481077
274745890
434291613
492085560
484243294
307980884
348387583
517373360
404914714
268782936
333226156
375367440
361637551
466864716
527198878
268653475
284156291
340804328
398127758
511504884
522458850
397144052
357358487
534020903
289493339
473958393
459627404
452103459
438269972
470357925
361895267
428092209
303998750
500581084
523841420
462260681
420455611
476639419
409098789
451267073
422383254
489586689
506221181
329673229
414105530
470537476
311715801
288964816
519380203
295659565
300713300
326726976
336677922
437955027
355213131
426423746
352079085
331732043
485624460
518964979
268794038
337301492
405417111
371662873
298962872
402339568
386189468
415164595
470641909
476854450
388054936
384309278
357176521
437070657
390744005
483391808
476414676
509381063
491280943
351252683
314839181
276785866
398504654
503613511
471711445
483195532
413148960
305647255
355177708
404871776
359014001
331693484
276229572
503070577
317343015
362975170
283058230
275832653
390184285
387951781
350746315
413780308
322470522
526641915
496202232
521563925
406542115
269837964
363763915
528324195
529714961
461762551
365505476
442678750
307621641
479332250
410743052
500335016
468662747
278540182
515787090
271543175
469810845
303646534
298389898
500578705
479773847
284393882
444005894
327201936
334397945
415790460
387694773
348844078
303869420
341137534
414860747
416373484
321870346
520101249
499802589
345769388
346785433
327243283
460384188
371516623
301302959
282951572
500799222
381545190
348334685
460879521
344328003
454641979
529705268
332123062
410651131
406641118
491619215
503671144
475282637
422512273
481110806
361867160
519195219
347460899
295350755
373363876
412758651
453110351
359490791
388193041
348688832
311700003
271477759
296688766
378756022
399693453
384456040
423712126
332584518
523404953
510513197
287636220
397032002
464123590
284604243
287512739
386247972
501743170
293754032
492032803
373511476
417794625
417401361
373710647
268619776
429834752
519955231
385188037
386461961
508267734
438903098
373229482
359859521
370161886
459455123
446476658
275140561
302993346
491233654
307098420
326955929
330271788
450939369
419252188
392441017
507868716
281549054
418708633
297222323
518396559
298013825
283172939
371498116
360871854
464129506
301789308
332862569
372239579
497646615
393253984
387871728
395237039
281571919
313806943
402539752
343084447
374636540
532986128
399992749
486352013
404625756
527447944
488360828
415455638
273255542
381796043
280366746
293224500
334069818
534988350
534882757
327145872
278530631
491631274
497162076
431415230
386030052
523026064
356122327
315786975
270480479
405992437
301513255
297884890
436223608
331180604
405106346
433691804
330952223
363570047
365143482
283068547
410566213
395306647
493126819
501694273
346443108
466599452
480808855
527528097
320815701
413352074
489025513
418885516
480624104
439412380
409936995
484777148
531395090
379518792
305543759
449089082
459363294
427475857
393450014
421075415
496332313
322845234
338715723
380549181
438314120
474915013
321384806
332579325
292115481
282916558
353108024
308588573
529305946
362642818
367628306
392736414
394095269
524512137
308970077
321531082
411520527
364119932
364575480
384826215
353354078
507076146
414714776
296351604
362900617
436744144
389688192
394428411
463682357
376986590
303466315
532195490
316619710
429108911
364998701
512669667
491934273
501664779
314835610
452816374
413260822
510109296
411156708
403339938
316423451
437810372
395884063
376234794
492998753
332603431
484498427
280819274
281258016
464827307
395606187
468483501
350276016
375155542
416678921
491411097
300036666
520292037
475406912
320433347
458362259
386119801
415982702
363115841
456362710
478025391
472217113
477344454
486472628
513620044
388489535
471395468
524667982
449792005
374183299
342836528
316194015
314274997
386839996
354807406
325631484
351174511
385550120
314401339
357783629
416275845
456629930
465875425
490715783
342517204
463528540
509497869
435271567
513779497
277231447
424943102
271451420
361046174
404166763
412629758
535124501
372510119
331615231
426384687
529407436
392601236
390234984
330208758
272889335
493460706
443645279
525066061
345332258
394992386
392338345
448777227
299334618
274982824
491185244
308360125
496141232
379963124
339328990
443433448
478786036
399925520
402782858
397605919
403108564
396596517
503750904
407576275
429601670
468062932
505625543
489917880
284788096
319031308
396098027
327171181
369297768
464237093
451379432
525410173
528211459
513701918
333385035
440869905
393036916
319268440
420779500
531893626
274712012
457071395
282009910
384293357
356637382
485686207
516398673
399653679
312318721
444998762
516859907
298453722
312391941
291289464
337006953
290734865
489003143
348112502
530544114
294683874
375511577
465602255
494176310
457297750
457172692
517021121
277181805
497624675
432842592
325981254
337622343
452666203
469030934
370978936
346025970
417485430
488263115
394447028
358598087
332927776
380811760
469362629
491792008
525286152
280664718
498089198
435278429
385823090
509237884
285839173
367540463
330656255
492978537
490675421
503307114
426003352
487516778
291876545
371000600
526418964
430080018
434942394
368322282
424275691
288039322
337864499
324409686
483622105
374232017
536554544
482101974
517249982
278680327
488866699
461864890
426498152
335464854
498946815
310336361
534366645
490716989
368834330
333733081
399248552
458844992
502332961
498349921
348628567
492852180
510293865
487476773
394548823
341403676
275100147
371486235
380518382
391604615
428767411
446539732
385480885
279466544
391238036
315772867
427939601
461285572
512045859
410557524
275058279
318710805
270497260
342267681
300014597
335779176
367800353
442000995
331603211
424796234
475558936
354245724
322325187
460469403
473681945
436734870
293126169
338373591
475223336
511703164
531972189
473278749
502166342
514844916
479913259
321759164
476182703
431791596
323839565
331132867
302707938
460144700
454905314
515404885
292572616
455388933
307507665
510142898
393909682
520243436
405834251
373922754
350686119
427018112
381333758
320262874
401072672
349329086
458251299
495601488
319205221
341656053
354986868
370058719
286025852
476928498
271395413
401252682
368342675
486966387
435130398
313587384
535960257
512424176
373437921
416312479
327810758
385371644
352918736
487719593
333871951
470585596
442254581
503411541
404593702
503571380
489777257
463980684
366515135
534872609
522492851
446597015
280647846
340282653
312077125
379079560
510996705
383253955
330147141
309350476
427539881
369169520
528425374
516674548
402656568
288627327
410617689
487855444
420554939
467102689
372256574
485735490
295882722
383270348
306679707
495183907
329085026
482548444
536450283
275161855
316931305
278918056
353521854
395241793
352295597
302019219
321369054
332294698
503355198
361547956
437640888
304032923
346101890
345072791
456416223
283434597
441724711
461391441
268797490
296041878
536403612
383888032
357455810
456334036
338568383
377644474
442012011
383813209
452720228
357253231
529229083
445264881
406463512
500088372
513932618
397122746
436573823
455247302
527088826
350056352
506808284
399551017
523979379
531017025
298478696
485209232
413819804
520432504
286895755
531507981
334272179
271566913
474710558
303723247
418820120
529458043
509340970
446008315
343295449
529596937
534766382
270919904
519394059
339335878
373541708
413783874
388318764
275744912
536851202
280267320
330611766
315101441
348934741
297589708
401646741
511413391
333084590
469251624
354515325
355684441
435823634
323728038
291829495
500065251
492541500
322543646
387603265
470997583
512056323
432113102
441984968
522825853
389493476
464152121
299330187
306991544
503924256
409361224
527957646
331838939
320773207
469278068
418751948
300349862
407636834
530628630
424778541
282584334
413228331
350036780
402249036
397915091
442145023
353486488
467191855
291446957
322314665
450515552
420858203
330311423
437672737
476931650
418181877
432008406
420332551
433801919
293627688
484458756
408483184
332716561
413360031
268869337
348614822
512250253
465713814
316479150
342411743
483518469
362412503
356795574
528281424
357484469
292583933
401731347
511881956
454191552
497506793
416065519
302617345
513931649
335691313
296474039
532862290
473783313
402400135
455249523
437247491
434282637
307359479
346797968
338299170
279493785
344042533
319971540
421174786
377446288
407703556
515323013
353425007
501717026
450823053
503668024
343409974
406245570
509497341
451217434
315648666
318271191
381694171
487461892
428486137
338554452
454262971
489467320
445572037
479865720
432864145
288780395
359058152
371245955
332132123
529269383
353250367
346978640
291090877
321388201
276524578
463391962
501553754
341448480
363713925
307857713
273646094
384682006
279750079
493191476
520346013
286767721
303322835
324119407
459864175
315654552
422861993
395588551
294563097
484755823
369730829
278272189
527616320
349541744
288193318
351464687
484870301
355152582
520328175
448675602
487652153
467281146
381174112
351138873
454920710
387568103
500443764
409237469
357114234
528410706
520311552
445551914
357077244
494914042
421091933
285859863
309186152
535843654
454421345
386332944
330106467
322166111
314728527
274757550
485849348
322993566
349209967
395945324
406363573
408158562
506338875
437520590
363129338
516160487
298050553
334957538
535722809
287067098
479881512
495997150
304778043
530055400
458536735
393010641
359395414
439413121
343807854
411420003
351403377
440504997
408222245
327561827
357155164
350609180
440307886
326031583
325231616
507361125
389819351
343983890
306709660
276794150
403422990
274638416
486397061
330163924
318396685
421441231
351207188
474246228
387560285
455819174
273510105
428453247
349796523
361090930
351569383
525509438
424649676
445240125
509771967
495457988
327812550
426996672
488607843
435794820
424964049
294017648
408656040
391948669
481142045
380759733
440329541
297332217
411787220
318906958
330322556
428550121
524011799
400665174
294527109
499274854
452320058
284772906
514823253
318011777
372976961
380285433
449327715
319894648
398206111
316905156
334766000
412946761
308029158
438367079
504460853
311722834
454501651
519840060
322335942
326823747
508784214
361420405
317634064
420162353
367076708
327832159
457201692
505646577
520383209
516218571
344482149
482534293
472803991
411208930
411750195
371851997
476149725
411336590
435744461
279031926
295016990
350166531
336739550
498872666
441131141
344417762
339504060
381931174
305159191
316016010
484924084
407543591
444063010
305353702
362952740
458728853
329853568
411079680
511454634
446728712
486318764
380622856
312508783
423778819
301888683
395885803
428104509
519991761
290049462
372055365
396734252
493240378
479829018
476298775
277913129
473087655
337686917
480684198
398030625
431709370
285238532
280845208
427259297
440233612
470231064
531793323
298823776
337503561
512301541
329544456
383338661
286183690
328075540
288304751
383891286
324605250
410364636
504937846
271525926
332577694
354754652
291637651
381729730
464910083
395045407
351403684
532601288
385719070
293780199
365220726
397873134
498798918
344137219
348655097
309129724
306194860
391663895
348460928
485173545
383412873
468963742
289189630
385085428
487356578
336279085
449223720
282702380
357017289
437487806
389295467
463136993
301659119
474821132
484006010
283187350
442222279
407817219
516511271
523557829
486243586
459109148
381491646
345410490
489482764
425443894
285318350
386226508
466786818
488801911
512400914
270425889
427362490
348042433
464606600
439826799
443503853
294350555
466800015
522778114
523975284
354177381
481777751
526492185
474733718
312389623
412190335
520862607
491203322
445622369
473405630
411977352
315114256
281721423
279077743
330625235
366650727
472457396
349666770
520450848
518573845
441763994
300158352
490855490
347367286
390587157
517092836
315396862
428073198
339812963
383781506
483452012
273707402
530651489
527715120
440637188
536422536
453962009
531296403
390146262
325038716
286037065
361811581
291961927
534426029
491989215
426066525
498692617
462528379
519407691
301906409
411503471
396788221
456151585
343860725
378343458
320191057
492890171
510237003
443752636
385852225
496621466
466800201
362985275
320811940
501743042
403668920
378523458
335170402
443488210
393744010
413983970
296141250
369553061
379702577
368135313
354827904
287539406
360464698
442932246
307522175
430026439
533151580
414843816
387983689
519198587
520029015
355172504
363988580
490248182
305958417
493792285
335490431
527886324
427767291
447407761
427329576
339460813
374689648
437248852
360368948
484197578
272960612
333551600
384006408
480765594
291716262
422950687
485882332
330003634
495492196
318759947
529896210
354560780
312921088
398725727
415967642
492041827
394384638
318202922
353512797
530100078
316905261
467679178
381735108
278673270
394946810
441783438
504519740
362119234
448369979
471383103
500115665
458859280
383767566
290690069
336196871
376379846
441861737
389527060
307892135
289035119
434694428
366678696
290060317
349045301
306419960
531390212
434205515
412729985
406893940
459474149
515083780
329821995
479803229
507596062
396534377
441087952
492976378
345025234
376084621
478433053
343027985
373530890
382835424
280036836
280201892
355284989
325126329
327088198
283118884
457749949
427680690
403132903
309269571
381699282
422881984
475177637
475162329
512809150
397383505
304711262
372441235
409438427
291962848
422916185
417543156
444735019
304746078
523118192
326754394
415908702
414565181
485824645
415030164
422464904
522049650
394290598
419942667
281132605
352100982
396970383
378666541
329377619
325607468
355968643
290534871
341887179
438592978
358501204
334705999
524754833
379417945
462205951
406911116
298514123
428164742
517457885
308898531
302857749
356458766
535241572
325318670
269714976
311957743
448042771
463388276
281500495
346129812
502415055
313333359
473660445
407099549
316340019
498291059
385579997
336889985
397509244
318621964
454300501
519909361
316556980
340847388
478914435
378929200
425297321
412125045
495944378
355567837
385443368
271587447
526264635
424715907
295748596
487212907
309514317
533667322
316246551
409820803
436220731
443960394
276768363
442618177
513676466
334915607
420120337
513769243
491459423
409193325
343304278
517141858
387856429
516667239
432722022
514427876
490220956
313279654
506415825
325456187
301531470
492947206
433768382
455926621
501348991
269542526
439769067
517336293
277231264
320822389
324135502
327555864
429647334
516847382
284612148
417626339
528160987
505614154
389259472
404042355
379899746
398041735
411102388
280112959
373458218
483219713
468365895
423198276
496509598
485245333
388687241
298872056
384984910
351171300
343696417
437957563
509541112
274589837
345056289
345524383
384259665
348207045
383498301
377992257
440756413
416498453
324849600
427498963
391385151
293963945
500950627
484829526
382430604
339066298
429226089
362937449
425096782
351419986
340502486
410472676
457705597
503539178
498420121
512601799
326532215
354408287
366687075
440361171
351935553
514099142
305040020
485876548
277629945
268684122
481664944
473558062
376012071
362353884
315153900
368464744
402949118
307650818
359021946
341677897
325594892
400521245
355273273
298784581
404918819
440467717
374509447
387251231
316666437
423732556
373546917
453714452
362289168
530490843
509479179
534391789
379996233
294211973
278141079
427212674
412663663
444607475
464670490
388412428
293787023
441769750
304808428
273419007
490684961
432614899
505842254
388990293
515768077
531880154
479867695
531667677
524930277
373227273
326844066
431921051
341693538
429088263
397479074
437709161
343189589
318858995
317022361
311056969
439981292
298013870
279131294
304480634
515063454
395557820
389525252
395193692
320581971
320164999
338176660
509399560
313194846
340619547
331862320
347664111
353017064
421910467
500847651
421217149
427991662
299250718
270920492
401728205
344240974
435445512
531575670
450039367
533446044
348811209
412665845
279298006
295488695
327589830
373658901
417118771
521608981
338268149
488010900
461133280
430320981
445710475
275118101
467961965
458194684
516183205
300018060
504848815
382562263
519641602
399322509
350190952
465563119
532642095
486200150
478893426
318155927
477198307
308290608
354903227
461573488
495904996
289248311
314372464
308880750
359579781
412643664
447259217
535149644
293447053
513779546
530807550
338562578
358464637
336484152
353138913
527849837
380113249
519608798
404149411
313809084
522746347
279885761
307780166
308166963
412059131
456705553
387587617
351971077
283675228
432540952
333946385
417333141
417345337
288317416
339038348
380407191
357027926
448788252
528296949
342845484
302393920
428640032
475642593
380035494
499304279
430807406
359626799
513343139
272324917
451472782
488067538
359880696
465438867
526209557
311745017
280828604
398541962
513077901
518347394
403498979
368406272
317038950
478795207
342112452
513818855
408864990
349364753
388352616
313484942
277334688
416744452
352702137
357653545
320420379
364845219
530735778
331402965
386155639
507322866
447783535
293784045
324613216
268522046
343203868
351831512
530163689
311558241
468195946
440870909
332704909
400680514
329096770
283836912
516908785
389493698
533364968
473118096
394713439
535911676
485523385
348288033
441455031
345491091
500129895
472681113
473637898
329160464
470185031
330552222
342464413
534049436
522413458
461828999
524071053
363758547
453855678
400579287
511376632
291712086
487002309
482704279
297045567
318956568
461104722
347456043
488259805
377117959
459386962
324054335
369263802
355890301
291181143
410902158
350843099
524727092
516171933
382515394
377796695
468622157
418448072
467147780
439821229
506107419
424477531
430474811
511199830
326670989
445152735
296740037
509459113
408348316
348905607
325102494
311312017
479319038
405746903
512865467
524566387
355405535
491027185
447297040
435816328
505643384
284866500
480060551
311210540
458071957
298397215
477597342
316059956
442759910
375973557
345046217
302006860
453448544
316090261
464365999
341534012
330782668
468517318
402066828
515925909
521494906
329104886
498046441
405455422
314741867
324500307
474735011
514609380
437820316
499763678
443516424
504220586
498733678
433510149
377137599
524395954
510283075
308500755
473038414
303534677
304143651
321574411
380059845
297095242
520797235
465756580
459845233
498478793
341559469
473181181
492782252
346903155
390010243
498814852
276219957
496822034
335488623
277966454
478925237
323931182
331742020
527929345
512479773
496907741
398621394
282235542
505497797
357145651
298582780
408046054
487762393
531555142
300281182
400855213
480831324
325863002
432391887
402467834
462496675
361160343
532105519
377878055
286971600
522000970
464857609
400544394
506267808
408695906
305545657
495138299
287595150
491023072
519063374
429972051
358593900
284901719
313370252
351695458
289592920
419255893
531531770
269811166
316787603
392388546
335876583
363845132
458544724
508052874
293795566
275689461
522333069
378711678
305586511
522419374
346684797
464091443
526040178
430663617
506522258
453302793
398665695
341057689
376364446
442413697
331578851
467624200
289539369
326110365
308892392
352981530
523680803
382835561
358390218
468559941
356522234
346226676
340407301
429266062
325020103
372457413
358259568
462593165
362822223
433170439
357563594
530892310
432147710
495602136
439488284
534353076
333942734
533483613
530654097
288481665
376852164
516191974
507029641
431318055
412760474
419150509
334435487
384471341
430444111
322869882
320722437
293597549
496081921
487083763
422993202
413674958
378202821
409914064
524541559
351134881
297342186
456762404
287114790
362302522
516239183
499348153
439777540
510009139
483406850
384052247
369960223
482267833
385635667
381526214
490379765
421440761
389598188
282733305
292235811
535236780
375456810
490577317
475746988
424657164
288950371
447174953
535780718
451469910
310103731
473890478
316342329
422468696
504207235
462694799
400402928
318757830
510072920
381993308
390809779
268519201
329575237
452570851
345925305
521196526
270513068
412451213
436272377
500644607
315989345
431390591
432702885
432192245
339351240
425094084
504712226
526210662
375367847
333562219
420494454
351939111
497385050
347110818
502875602
319447146
520341329
336828035
363415502
431093969
486585488
405320534
338487863
347267488
360919237
447132622
332266507
385227733
416302027
456804072
404162459
496812927
316953740
457664643
451461387
315243680
459414578
454541484
318389102
306876866
475099132
418714663
522122374
406174430
283326983
522546411
359475098
448867380
275850154
458706458
465058347
376622789
426961633
438888061
408651383
422121006
456314399
285670387
388328791
316821862
495299594
382171715
354155974
535353982
519175132
505629928
433126533
518373192
439494568
476800476
407162852
457257617
443867843
501539111
531747904
374839711
428741558
367197343
417489119
466237283
346851337
291835461
286063768
294393738
385700530
518900813
475600735
340129284
386685557
357394706
410350510
311565605
439417823
396287501
285251269
382729044
315169504
498734703
285857260
270236892
499722348
445091447
369820969
499895471
334508692
525535549
300476472
324489088
503680676
306073939
346132802
428067554
481618690
314673466
440516732
276638728
281301034
364998450
302453482
392981336
475572971
395767968
287621061
358945860
354412123
318142657
443288809
378155430
301861198
353369495
418677094
323149007
325172585
289236088
432095407
394385431
277246135
495448054
518611458
310604547
493030912
338250998
421289207
345848531
328055530
501142558
468387994
315217587
401002063
310075104
280969135
369294176
304944557
468224241
287573331
377133150
372638832
282427064
347568981
411295801
529233622
329184453
288874018
499816990
435664153
341025841
405093551
269660121
500059796
401556491
326480847
466123748
327841105
347066208
460053640
376794872
530141001
494872157
406613255
379470315
408892404
309680713
365442349
384787493
477830652
499450730
432442817
363988783
485344191
391448944
517343964
505432074
507519073
302086108
444594518
467429514
442192699
269027354
490986640
448161266
303601509
342298945
483788498
407268132
487369684
397398007
294991624
504131767
489455538
419212086
505008397
425677692
470208889
534821386
309996196
319991935
346010681
472331542
528197447
448012299
390297783
469386814
371948700
392060168
300809514
333919516
453386068
484267741
494168882
526590691
351423210
529540186
289974737
393729827
411716341
293733360
481633764
485535116
507086143
534235425
529723748
313465583
375653451
270540379
391158458
352775601
521512177
362089127
312611414
445417211
321310088
339687779
316462138
399840354
473169877
310626470
520014442
436368051
467998488
366039176
354661188
377538005
405984338
426389799
457097961
485481514
499485475
506403216
373098368
530005036
285528256
367399113
426774778
284911343
516358156
440551673
517098595
484870482
312732029
471872560
335543058
530887343
389877296
376217320
274857894
457284741
282937623
463139536
401778781
379602572
378572132
496274461
391152736
291975111
380114707
511209598
302892650
337290301
339852708
355422518
482741276
443879733
522072716
481756625
481869240
458701180
352917199
377361379
514315676
295248377
275912299
375569212
301037290
424736030
329068143
482777880
315745673
371006671
292535306
409561486
457322871
410678432
387921387
451847758
458562603
399509423
405707094
299346132
465671978
445906473
534123567
370746685
485048571
351691948
449345019
517423860
326852505
535660891
400832495
405695036
424477067
498089979
464599941
451054324
305679340
312305773
290143074
321292620
275046809
487678350
319142477
284525680
309842456
399568910
484344184
334034501
340275126
334384785
271774536
525046335
341200722
485273132
360955937
337774072
416653299
516481141
401071403
450528634
276952900
482658183
316295344
383015647
360759656
375693913
486658047
416706303
310539718
522195947
359812565
417265234
395345503
390048589
339611353
310401488
321518429
282773343
440359753
457779656
530949416
316573141
284117003
411275053
434969502
294486697
276959229
304794326
305218930
386303049
306730808
486195851
518344741
498091334
439687656
302866301
344447555
380698583
337085155
493404649
413480657
283630058
410132270
525802465
532033632
270087937
359799740
387601828
294653268
456707365
457155405
535620341
347699921
472372487
495247095
352088372
347116154
417797200
450458050
382243555
318956341
473461096
298550803
467043612
374812677
498875023
532653101
458437171
286876126
354473095
477837687
348077869
452376103
413043551
405555531
424824905
340914084
529257328
290269014
412714725
499444280
497849453
454694506
432044188
317448318
476565236
470373243
364048174
345882796
309708849
365944802
289858656
312961537
272587535
280893812
489763718
484591688
405000970
338461972
404070460
504252905
501256121
284440131
325435531
389682614
297355226
362418772
423085029
294721411
455388193
404759314
412196889
288611694
386467468
453487241
349486139
482974688
351918790
280302966
352328445
369176403
509753277
414441199
409052115
456900219
337385802
466436937
427707818
432859507
489127810
397989172
423054169
398422945
518904925
427425283
313744840
384025771
289478656
404745325
446067646
424658992
421739630
354716394
317367400
334976390
524864276
318191418
525273841
432262693
475422811
467057120
513194669
275992197
409712269
312690433
320762883
528277264
361729121
301776392
478137586
497707966
442005807
482412543
447239142
293008006
347859223
285729724
299022348
469202405
400495407
321110344
458768298
419896301
375013070
461107559
426976879
285185253
359658028
290932535
447317773
486377283
338661200
357060693
380580125
418023325
436213622
486323978
521255326
283379000
441284805
447024190
515841168
386815414
272389656
461726592
418564872
367850378
367918869
466538145
367718251
522939706
422769303
479629023
289430781
291394152
281623119
473122817
350178830
507983948
529305599
481874180
395677604
289696157
333120174
419103774
346511438
296255557
462884811
483511239
390488579
340383385
393250855
279937699
280152003
349958873
307327227
473701094
437351896
375715353
366121436
340119568
496977133
411969827
270010863
335035557
384836658
312070867
338475184
388801032
416442868
454322448
470899205
371838460
419121120
531906369
320804298
303571142
380342537
532794476
304388038
275079863
362898952
392488316
369424499
324626187
290071510
345691856
491480022
483819351
494088029
442422892
306942846
505455056
424036454
343798387
268946081
277081265
526247347
475701968
336975389
358885855
527546293
433596690
468957558
308216695
306168058
454552231
353911556
518390402
532535349
423218570
314914788
307184324
334380896
291215872
328384966
520809230
357088502
376418329
298743572
403224676
361526745
457398367
370607324
313728614
450592778
424323441
315294785
403106025
275807290
448124258
481913747
474991652
383868958
529218309
429822844
462631932
385957182
514905959
276725666
428372379
270774705
442270954
438816728
299745276
332284013
523944218
299123907
324887163
484536068
533249647
268642536
430218899
523879650
489056277
345614458
437609575
422876245
325186130
520363823
339514092
281580356
307829798
452683405
495544496
346714305
401859160
470548614
305448750
412990759
309125354
522539449
419559311
486245001
502455088
408241695
504811096
295631616
446433205
291743094
477499833
445462255
364804969
423538379
317161090
417525723
358078780
506702016
338852015
301006323
353775905
269597454
473184612
530212131
296114029
526816811
434738813
398040270
352321971
295270672
416461609
325439622
312077070
459662481
273896239
420836448
303623965
274259721
456528937
497518660
280936471
495152602
325306000
386512688
364674235
501487916
414446082
479674800
441049451
320734600
529397288
432630116
293125247
439503149
436695934
434037518
290312211
360061185
474486788
376897560
484821708
270691016
497051256
412264877
515615769
300917353
445589896
453350824
500513733
359942208
368658288
438757778
398477437
375968260
526403582
353254147
507339248
326568091
512515716
291104647
386858268
371071536
526080745
409186342
361650382
279803971
394414005
457506437
335360599
421327802
344488944
316485820
338455275
508821057
349040866
462771760
290026574
493304372
514127141
509198132
284223802
469520378
389353963
459023542
326874413
284839001
294771325
395309846
308949142
477483749
478663721
404303394
274570183
283412704
481646512
364091492
410071607
300729252
317736223
313678306
497791983
505232887
439321850
464407512
516002051
438945315
352476924
467096317
411019235
324384749
507237628
335312463
413777942
491173421
443348642
299822612
536052248
343201329
528194105
530476327
352393965
330479573
397060924
401992936
407725978
308787754
330063627
517942643
529672343
298958771
380104264
443762093
422527859
511006515
522522331
524592686
403288386
305482333
516535915
512552562
416245962
337182333
466024444
383626966
424860840
393522561
480646314
359261510
388196150
389267906
269983682
333345601
407651912
437729714
380211793
389127271
469137312
397581790
405745239
401962212
428804536
287859330
276196025
515814460
498871623
279418985
458771702
448413454
342917576
436521946
410294994
268504357
392461713
398500280
384208807
403642507
510972401
427432289
408283476
409613854
471452561
503331921
502121241
406256007
462129377
268492876
285337981
485625136
466440556
431079193
381324040
409368849
529607313
437446320
393506192
292489746
377630187
418513478
296539753
412160562
448261809
374127142
447650508
524132389
317699818
336676575
370013308
442293480
423019486
488819522
474048181
386029401
325522425
499000983
373594262
438269480
270423484
517311672
353404869
298266553
285724205
507770400
294838955
514043385
475728374
293479181
301260518
322438529
401700838
398510857
510190001
491516605
518050542
517907201
530982394
400519036
318199068
449870761
447516202
348365076
364113798
315571722
400543842
432458977
345685467
342076496
328649963
423175383
351583748
494559137
531091159
298496643
526478038
342084908
511281281
413408291
309960863
317792035
360301775
480019382
355499780
531120393
353170610
436495166
343361949
394348727
480668322
408679947
530423953
306504602
366569166
491439076
289897813
514886342
308994088
292784285
457327853
513488734
357576941
487728015
400357988
499444713
516196580
501488562
389848028
337461395
466466861
483706436
476420816
436368334
458426850
462505626
296276284
469295003
524913777
508142630
283815531
530948926
486704649
278530292
356819912
434931724
461314509
301456477
442041304
501270667
334348382
380409519
360015665
301686500
398071991
384540927
497671467
423167621
418157136
399464637
526193204
285270305
341120889
350486535
311089980
294184540
296272912
413613879
500912254
310127196
456349444
286881426
371331948
502321544
436802296
507938117
530396503
422806900
303266693
299503719
475904707
349687845
529155310
329753556
378518981
285640687
466928572
495661104
369691063
518258439
388017516
423026230
411538189
418639348
341244795
432471086
415349360
402979519
448930572
357421819
506787743
426629264
429048749
288848893
288876453
333229092
410715087
346370311
433873402
336241561
359727792
307234145
313994276
513350883
348359246
508229076
268930437
400467546
290019328
279681226
466224926
460177000
493535731
427330121
317455994
490879644
528254428
329575404
298789448
502021526
534313018
497551281
464104766
479547707
276632161
357978130
378293286
391155573
268952212
414561122
471173774
504179295
449782838
360210924
354426126
355533387
424057094
275939002
285003471
521246705
470781479
450766339
326699167
453687775
401732272
269231422
442741710
440511353
517238223
428788931
507454117
399309656
321304888
502932349
385044994
523803187
437586677
298717865
480021672
360807652
321705838
438888837
457927342
311454997
416162073
345085560
299228135
301287336
350165194
394013544
301388744
458318918
523666787
292183419
322903898
342334169
532674214
409060091
485386719
341978628
530201174
439041334
412297053
535329676
308994230
299921369
339224363
306378527
530821996
394421449
457607985
270633376
486812550
342902903
307774629
456511052
351763698
466276636
340713574
278577440
534734973
497973405
278935075
337600491
463854354
301493539
343826361
348312115
339623595
292045700
496767705
405010113
499410723
398688169
510714852
443605637
368169238
412632789
333106441
391081435
352015556
532673343
320188022
401767402
363778317
329737220
411580525
422450635
474611099
383744399
318641583
423162321
369254608
301090501
382441242
506066030
307502934
306821138
463399057
361700211
523651166
468728815
458869709
476282464
299737360
350841970
492850725
296062653
304514348
444204411
370283782
271519213
277329746
474758172
418052123
395120675
507540865
456741158
324822886
363358590
326300876
388016799
357622932
362202866
481950380
289248145
396985052
431168399
430482795
413284838
476933562
489963808
412813148
388833235
374815524
529100195
491437960
369910314
428502699
419019580
487081667
324889992
337905437
316237265
420756107
517740368
270285654
521839336
345504209
315892123
352016942
340934753
282445659
358411119
516605878
309089954
372209978
441437852
391922972
375789600
354007254
446463359
297264105
411267880
527230266
496049902
380310677
529933146
358019470
420860135
318145337
309434218
295732967
485223051
519870911
348938172
316688599
418127660
302789447
532084956
470850116
374729278
509586578
483759887
411150975
421664024
461748614
393340388
531996258
384799666
436522344
388044081
482781043
454290447
352953294
327773680
278909304
315528082
318654182
533910553
452413421
508773997
305011500
465792426
453345469
527162229
336913397
470448898
365038274
375449916
535099886
285705016
526540727
495763175
424363542
377669669
346444388
399054652
352634747
446064071
503044708
414451251
471629261
506623599
451617555
421056240
466062235
359679875
407274753
298028624
300062433
307149820
288614831
533281255
532427637
312607835
392454976
310119553
293685442
359885814
393083725
321797804
534127082
302593295
492061796
442408897
486502661
427804377
480799747
493942751
372823526
281016961
493187772
513656471
291861427
465771030
426215566
312958526
293793823
336390868
367766402
533564056
303119173
319059565
351052133
350856517
418952568
323929951
518388685
404181902
326072937
510007570
273696049
521781808
518696185
463736500
377602553
484699227
387074877
271400500
345699734
368069769
518483919
523228404
386672207
477462614
339179277
347455188
379233972
434043553
356578757
299447448
527113642
526097182
482886005
292670764
376413668
318384997
351681049
387386726
358056000
494990914
396945386
321469341
487176682
435142042
468729015
404358091
510555616
480501763
310195722
492411148
458203904
307226827
318874327
516256646
460125934
398017555
332055164
283461744
339314054
387972696
444408094
464361710
407801294
387182972
308864606
510667965
276134325
430546910
417298388
497827032
356280771
364400803
332265151
307553072
456711469
437660059
340490927
311765660
312506318
358978439
362424913
271848061
316863170
441852098
377319621
372597949
277640533
424014298
475837274
511966675
367630067
310688731
510306474
397039187
505065612
506017917
274365630
421995276
370334377
416177377
358374047
449517558
482533574
343905778
331053699
514016086
292550179
507939498
289042688
360493871
495756570
479386545
302186478
355815749
402778418
471824962
348065993
328337713
277187699
273352643
299364489
288094239
452673615
479683005
325168818
368246677
300667207
383034048
372034986
519689272
426597122
487508398
512217342
313055093
289391073
422751078
437392507
313829742
285887380
532096303
339438383
493744948
425667967
421265086
396937124
287551674
318129458
454600851
318677949
352458272
499670937
370194472
417169661
444438449
364146864
409225425
445457291
282378212
518432089
479110783
469352357
433488453
534830295
377253669
402428120
434723993
365344462
299104619
514241606
428855740
501947581
400730027
303636285
503514966
433207339
367082824
346697241
315167203
346071478
501614576
334712551
500740926
502804832
462250349
419736415
312122281
381463671
329684854
317809506
379438963
464133024
399214419
437939315
438360474
434692547
459244041
446975799
467523390
358359517
416293150
420389820
392175659
502818086
278993780
401277823
459474816
463633525
429059829
364415572
481822566
402777680
336913178
525278476
278331407
526107951
399723454
356698630
355932428
456095282
391587121
501502826
324209363
483200528
399788227
352632358
528353663
290488326
341037852
464171101
441900445
338751236
478671091
480877286
503325154
387455096
281189448
457099675
510282621
432902666
395947985
325008792
291718724
350483642
493221558
522041694
403752237
293393401
484043946
350337980
306609524
446235662
335944167
324741926
450086173
352064692
303204898
479623680
418089714
320427160
526994138
374550196
507973409
441751722
360908877
410177766
382973767
400173936
330249705
421297484
438571999
361887673
374708793
288349170
347261977
407755469
287296196
330167063
523666057
430685128
283186886
465567091
504527551
289740019
331518512
353288868
430606559
474158504
319327021
353380745
284797206
308305617
327193169
409554580
370442348
309889012
303401218
460721802
426886511
500815588
281803654
422083880
333603019
517529351
283556261
288175481
533858499
511637764
353495266
510911329
453948420
284933161
353591771
341406985
361607911
486033324
534912606
388147466
485292286
503842063
333149181
390279723
308927121
452171299
469531614
450244957
405098497
357026368
331033867
311936618
490679280
358892180
302589449
279995313
310221004
319115222
426742840
519958935
432786272
430059665
346163899
426728736
421840492
329381642
493348489
301773607
288238156
284684761
513076242
402200124
487105711
360215683
325099297
371288337
422340640
310145385
444301866
478079116
299965843
349689066
438951258
314944429
444147180
502283518
480004440
349810092
338682935
406365783
283304473
302496668
320769846
511052881
281443626
499925582
451481830
295880283
351943597
436612639
318989289
511812962
290604684
274196101
431866553
413001057
279607530
345052384
348333056
488125039
426907257
382588946
445501238
351847491
416481533
350933820
535134603
467662851
470247520
502765872
297413242
521195824
325714066
343814930
514699949
499757839
414270518
461528973
349262010
358494875
309388970
376510304
398986937
366384171
293479795
381309054
357974362
455246228
521189924
469774256
372768519
348127196
293189161
480277026
441562577
471306432
331078731
457886361
332409236
428371300
511993928
370666974
274638625
400950884
400613700
337349364
464054400
501172276
305166219
434150332
532102675
364718714
401377988
352804066
505516159
433366197
428041656
440278402
363173407
322512573
357398989
499415943
502969724
406781947
385758190
450656525
497317776
444015305
388137575
410844094
279077799
379219088
291888807
453747251
351059743
334938969
329029700
432156295
518061322
314254418
410961504
447865370
471979106
494649314
417801855
479021478
405402492
350547266
416750758
469273062
409461562
415766127
383929650
374966264
307985576
330865724
275715355
494228228
333649488
372525459
365445964
413352554
381972989
512341016
273264647
351541005
322285846
461067186
506694547
523055364
517102505
509165231
407131920
320895240
507592142
443178285
427773081
301176421
513365927
406322374
343708827
483227147
387116490
284025656
532023850
385318415
500962622
397083380
483488063
482948101
275759478
381313219
474674695
324535581
500976884
401363139
478201424
535145663
356571945
318444840
512484773
503598090
353690723
489574800
418291566
410129935
328391406
503498178
378290303
324868979
417991919
331975609
525919046
482995775
284485214
533644776
409063841
299007694
442176330
315878193
472447418
316882253
436215973
479980786
372949806
466410799
339634516
369785241
386992236
444834680
411657793
418673612
403678719
535267276
358172983
417998896
463062471
428793234
480548388
507348440
463062794
433897311
491814184
380534430
409403478
332746039
453734294
273107230
444827966
391238993
428901063
352864172
397998830
310665581
437950750
298005383
505380611
297899483
511568394
531170610
479073934
364440598
367343294
307360480
374162520
458009247
439599614
291030958
506251580
398545950
505721694
292497840
417327773
290975168
289325357
271842684
515070136
518098603
287400272
503045373
318255934
293844069
296217658
489544445
476804850
339507374
422394629
280044239
291012245
491848587
411999423
457310122
468736654
432899803
482467269
523753518
453023641
441764179
441636813
294118794
401034180
386150670
353063825
352826769
340918526
450625449
333215277
526899096
412671696
419119246
474702474
388572383
346347189
322507694
523905197
474664740
412467626
334068665
511870520
306421535
440054022
371632078
456533420
378382269
520480802
500653945
401860955
518980809
299478215
299118197
354032744
503014705
406905980
438072647
460134634
364244127
381324395
378808159
519121281
530530785
274294732
340339243
361408459
290738522
344563522
426236147
532235478
453827159
450583939
373175493
321848069
401118085
479198877
309481221
358893763
354027288
468579257
424080826
496735951
487681506
530310890
388842083
534906279
488784396
383789398
268721167
374734689
350579174
500053352
273714731
498394938
441625571
429395241
485435080
313033399
503591200
372428924
334169675
473054713
407655193
511026604
293695566
285107896
477009309
519153654
371151685
439414599
463025660
343189270
323780122
297280551
368625339
378986026
322286625
476185686
410177573
481675376
372779900
529250638
466610468
522937378
494245923
364872679
278555488
376323883
511073545
303521137
329603769
319630222
489788227
475384789
352543542
492437087
408040242
272379790
463936089
515076041
443162240
296420928
473606829
464691995
437255042
474650830
308712334
324564583
337158282
508495712
534726251
270532364
493176556
499012772
415553867
320576861
312138103
465486306
305058266
317682554
396152055
493540475
341669255
471809212
459771077
396311057
336400567
472088090
330941570
270503507
522351811
305728256
528042776
524912071
280536817
342102388
523501353
375035034
431971078
488525134
280116417
372874454
431679183
390769412
440970329
383985862
359680622
476828471
407559313
452339590
369684928
328840017
413773904
304887696
276922175
473315105
338129065
357918223
351166741
517727956
316318555
395188643
270331458
407205546
351102473
312141953
275766317
518601166
315427959
529411096
382988723
281184918
345305068
454430156
377830269
370853446
519845222
524375036
420947524
269460888
299099633
530564941
317969626
508293585
280925991
527581464
341539095
307507412
307968179
405381762
372078876
278425952
329362938
439232584
391315090
391754417
442306918
376791168
327182058
446134534
459675426
431422271
366601924
383927868
341156368
393229252
484175071
307998566
414386481
517686365
315942110
362392927
436918349
528691350
432735076
490489146
349710455
518104795
391723428
353259604
368139650
457759377
360254665
334781796
366811914
431675124
521288948
390613680
396184001
350795096
297916510
391922249
424134459
416191325
483162466
381327618
372964689
432389833
375759027
513540037
491915823
449385616
525282078
319573822
334277408
397780093
469031233
491355479
289355963
369162678
445368208
493949016
406294056
404405369
271746058
341774902
489659321
494457794
486360891
400799387
416576621
507928827
333668915
477158954
380454906
514612956
529220849
493362354
447343033
375598598
392109576
407191706
276065388
270048042
495590141
403134920
432014496
299181794
504543474
536508009
373551026
525741743
357493941
515488715
360547494
484272787
487508938
535877041
428317893
327217588
299615159
472819058
458493877
371455075
381504395
516984472
333433498
523045885
385331464
280777171
428760378
274960945
311280025
340469851
348889042
271402322
277148248
290423478
397899143
490000404
321163466
532411028
334320747
530814401
427421158
519919778
528685208
396887574
345676850
487115820
515714537
366839980
393266083
466916282
449895810
391399575
473086558
273411134
300399067
313007365
402505951
379137023
279296680
532103570
293506763
357375054
342341357
324845230
390721589
533066923
458326766
492134621
481432298
358324153
304683791
536826355
353149653
366617647
489202527
437904670
324736314
467566725
420639666
369625505
434517762
431827674
391701843
511898222
301572454
516238964
318591637
377770345
311714926
507472565
428288847
278984027
401204409
495007549
488992638
402502016
271390792
468700966
477312608
307638440
402534110
505901235
496635556
494583831
360083519
325581976
315760867
514460609
446786926
473087351
430471292
279582612
463423262
368636035
376552471
290729187
504339564
382841066
443794676
404144923
410861987
306739592
431903190
435944154
498033221
312334319
288168500
427718224
366090075
425212524
305366270
461271950
312065397
451776886
291411115
326773977
485590105
272868210
446199968
483467408
364692350
473548097
435757793
386448126
381371067
525280049
396037980
415601070
334994347
329133135
454735337
438085114
341706532
308874444
360534452
369502269
360994953
472772509
300773481
370281859
440608463
431399251
308025504
431179546
375029391
289044311
526655794
468058065
390396038
359077468
360823221
380255796
365052799
314713607
311678206
472251171
379273657
291060660
529603849
331358884
463528251
341658866
408233027
387110009
446725097
319669681
330922280
435896307
413124625
296277823
296293679
448262397
460565498
478704964
487191879
506788034
521541716
357847838
331580075
281682200
332416843
338523112
502999045
453654935
441654425
389832475
522714285
481795621
420017506
448337141
356234114
379276810
304721267
492288831
428059881
411338070
512824435
401181993
459104971
409104354
291654468
300327732
304508954
414860846
387418941
484160708
284172183
296224293
484261868
332096712
370820661
516364633
323132005
513267866
303226882
324519571
368346634
395743543
345304933
524292370
440294306
475366019
409818982
377317373
409184834
327882302
536610351
347613676
430297969
425498711
284623012
422923749
425024636
274509186
487130638
471147673
349768528
493350576
482120976
370934933
341911299
460235373
486238368
484636095
340513260
506994460
396720740
467174816
378150681
295707892
273342636
458593886
511608348
393010203
392546722
499267316
378459323
433962412
453074160
519733957
460158937
507051911
275212761
479201341
471441067
463553206
486515875
452775096
535517259
385882678
473350047
485075678
468227258
315704275
387160639
524130543
360278492
525891068
497381165
481208738
425011645
356113340
429597272
478358291
276401077
358514391
523699373
408911655
498065127
431216194
286298523
513169701
402284551
516843735
416168477
514858348
490242999
325875361
523834778
469540318
518146405
488687820
432661677
469677077
340831990
444453327
418992304
489058310
451786127
305829901
450248772
441787699
398684723
509244156
527666454
427871296
431847682
343063377
291427934
473325712
337504477
375957706
375217296
489974359
298931835
293088552
279645300
487341016
509399339
522197991
412102788
419790584
375747980
391850083
401682814
277582422
339073049
296918473
512221514
454107620
330801523
408874851
478579587
277357208
311384026
388410241
331957322
464893688
304443893
440058751
377564585
487886400
290410047
425351266
448904209
307599746
300231682
444011278
522676695
271847626
430197757
384307126
336222102
339104003
444589102
431572894
490950621
487898648
500438857
463569415
348590955
346097101
425052327
306368705
400335019
493608747
308345081
412481134
294105216
416390081
273535210
475095192
335662786
532465182
321569541
413105386
413026783
333077875
383883209
351615838
351168191
523587471
350578592
362755973
536644902
529615173
431601831
530858456
386947679
429561629
331993520
331101993
490577593
498445717
270927930
533979356
463165726
279693222
464511238
301323949
385761657
443087886
394919547
402477445
444704160
354189616
327955609
306196123
506119319
424968899
426879709
284065000
514806245
459688021
433691198
378504695
435089715
421417057
316203640
432443830
305297012
387482271
274407283
417804680
491408998
495924162
324052654
534048812
288654443
348344731
448443752
327446749
474494641
375932973
386380575
474607679
434227816
303588856
462154996
374757709
308079168
376757927
485727388
516827379
270200250
307010956
401984379
425234911
429401354
378330823
492475214
515347758
515597638
364516532
355932745
407416714
483985810
276803629
439375491
531012607
270438416
274001271
385637001
536858693
292894158
400285880
506282810
304734377
367918451
335976836
340985976
292356468
321946572
533455351
352225301
271180330
506659455
434609357
443803664
382570283
371133700
393408463
459167648
312255811
337815498
502648684
358351425
300686791
271949748
498829790
506235104
310150019
426918739
380662613
488181916
446839955
478282433
475208108
503607161
317525338
277491703
313732014
343419278
509443979
497197489
298406139
330962812
393954676
391951014
449691066
332564781
420381424
466098571
289131802
461652648
342078238
268846826
378403709
356562201
393612555
364770292
440969704
287391959
389037560
511703008
314316789
396862878
491254548
527918814
511072155
333313014
277179544
381772908
341124299
289390553
525504833
448578009
271841742
418273048
314019848
297015285
491531669
295599222
440405915
526312947
444518779
400479034
506239569
534898781
451339082
396104449
291628493
468922149
376642973
276276572
440907265
302685718
462859496
506106561
382066573
333465493
401639069
417578984
491629300
359951329
367702988
389800616
288231795
347171779
296903859
421026347
350900974
295136726
439305125
280622513
351665301
387564489
371292416
301359747
425093684
321917485
397046198
369600555
436780107
528864188
358370304
348645815
502451809
369707490
536279811
458195316
470723586
520940186
529115446
460945160
382493381
493461904
356197216
453177174
418754369
373491249
454294593
342639739
477360593
519670735
405568559
340084954
526980277
504697031
436987163
527709612
303630551
304438631
350944454
278139725
371712279
348595453
428694657
440341948
466258927
423682157
315366139
482608306
378234211
481003377
483767118
481233054
355448924
404635532
416846960
483869566
445179865
330245807
322440913
317080025
370125106
298890908
313847870
289783983
419689056
519816960
480947412
489169879
291225029
361695989
508017539
405394112
449049834
432863934
364289683
366246447
417333822
530589965
514335826
505818873
327242154
295336496
455265089
457061948
512691675
356551771
349327507
491540411
274282592
315912086
435529133
379540776
495389365
533523143
372631731
286250656
464414509
356948731
319659849
333200127
319118423
464014737
330546237
398505035
472215680
463892180
457517535
457269875
426919517
458173695
496468476
440944597
317027948
427249676
380799690
519650073
506999851
328101540
495102999
526901190
529135825
472027437
392582777
402831422
508723937
498100840
316760225
311594795
450993952
287045599
332222358
535774737
339988765
524696665
330372412
419641853
321348953
447274207
507992381
474490955
335296450
352128159
366184879
296937711
501860843
299501487
448334986
457461435
489661908
397176934
508758666
468552120
373042257
487760424
417579972
349078476
332465697
287054146
314015297
277335454
412396754
323947978
405734343
371621102
317266576
463145025
293372489
475456086
527801135
513259018
307721040
377311934
392009617
458305007
441099025
460782063
510844784
310219784
404821602
404833626
428228479
462924613
404883015
461484702
452298188
419385074
298717625
374594662
492426864
437343551
299040008
436565958
415864749
335480981
383915125
332811819
480794130
443521679
381973241
322241413
336502801
401283015
518226282
304241787
320783175
271518366
418210475
500826402
516229590
520132668
383190347
302405261
398736481
409437692
483540576
360470016
342252045
519431558
431445757
300921607
383565023
508281238
358548327
493169478
487219767
299714983
330250912
372469829
379535682
479098558
482782041
349046691
375863194
347619168
502004309
519637109
382180535
497060877
298541313
397281648
516064658
536823831
494625865
294314951
411718464
358232867
381136235
380591727
505645093
429687864
345142064
408192094
490221252
492288647
505805248
425322169
522837952
346602164
473254193
425511558
442334183
332569182
479748485
324323241
311001328
297718527
390409507
360876239
369143084
533157212
332353448
278214067
533243129
319663057
530322930
527265116
459582757
471209136
305213780
396854628
377932177
425245545
372568885
456406132
472338207
436349287
276078014
312149790
530861410
365158531
303302209
482310006
408089681
336783167
444269428
307458280
307940621
277149590
360740181
349118822
316062659
275491749
323664286
493354127
392172295
508197796
456638539
279386705
318767317
364165675
493280411
505345357
498083853
298909949
287296590
524263727
381261529
320175196
357550419
467796414
479663427
354170813
435128327
320880058
306545355
279609599
428568124
514680105
398676408
346073148
358441303
310594459
472529521
457983587
285094662
325042141
357695656
420235901
276172337
440555854
521403632
519341625
435282444
374546210
296405822
488411289
344727082
417125161
418789724
469426680
276862310
325053266
329321712
352679874
310723422
302011851
291492062
483671265
314578483
369856901
279230873
375211551
499978651
276906156
494352959
416500456
275975733
360379627
382331929
412542029
300533549
411988377
289244465
395742650
295270317
375977012
403611573
485250754
471242632
494824056
369242705
401031978
295766331
289071902
383191583
469983594
288697477
360352148
275444829
303692288
523215949
300903821
300147780
416807755
418320414
369303728
446720138
403588465
519813804
279228926
514448392
357536263
516496743
274553722
313232048
416883879
460618164
506181953
456947380
271758407
358628652
324350395
492230917
487353027
389453567
524477656
342619658
514139143
329666045
464131401
347972859
468059551
377387695
278845621
324637274
419164740
427195473
419969089
440838070
475401298
467227095
326046062
416314324
462126347
278333396
276267693
356149922
455817140
292988279
361931355
289460773
440401914
308992825
319487052
525304822
281096670
412889700
367978149
301039450
449339953
395982680
414435667
411239908
481422111
308630299
315332902
530699095
479069522
308734769
287229874
355701599
446979573
488309623
316000186
409752909
400128440
292922287
329339292
465212754
410436182
388591693
468686413
270176802
471653646
283778016
287719599
306433800
414926913
379080249
399378370
389917866
492899077
383416284
416822489
287941003
483193076
395468970
487545967
335920714
386762857
398006859
505522303
456921831
422801459
477641220
426563953
497328220
480552369
300010064
453261859
294997793
379863726
450984259
272336099
360122420
293957020
299434432
344113237
364861157
505177369
357916626
375665481
428205943
310421683
363522397
389789218
521286848
333435720
458256378
486751611
347374555
479707679
405509172
291035155
283701997
302874896
477630343
517402386
490344225
316324910
370606731
501174494
290453151
375940929
399937310
357453621
531950369
367834492
358481805
412315739
356490694
376738397
346369065
445645836
517424453
441356350
360710659
529838423
419617144
312717387
421768650
421518645
444841110
276147036
284824998
528535853
347864271
471554052
408928165
344757543
451207168
400363989
360501181
288650535
386992431
347765721
398087760
508582520
407222659
440826679
438907748
335333029
369464391
331749060
305594008
502882179
291385605
289191759
290174817
345879202
342027655
424274142
441808201
414228282
506380688
388895076
286642300
510701538
435934269
328651316
364163151
315697435
288369427
451137507
420510141
336396706
300917926
322241898
371734934
511915457
309960730
527911204
327908845
422841888
516966321
281880127
506911620
338729275
342131081
353190653
526529653
530630099
404678517
290131891
386971327
479284250
372994713
360736447
516357089
453649816
479180675
442463332
499077115
416881207
502677138
373571553
375686652
352363785
405422218
283581630
292072393
484393641
468451243
421829230
499676173
430743401
453439657
421185712
334032033
309293754
328199306
429144029
313777362
396914783
454496362
485095728
342643705
510635633
413437551
352882077
342167036
465191835
431727840
523441873
423154458
322758200
341415203
433920409
389706633
496115422
475749099
280550415
404150785
310741967
446127844
413606001
398944150
462382340
391539757
391806722
310736689
276596497
278876995
454168072
468193517
360398014
302584673
289182485
412263836
287051085
320850939
366728793
448817752
516919252
519597390
394235305
378611865
386181721
440141212
422198997
480530271
388285922
311916012
308014345
527271882
464839461
489419174
316478329
296545670
431979546
335197116
370030855
271066215
295516145
278331478
524672330
344084180
532936902
511922900
373956953
465224458
500327602
498241368
350786098
387922879
425248139
374397535
412933132
348139866
396930669
291587660
484584972
442705296
447154521
345138551
529034813
505590919
356551354
300993495
463634915
504599974
278274101
384085828
392408204
433574060
273268138
298115127
396704211
535260804
416674399
307049249
329247966
419738009
469431552
284962377
313950433
377692491
269841378
364945097
319307086
511201995
278122178
451467555
446990779
441948578
480408572
336399902
416182463
364045876
458261116
270611948
504783745
431472815
470987912
493504185
291496734
413461118
530115509
359985348
467939253
399701148
421994082
328447253
409571893
434245270
294383420
307322587
414453413
519123790
337875990
371205728
339379388
397913080
479967535
301134095
429471262
467724895
410087777
531453272
356061239
505946311
365100149
380913905
398171772
365145627
420490507
502833773
274587699
397637164
506119753
465654325
403214166
303483577
517602096
399702518
403030048
518628863
517542755
428704520
526516872
431466143
421549669
339848263
437093058
373239308
360528805
513788010
473635403
461898198
440803671
388272475
440155162
320807623
430371036
524090282
393533301
491283418
446594859
464934587
384053685
432953197
439703500
331273373
283348436
409658451
486859928
384339174
413001339
513771279
427254280
346343815
451095266
430646945
466761015
479900861
491940558
368841991
531807915
388203650
474610260
306656786
449350677
393002360
479846772
470432816
410649225
503831163
499844650
488434670
277576357
340524900
341924002
536770337
432300547
533000857
320102944
405345898
504548295
430898338
473904460
424657342
338311761
408582093
292220027
296655262
309373939
351505002
500000410
393577879
309774646
355932192
490160947
474897157
529621436
274958921
414833592
292843571
336794263
386359391
511798556
522511927
398581324
474433658
423511070
524254435
390795488
461182185
394693275
351033036
505254091
378239425
458818961
387621280
433793530
308519114
379957805
526056403
368319851
285399760
461718975
406106562
433109837
450944585
536755899
462743904
437543728
399404005
275091990
354148217
499663269
514088770
462733248
306243868
453866426
272789389
393735891
480347041
463263338
301502611
285251393
466923906
389730216
278047559
294138892
346074865
378909544
276823216
374754462
483359346
500292691
349295247
315201756
510989423
513166645
424170567
382027520
337435850
361093813
427831858
492757246
452127113
357397458
416216079
468131117
303680870
282737762
392334836
467651578
379526557
520811700
300394255
390807331
516629459
428704921
444537827
306661289
511043321
484699058
368582638
487952069
436284008
309664103
331951893
385456161
354157962
322123514
407262203
297963628
499291243
289551977
298165492
341458996
303981367
271420134
399697126
512556753
454718939
359379187
294426383
484083896
414700675
456324072
281409153
349051417
490050625
528657405
332696309
524161017
398584899
439018417
414918518
368472642
425478033
535128094
459153309
283878163
395083255
269111375
362535344
353063762
473296203
401800729
353389057
418039289
361960836
510596109
305372822
461472997
335652588
354936486
371959549
309903398
358430386
413606996
325727605
485425950
345086679
460528282
406219601
337591491
472479127
364288149
423031353
316087694
525531777
381014834
281134034
442236241
342887802
484966522
526061878
441770662
364790866
315425347
496285075
382030453
395255560
420500637
499309832
391985850
271145201
348043302
286237302
393550107
472698586
474743096
392382791
281526613
487082415
270112671
341368728
476809652
305632920
416814860
456747724
423656232
472213653
312259878
492224789
404067367
393818786
297232359
296912113
486543073
311690981
442523039
312421989
391690272
455288356
390196360
418690629
329496615
414143040
396932420
492496593
318209961
480985211
421642835
498225339
309761859
499816763
361591558
521895207
417330022
444017909
351585498
309293838
430661040
397523373
492819800
532396156
300979705
483295252
435050861
412416112
358430789
518744117
449786942
401030172
529154192
359338318
447690974
273846770
452440297
414554399
326092537
422238553
343464743
360118389
281142022
524657359
284539249
316153598
470823332
416545905
390758558
381555774
358735198
381672315
504225891
354903287
483845642
366523330
461589106
436760728
506690249
312944627
314959968
313116253
313983633
294649479
469506295
346072201
389136174
450390162
521732649
358622832
535003833
357014557
287210949
458982151
467170254
301508039
360747005
429654448
518022004
301393332
479494614
338733545
387830814
522611662
460391601
461173286
291108686
312486031
490607832
376612762
474249470
395212636
408505798
277967139
402642120
458526078
396537000
381318731
303645027
453957701
476912330
482627336
471637290
381035610
393010232
280877880
501988015
450128327
399141190
509956359
526942939
285124843
425458344
348670880
472119716
464317374
523217087
417361760
476566636
285590063
312987235
374239897
432072486
281685749
494076039
536426078
440046947
526798485
495704417
512159010
527304032
332043733
334069710
464404274
503208204
396349194
409102253
458466812
344861775
326362144
451848856
504896425
328289718
531341703
345828217
516306335
388457038
424478630
499231871
438639248
334521702
528218736
369530685
308681415
383059790
512241434
515972295
315842618
471348836
432852180
281644927
352899328
437076982
363814248
389836780
280131730
416462294
495726530
425510335
330485420
498307611
399636645
475946256
288128057
445102179
345694054
505540337
358110167
532786538
483516613
399772774
337371689
536436627
378177654
371081537
293100461
449159457
506735541
385004762
283189299
350913910
501298369
427337889
477652880
405067926
429063584
434949358
459391320
433954055
284080866
474527735
395259577
416070991
355447955
401768656
497873970
466931897
346929787
295100361
290914554
440379646
294303636
334543014
485789725
301936955
440701429
418767846
408058405
514115040
520067882
383063128
472674908
456726287
477606856
450009652
317070612
305240700
432090480
473167678
366538610
387738057
300425997
293540209
510370760
399646231
462847799
293784691
512399033
469337071
451007172
447051722
333416975
526335166
471453789
270381468
316207098
504564690
367961115
277482622
430373653
456047016
509307202
490066558
340784016
302700841
530117916
427599115
442283472
345387750
403370256
336385736
289994200
328516819
272137374
503756682
456367303
442498368
407047456
270943593
398696143
392793326
280781213
454558119
327205865
382240270
283479933
340923538
273992304
372246071
361833475
314666180
436837934
478278675
488545721
478558733
273281169
515882903
440296018
292489131
420695410
447807131
495900257
512035042
462160097
368520068
447470481
440701495
455797315
372221908
289664989
378755301
268824978
339943623
415538406
467547678
522042092
508919090
378178929
338812454
512230581
337373625
298644435
505996153
530867388
317705650
499150715
311957104
279847026
431107130
368532212
337377149
475459916
303479104
488024931
349068738
290000693
354942229
486954815
298178269
389190811
326022305
380729884
332487713
288204643
306009853
413856844
363350138
453312586
305464530
406782975
338719436
456111621
484507092
323813697
525611442
306988078
442848893
271904454
525352723
503791475
493283383
531567364
475584998
516518132
461477516
392655646
277950423
488720902
461271672
441710974
438339879
319496772
273824533
457056262
348883724
387250423
453762493
535637262
294020401
422735795
418847166
306272200
402435045
280024340
272029047
329755453
360856164
464328535
405304308
529007209
424773492
291075257
516859054
485354698
275996717
512540791
440912747
325943997
366450526
337371959
536843520
331319500
374293098
486138615
446545651
378202733
390252119
419724223
512047384
436403137
324948193
443028526
306439995
273739829
403836403
353049672
290709488
441719281
366584425
517213877
511737111
287962731
371377105
480234348
351743757
517560239
413586907
351171924
406009378
296980104
528147283
347354148
523402889
502076802
342721127
315677219
522849296
399568947
352610320
493116318
511357163
452297776
372916158
460216694
296529674
504215361
445506485
272494239
534084319
512136255
268495123
403675825
316205691
420778666
504332286
422508236
390676924
476179757
445125888
279901916
463109983
505429067
514105962
405209839
367490769
503627560
394699728
492652405
342011466
408676527
421591573
420898271
361452110
370587759
287909146
307838806
528763679
341523654
311992249
313153477
482581536
286386022
344258215
450192340
333384438
347649273
532229050
522751817
513078349
406851209
346904005
407653848
326251031
402775865
487167679
350197470
287909320
293277481
368107246
452493083
500716252
467433060
487258261
353744844
344633062
486597414
512083237
318386291
381782380
524603626
385287963
296502325
419643055
520917170
339012142
441022569
516845970
328640233
437070987
342342213
398114576
330610738
403128851
499867834
416668060
483815823
451133411
482345186
514340894
410747164
522144391
349432382
371051877
288675431
437662892
405777848
490746658
379699635
321394835
330746749
378764231
375482720
476399238
286085327
500907487
367729069
384948583
292018647
393481477
396049075
365866424
401778835
507816659
512652101
322683558
367970543
473254352
426816068
305830918
357674719
398749909
514708627
443904617
392712741
521299386
305136944
485941423
367103182
390010262
418209005
463147881
302072602
268634030
433812666
508668519
472028614
403840671
433634118
330430398
484204874
518966622
534904688
506387559
403633596
330940525
485630286
397941129
449995382
284460529
482571156
531372145
364894046
401563276
413592549
277607739
424885111
365713310
458845886
458804669
369839873
341328610
499826107
470238812
311176571
507904233
459272586
412976413
430174478
374245255
313494573
393646480
416144923
469486966
501752511
292826114
468399191
522912282
520780710
341422248
387584832
394089525
333620388
331635150
509924691
415484401
355105492
419364376
458310811
471345132
478018230
413384598
388119831
395081704
305837716
510543575
523408374
358048236
511451721
410047286
456868655
385037163
500921460
339421544
407160079
282487417
340536944
415617515
392038966
379391292
413381728
279239464
446618918
270724355
532279724
286662076
486500153
420375192
350334285
373827427
306149842
471072661
384134741
435750399
441916540
306404125
403174303
518778216
513572891
494907856
521226889
507433291
494044229
487725196
284652379
458699432
327647929
524731186
490854911
323458805
408639019
366344578
501688183
518185498
355852026
523138457
353878796
391383519
332781452
419992996
429261700
468787503
376217432
365501539
269808850
373003968
534714059
284586671
327566312
384249487
312141625
438517965
406665189
436826304
306630339
327161534
533706564
425395606
394245713
517695697
416541004
402546709
531608559
339570208
392412009
362056323
343762361
414549207
535632411
286411868
277878461
359698869
324494390
458940100
477989011
485605498
364169932
295623149
374308777
322482244
487875339
429429657
446637470
423052249
377975447
365571774
520116395
430727136
283891999
483300130
414713217
373495060
488830313
408442031
362089282
327869609
534905865
307832464
395424749
456061799
386400691
329592012
347391881
365215467
364641657
481754004
388475947
349712933
510150973
312680458
484010799
299446369
285803066
350552181
526158765
285195491
324101992
432696010
346008463
340751649
475347416
342113374
278128365
338579640
325073904
452948326
381397349
445094760
454559395
395026344
379589469
443518636
439180474
455156379
361144248
348980475
440591956
414636085
281203460
390896577
489569892
500483624
365328575
324666508
437938183
286064857
481025625
327575766
473128391
508724457
424974034
381898031
475317571
422745243
446602861
291272476
396462466
410719668
331613753
361983419
395938758
327169693
402885575
509680434
295265322
469019291
446882425
364328995
479840506
500856149
420718265
409152097
491122467
371988509
327533978
520105473
372718844
300620930
503126060
469970217
530471429
288318869
436472134
379839978
307985922
357015084
533491946
504671621
303287097
349663008
385313960
385900706
459281664
340249268
408094385
371399825
373610102
469571830
289192138
298584167
380415789
503229523
507028703
434672158
305591371
372398417
429555781
346870069
462738599
468435772
382330187
314330584
471563779
437718352
272375781
319076585
423847166
285819675
464471784
511966175
301773134
465743925
350169442
468830402
379120370
477760891
330038295
322075258
497413514
403928171
479204461
506213189
476628849
447552473
487055487
285782184
445170454
486709761
405700886
382809508
291069994
469730405
527665068
281286592
384445009
395575889
508743576
468149014
362442755
313859697
325960997
482985784
516651040
446880711
394746227
382134789
392569897
455672639
479409524
487337426
336111791
423945236
460013580
511952047
324267248
338894729
396222824
377504679
480845872
455180571
504864552
403383276
316697557
363626294
479574456
419319519
516297185
302574188
436212674
439262743
509411959
305999414
361042512
501138484
512920838
305787771
269110041
403864475
514168964
448482901
374318204
282740620
512071979
391265350
391388670
437639186
430856281
394220198
351887879
446692599
332320778
372590136
349787288
282274153
520893203
454099007
458961655
481520176
497020737
536525183
531148740
442596073
478513518
507361827
362779233
408766007
345699722
461124345
268911281
396037374
516823339
535246591
434838795
527441077
368183247
325237334
520239836
322330541
435674619
327972581
395374749
439646375
531989453
337732321
287133291
468286346
398636647
415600728
521709270
469896299
363505494
503643416
491227991
523970157
525381250
382984761
314461994
446520307
500041234
268509009
497080246
384301539
285394652
428823898
501499049
399366804
512994301
485965102
443269041
426632984
366925187
328935323
517238328
391578739
488380888
380605575
428337980
524673407
303878176
353175034
387553824
444376498
475597895
309203407
331008249
340544751
294621818
273748299
443131916
533195436
433612722
406049339
355910447
280662080
429423416
458301090
399351442
321782395
422204402
480050985
291827066
515210238
402043613
431884974
463855246
379154619
398751037
394976218
402735853
322408628
356320664
460962663
443733346
536244179
271843006
374164789
379440832
315227206
503940489
329024166
449296871
270331346
426300264
290735223
308920642
526518972
382042596
488769110
386397717
489719295
478256618
275081602
408322475
451423226
441181642
347929236
339938130
379103006
274466948
433489773
303710905
511535932
290859843
276388368
327411416
453397509
450829668
480800348
293630325
394575516
454771616
533106666
476975480
297127613
528167797
325858875
458577186
429200468
351700375
425948682
394717848
522812487
290207824
404423541
400405618
381946665
334395602
297703417
499278532
452654562
456712636
529403226
277251972
484467480
361351309
473164116
439474218
532420114
291155998
509863407
297419711
491202304
372816919
321500851
361986255
394762697
447242196
509888725
435207056
395138207
377881765
302671432
279177053
448841890
440981595
294917294
311687191
472701407
446235990
343562439
345682477
341486601
432706107
355951178
480003236
491537194
471617482
512190464
522675620
501915869
450048699
517492300
353315191
516212360
465814342
478679095
412890474
376695573
353123774
295593489
398692775
451934017
449826867
510858193
343243038
396621251
475703312
484583288
399708378
519088357
403294339
502041906
395866391
425231349
431593588
400760416
437979111
383055315
441504147
493587554
343787130
515372796
354826441
418984503
378381231
434585936
449586953
379617092
332850533
299783011
332641574
325200320
516190258
278884623
532344871
530055703
392701835
390735551
306286246
353681853
341031477
270274312
284385764
351451524
480221340
368408610
486169564
505758487
521836865
292067766
453226376
383416813
314016653
385926604
339035808
445887612
421571360
479670818
399268858
445572285
306919370
335027143
443255600
523556176
318956395
428595999
535025469
413225637
276699473
388331557
351472340
396301491
520220212
363390558
337232022
483861419
497628772
325098433
509363102
500771058
458335862
412494783
498590176
495362202
458713869
349518037
270971471
477854747
446467262
505711136
369896261
383255512
270036026
285458709
342782966
439901970
501199220
450887522
403186862
278703716
341318146
448195965
483656633
470188472
348557459
489867598
453054718
436872796
492357937
290248229
456457054
430005229
453382298
513898474
533363195
465310875
352873192
508839677
309930878
297604265
524351308
457156736
495452879
