763534913
757925716
727407880
669016960
666716480
672672876
784540361
731943881
690373230
564288690
671700732
790283313
757460075
756012294
621281636
600567430
799857282
761307364
747613105
738929818
792291795
580235206
625998500
598213827
637125249
758817568
556987673
746796530
700298322
733097206
622257503
618674395
748550909
594073958
630189906
670196619
734916720
689281679
768482324
797653880
659298255
577989978
676270501
557428049
651226392
646506263
735935451
548666435
599785451
547343345
754529416
555711033
787995394
681130237
664044091
570744408
659058041
785173401
669260319
629666024
796900290
594616811
612119764
639356666
722537667
634093977
772637658
658032123
722209527
633518188
757788015
591393758
732387814
731246825
598793976
649805398
644926166
780634668
697871393
616583549
781637507
585318172
763593196
664408884
610909780
759918581
548097145
717749029
769879147
784727060
669401434
702511861
745508749
669575923
631235031
540683575
771484691
569861993
708370747
673834955
793897833
634385583
542949782
576230947
705863447
625411451
750944190
740683210
742593522
728018651
578944527
544954729
654439929
625880798
768509357
578181965
678289671
618138635
610452897
787935822
715276572
638573492
690339633
546233907
711743704
700804432
728330846
689054059
639466079
704778401
645746168
650858053
757163989
787234120
691063581
574742176
555576156
560505875
567297051
701949103
760694315
578971434
591349652
802386510
777217744
573075696
642974742
801279821
594702074
629464041
672360602
554065129
710038174
579244628
607031876
792821982
746147273
664207710
784790792
799692211
566288193
802414199
728787840
565555856
689252656
615411280
555367519
585238718
657370792
559915044
727148857
615001800
607598965
766300862
589230452
785823315
555191096
748313779
778419392
575504386
799997883
773625024
699019286
662948598
653074754
626905406
679848562
632230650
662083781
544572841
544948676
703700654
566439139
587087536
589066125
654909256
689311736
553464703
601481549
785174700
705506395
556016198
676827912
659565802
582135056
618645596
728696300
610614573
737373228
685926151
651037604
730287224
539114690
558074084
770506781
640015208
694662851
649900898
671654409
779965591
767693623
796087997
741438999
662224716
721979685
539090748
729497216
635813350
615245510
802965855
608824508
755834606
643618073
631140433
548385617
690449027
616813418
552216522
672925765
649791944
560813025
567401616
549433115
693139907
660412621
776055661
637707394
714380071
549973723
568133906
544915337
626855678
733093752
691599719
588985562
621305415
609334138
736688683
788186895
758274126
652405140
611127946
687846494
740341865
703033126
765166627
776691888
554443862
564089082
550456480
615221356
601671798
751569902
739390761
778830385
662279472
759643476
566892985
594016896
588691601
594630230
775492036
735597116
590815702
753758104
725880008
592120521
637767220
684247558
676164930
541351974
759212951
662618440
720268782
600427804
659400593
604932111
777384296
736316352
757273788
624593000
750342802
579739338
580126308
634576869
660454009
780820466
624157888
744124440
601349905
567969367
584266358
633542605
560594131
735669143
657878744
564885325
605822818
697090207
572477756
637579145
800877797
797140389
780300856
680503682
687035755
710096870
795730917
657239360
603278932
678415233
584589547
653730259
709278545
679566868
701160577
549572369
559810197
757442715
683439259
672125744
766208994
643620649
742360867
647467224
542208116
590171003
587786413
674528505
703646785
705806695
621021706
600824274
631833249
711290686
751863811
575308092
631140196
786600813
727418199
688640302
782230993
688124541
686266134
763751343
643509426
768092431
613865052
613609251
789709981
775719760
758577669
770605231
672106585
792703693
570582705
722113775
599395510
538196149
782728942
795721144
617020100
774328560
768026817
671423118
617895774
744598189
576861751
604019917
552827611
585750294
563506145
749309945
718366607
745032617
674847231
579783225
748510451
574907694
656078721
765899788
618323367
718723472
605536687
646920948
665542191
741052683
562888325
801650959
711937188
610313817
785659846
659911519
638757938
590150135
728660077
700185419
655688916
615805415
615252639
699091585
766825955
649357430
549302194
658750566
592986617
615186467
556322335
686773611
759660632
637761672
803177453
625164476
768827901
685981379
757482918
740851964
740346019
574040068
595790191
614312172
743202435
792219041
732879912
648071213
628347652
717461255
798111885
763808056
543863896
797694216
617505885
628745215
793145415
724494180
582950333
676278182
758548348
708416989
790419520
706999052
572753231
667830969
609218021
593267230
604270063
614617827
626056898
767453391
777735100
723924890
677812842
626053599
586474265
719382109
684602951
605774537
543824706
575958001
683917964
640509818
701136098
639401911
544002952
544527907
663389256
781321767
626662322
599816784
569742391
612870607
767792459
797656619
597350464
770455693
771602339
614196560
566972088
632328016
540240970
769561835
763250931
708537656
570355888
556285606
683517678
737721865
586665111
680902360
652373661
689745356
579710081
630867555
689423326
763569225
734579984
552733046
789579025
613195734
578470002
685210243
745995362
624361307
738116462
610791429
799947168
658774500
766466261
767377043
773083010
570487578
791312738
708632804
698913832
701449283
692385161
655356464
719968346
606703233
553683392
586097936
733269040
554319842
583843984
592093019
542535443
650397228
800392555
758437209
641101961
707509137
790155666
775225049
793932856
592569769
799053626
669595961
610825797
623065664
547102422
697958094
546020393
655784745
799553100
629927752
668905026
599310714
649734739
638035057
707262913
545901418
643961143
654031924
793124205
613473551
765733657
741741830
643742044
687082499
623539824
657685834
609994502
670394283
793411902
542655127
723453579
698041597
544986585
615688186
752036934
577204854
615311163
700059921
756509966
773847887
592191652
621599612
550088441
772429882
748298333
555150084
746533292
779447285
684004161
650027603
735591279
637940112
793505836
729989098
670220483
633816760
623239901
560734087
784684327
731282401
540890429
570625319
733709849
662288597
724625434
671218021
569004201
784509142
652179096
576650701
647215112
728831890
569099039
663600967
771933659
652877254
574348113
736992268
650494380
568168128
558600118
578326780
579969096
577677901
707394336
698005988
592809120
710770813
628610652
720890213
737311810
612053748
693021558
710515521
752196127
703397460
688119683
543944633
585181989
700509119
669205050
676743965
745456692
626959217
546709789
654082394
684776619
612772473
598372047
538996626
726446661
652977771
557976047
789348520
760322974
748452683
577540583
586435916
775054329
687011102
595669962
679879079
586981102
578363421
773105314
762717977
732581498
561008995
731553159
710195613
694027254
632462937
558736871
745582739
644882559
554797220
758439293
687531944
687711309
576407996
541656406
742693925
617162567
560040710
729586051
791074235
548001610
541296337
631085110
558434752
714488387
707366827
640540566
780159449
560964606
749004649
583315521
562531101
711773088
756559249
616240206
644773686
686005366
738089853
772846803
693664965
597434493
618589345
600635416
600698487
778369283
743988339
771038309
757007682
667913517
735070611
623145350
663385444
724170120
674912999
695892071
596229375
631533206
611197376
608728749
606594755
781332389
590180199
708467508
687209244
787622038
692813592
626233058
745558976
805018010
765311085
738434174
679881347
738495820
731692186
703642772
614585961
687873843
662927333
554614727
654469147
766573774
777208607
628722270
542084402
662122475
708866560
635054237
715736164
736627876
596190723
716775719
703460375
798457251
726072456
791912776
782485968
751122608
690355522
750091174
621103087
554186588
777723343
585195196
694086769
587569153
574432557
569851190
594997848
747547974
799352964
553885535
686968938
790794810
584264004
598150249
611018118
722749131
610321605
594833256
630886178
707737316
623612205
744780413
671874834
741786223
715275034
585100297
645057563
690684325
775441887
650225540
800930121
682329315
722436177
562658001
543305937
777056928
643321988
781952289
699131657
768259810
604926877
692339544
571289870
537428215
617909339
703902377
725435392
614304558
655697703
546551746
625537679
573874994
628762007
668307348
608011097
722231453
650298574
757935770
583027925
732580251
786265468
688548893
694991262
663418700
662854423
676050932
795161597
560502746
783304905
743252573
701746210
693974749
588646280
620529396
713258204
595929055
699395420
740558735
601955273
673431374
647306379
667919484
654231254
759900775
727533142
784488082
626426366
655061439
579374097
686725534
561276232
746251253
676373036
618954801
595667370
660825434
740969592
672046326
596460973
765590811
762724010
652898724
726922956
664061258
673055324
797088785
684700811
729159023
708029482
624416492
717783235
665214372
772058527
755573752
734543435
591480904
556763206
586282976
712098055
623332539
796652241
547699328
612865873
608757190
646995655
621641815
647356054
544938267
655536361
583435565
660906130
673497314
748569417
726131468
572862282
577111004
731616682
765591622
588500275
704899827
577160377
661618214
696054287
676483924
658592812
638370075
582045834
749328499
658616077
640371523
644305740
628792093
683782741
728610402
572440383
693185462
771475831
551571466
789717340
544498207
789933260
604690050
769606728
787748172
595578881
715678375
638933604
617938923
591186074
594356706
747686873
737807005
790798656
592041139
757997342
542549755
785488583
713826144
712895371
605957372
564753653
731357704
775876412
767407524
639229026
699667940
715256530
660219204
717083832
718990493
694096636
787241322
652068044
781640002
686628739
546558018
723178816
675862783
746973135
783909429
652816058
800902470
702005073
555291508
630041064
776050298
605527416
709997464
658265610
633419246
692683462
690763052
654951380
789089052
649450289
675570986
678169959
659013043
789387032
553294097
758998124
681823842
633778828
722522898
723399920
728695590
785921546
726599817
723969017
630246226
764058884
741005772
650980870
760783738
687516838
704623702
598967036
620293561
581553053
667387552
620321797
774102162
724427404
553830610
726939432
541834321
790916874
624986290
559405990
620082868
612121730
702517134
675245082
792783573
756359665
740747522
723964211
539432229
589763863
578584222
731832992
666555509
583323034
722728691
726629969
761111421
747712762
772478066
659341443
581246236
542369250
572567975
627727252
783978918
540485166
776712282
626328392
683444444
649139209
696950523
552164657
657820577
722342957
756563089
655275800
766416384
537150725
678835917
709411600
702671181
555425006
771523538
629309370
602764005
690521140
713447393
542803085
540314569
690452978
792862680
633958477
614745396
564027676
797362566
674781316
769173336
560117928
600665844
571334320
575497726
774040894
674160903
543547565
756254380
543813564
628799529
550819942
613228106
700770886
588288306
630262391
548961004
580023772
657948193
780198927
580036240
719090742
662040093
703886684
602384075
739990591
781760141
665809894
663680323
746636682
543811844
745227771
754134278
633446182
576062524
681152194
661840045
556979689
708599393
678653452
739591436
592814427
626887587
726785712
739173792
587111669
630784141
716778366
601244648
540653661
620090476
659845672
761324784
796791173
568205949
611131746
658579676
553584248
732368722
742940052
561463037
602406745
797886915
713780808
721687657
553767519
731767030
537189139
651905261
609234628
677347253
612342467
606280553
754034110
644445583
538927203
699338559
582383165
694737074
575877615
801050325
687055465
804010888
596435993
762038427
690169587
538674008
558477816
551620296
666488579
603323542
661032311
730849235
746600707
554711616
693041571
557680716
669803842
685536175
702143464
573142803
714450052
540397131
606386993
762893799
565572999
717955109
585168035
782356507
633891261
650381153
693368771
710928770
664553942
714553939
670727465
798972221
705701770
799666916
589861754
592707616
729340906
608971300
602411240
633211289
717539540
755916182
657805471
592678581
741119969
608309669
555629608
765246489
783845646
603918774
641744452
547018939
641944190
782515353
622256550
620253445
682765784
653247131
774257796
733284658
657560946
726161691
607403199
784177642
605668533
614651145
585847504
698104891
626705639
741013721
670512339
553660034
596091131
560885260
620527746
746785568
643207805
693548750
691818255
777010570
647222237
550994921
761096936
548142963
791438084
697150613
585416776
746143389
721859366
719643800
657741131
708183027
803536805
631564616
662702488
546381163
791121438
682964971
731527338
636968569
684417804
725263545
796942743
539526195
718083822
666458039
690501077
659699733
782813782
587973407
539179670
740000247
684470104
788555934
762994920
638712859
610846906
733992986
779196168
731364452
607568253
706124597
609594174
542328837
566804438
765985618
742534843
583429698
549393806
646211418
668766923
644576762
758873956
763626540
658900267
650350171
654517543
637245482
791910945
543605971
544551338
678104997
627910027
794772669
571933780
791520054
587259977
732102321
783614098
596542369
625646673
676736965
632781264
728465408
668614686
607130909
619310276
619342822
552389698
620507379
608097035
578936531
670514207
731527407
680134755
795860216
642443142
707850065
570463252
723330274
768219034
591394464
746264887
784257081
635496621
694558884
625026933
602333942
691210893
658612046
685544834
673349319
676979083
573209217
678534957
732496051
707887890
613566463
672132745
621924900
761272627
568239230
775601948
762101291
773645631
600946729
688170083
612823691
628116833
647680978
582106611
673425562
558672210
788742528
621400501
784597140
657805704
742192013
652612469
648167966
747166885
779083826
800901867
564693208
712072239
740590387
591174575
564904094
609049409
677719190
779133985
597028839
789469113
790760981
620349825
563631518
743328394
665427940
719401204
638727346
632979994
685469117
645798766
638504215
580986326
688663796
627390194
754132483
802369827
540991173
723542359
566138254
654496073
738766076
779806855
797069234
557667715
572544563
733867589
786852747
558841926
726552686
571549001
577188974
745311814
624495988
610261318
619319219
589076468
537759953
782732248
538539661
583489965
715425544
653512563
696781246
720683560
668626190
539946933
603742800
571589184
759076066
558554533
723282410
707694247
689336480
765619235
800216055
586809974
801919791
617736633
773753016
637135993
768732343
778786521
645413889
685004586
719957270
551613074
646947316
686932265
620162751
557457586
584938397
691559240
664618246
799069113
669785162
552435266
666621661
680479073
725970361
698585053
557718625
589667068
662290611
791448102
603631308
596722724
552478867
757246285
548505273
770634240
603344867
743880797
705285608
738092711
612738017
620834202
644089625
626370437
619380500
682085495
716517530
751522455
582355535
706602193
611259542
582328420
586100191
704839263
663353856
773172849
560856922
785884427
758735732
590155490
646434665
689163590
727297914
791807756
708996406
800296105
788348741
737611316
715317384
611972988
564320069
700789957
783062215
627639616
657014282
744768310
538590357
580461706
608190232
670022292
596440746
726118279
755056344
614801762
709412637
674628617
553253269
719573990
695756861
708061993
564430983
719818729
593856853
623627280
590484268
802914201
795317398
615821627
779372162
636133244
788781951
695405513
559461546
767197498
717778565
693540463
794992237
643748399
691187161
767867557
558649056
681136756
777173682
576573300
782850768
785315710
802184755
670685572
678877646
628727375
725212928
604717202
547084648
719480208
629401609
799984329
602010056
638843266
760611209
656477197
805054929
568853592
627517233
645390101
743361629
791261409
667743544
697574971
581594346
704972956
553024382
742524073
589311150
643017672
772353481
683571729
778643407
707769810
659343585
647765188
593886283
724891968
673301356
651967960
583536892
654778646
734608414
753442764
632305687
587838800
772568215
607700249
669606141
637830341
649829498
718051079
674418030
563219186
649787253
767966470
802783423
574209029
598867478
764261423
800983336
698375725
705046976
593531007
759857326
592807569
715617007
580320689
646021271
745314110
574532311
631629107
742587613
628586328
609554435
550336542
602154215
628834283
557783574
669498321
729902920
589036678
565308325
704216848
694071720
635189174
788414258
621418590
562638688
746213884
759808221
759338046
738000799
776810962
620579945
785367391
802916529
733145242
567800516
660023153
596166538
588936436
573841479
567818520
648183936
553717851
737272878
691939916
554950282
687937538
784400872
709510061
715716115
713799326
596554378
573623156
775043355
745509894
803640451
765603928
739252824
794696089
798150815
630336734
804394261
792811456
556875387
639054313
629691680
686956467
666831051
801952285
725435337
630117316
793278495
690103691
679321445
654818437
792050372
792340379
739321782
676549180
548786521
680530783
663649707
624931152
794045038
653592689
773851035
761498949
563758642
654625154
752946863
670339841
684203650
645149699
790359060
627286377
777961435
731503291
695596042
717671364
676084214
790257651
600609744
582101017
802684365
709947441
790528466
618993266
612589410
680641737
558231312
712031475
605922156
706271671
725333203
571004884
604048877
783683698
799199967
587364789
745204983
773972729
721418493
622682211
687918995
797478599
542078787
797445065
790941473
598398679
734634501
538554410
734708217
801195511
729446612
710758409
804746532
543247630
720519771
618929432
683688312
687216201
585492951
630978134
783378318
538804923
787862531
704186891
579392786
654934216
705567373
722000071
621832919
743941660
666972451
751437263
601633814
547415260
552568416
746266752
783683399
670043594
603656801
591099523
661081817
702109318
615626325
670357572
573575455
637444772
753729027
672812546
617671426
615021050
612160199
740174222
707032296
610219161
738260068
699877999
556079878
685788716
626253267
542489220
696057424
601339390
641011430
735884486
601104800
601548685
602402450
597026312
804131384
604886131
730045377
580157961
638697284
577637679
716778588
653404389
580304190
626670462
751703005
644012293
789116487
745077406
701542576
711264657
606357748
760443084
702124763
725252534
568616363
594404671
657678114
641923601
601487429
695629898
629465751
736985552
631443808
539958982
768234537
716152029
685270311
702040251
730897234
789155111
643601653
724051930
721529441
711644694
738433535
639206967
774543006
730547996
782039761
626827641
718896178
725257707
648840016
633300335
562075841
771570489
614666673
548167425
642039654
542555853
613570559
632605514
606828648
558672072
660701319
606317590
679026179
769362226
795164348
553377935
701741319
696100482
615217899
792590524
627571315
724143216
760709549
608069751
583991561
622467613
780819475
756822318
587294982
592615200
670229555
692157998
682520471
638958494
786315968
778896353
634001452
720911277
564672278
738703803
670702432
736176935
637988718
621266336
669757886
785852097
782444719
681453657
798099687
719722305
648193961
781164198
604477539
754202284
547064728
626139159
569743779
675041259
549023427
671701666
544333374
653196139
608346671
634174371
586754849
635404990
775622822
767755830
782295264
561623048
579143287
568976689
564002979
802442116
617148491
618357112
539815692
741441643
766280417
748317192
765762295
775052241
629406740
787487689
672575116
722119553
619159088
616439105
753107959
715781549
592430779
558304536
793208112
537582732
710550899
595469278
544799381
675557728
731458314
546275092
769445625
653175716
573627110
644900601
557195446
583084027
660145541
762611623
675713976
704896326
559479046
744523504
545600734
596106663
763846252
669052408
739742055
632615540
707791624
718014797
686612923
693093180
734960233
683510318
724221544
710783213
704731087
721628711
741779927
623666283
798069459
684962801
793243025
705889455
657181868
539309450
674738761
801140230
727096370
707982478
585120554
759574549
682787959
787304307
764429747
777996317
690202781
649159458
596645137
541665068
578842327
567042161
618674634
757999500
789287040
707496332
581037273
775011878
686584919
707843435
796654868
538508237
680269692
743373631
553300604
766406103
749268065
590573297
623778033
606351119
708625587
613526109
665607915
789480326
627559818
709704138
804535111
724694154
793440704
736341291
742067369
711581174
715642336
742656579
538413801
780247944
794612146
740718565
783107918
788020836
784191978
772448694
589160879
775178979
608299877
661466681
574006109
595608638
717857548
775083910
727782889
628011480
782988249
634091679
751265031
745256759
642294170
720339174
628376643
605808003
725390467
762953543
680341058
590935234
782531524
744520416
620754227
621322786
554830893
552533020
629998257
695675531
598791189
713158575
702766661
804911075
654649136
610235071
567327616
785987295
638121064
764784631
757286517
782678615
649647641
768770204
746405879
719589052
692630985
634563798
648599046
668303233
679649770
779805109
777716868
716916289
572688329
601174277
537193538
766088306
595400993
546322767
567613584
687422218
659335454
737963347
583297658
586788299
787648212
558615534
764207296
683841635
630444095
682746286
544613536
796876725
787394339
549944296
768426699
788893898
762287424
609796996
688805844
625479720
780488896
762604052
694295807
614366705
580264560
730204009
590752791
704433933
648351608
576470939
689071274
598079810
586302828
577091204
543920004
760856700
605035353
572447979
691688829
658692446
675979546
603858620
745214997
626696186
766696623
564242475
778888751
656387419
600205670
675498939
679527350
762621885
608317194
630177432
786933441
711847388
581579283
741379955
563429056
665001802
673745658
581136550
697555205
638743638
794737724
604372956
627812501
737118921
705863919
647331188
622100280
763164484
674492651
765110261
677353806
756263936
764549423
777913219
696957063
560952386
623290183
623004891
670046237
624453427
708114283
635528322
735242329
702991990
780710366
635863869
756390253
576993625
621390599
565496372
771796783
687158069
681297673
730259406
644017148
662731348
568063725
593377729
759350613
712896228
546211401
548094764
595057877
751386543
571894873
613712698
617188734
591073683
708597826
672352990
737300936
560559797
749565154
598087387
773959284
688544528
628517091
555386097
557311023
545413646
696392804
695020902
727760356
560459608
589751403
644156477
625037000
665899416
664375407
734542472
569387852
727510068
667916463
678781894
767156382
715155206
599244578
657485625
777410408
574248769
722525093
748545798
666585052
676727534
762188005
774337914
749001874
746288196
701841056
668216644
755973166
780369626
733676230
556619118
735714769
574087838
745650741
602966441
731105638
617640497
759152007
792650645
666809163
588116293
708303124
557700889
554192571
642919042
650432119
632093441
676009029
589816630
641283287
631311478
772104021
741662849
611381872
595230257
576111077
719791284
587593108
620955044
649573883
783796303
538553017
618283425
655115561
687432585
733091440
615166443
619320251
759170395
613952010
600517261
685931772
708604030
554777442
599953202
713351710
768280853
779882482
538305187
662754451
582949140
794057607
795524826
614775418
740677096
606649566
542424429
721841311
719153087
803791284
706458860
596122657
644996362
801119364
572287031
642081350
751527148
636098154
553113481
801682166
659807452
627563053
719119297
677090377
762904993
739377621
782812480
763049739
614860560
763327357
561543455
562009358
783510752
619809877
565386040
577190272
668387558
568032506
790817890
547747912
558350037
538984716
759144267
601458649
560798790
591323372
684733130
785484790
729429348
690309826
631321578
633134862
620936574
651682277
701427477
562466461
647051203
572129063
783577337
612655300
581015340
618834909
585968158
712839655
651592481
603143158
799013134
760114789
802246919
601884216
740963678
587553787
775930893
793096880
699852276
604017749
639093043
669954384
574009067
707644930
794667761
716353532
625153676
585127713
672690741
680324595
741427397
569874230
762123761
570718669
623739877
653235566
785287838
623172093
715572672
696548886
781077749
781682668
728619627
728600353
591933542
732983581
737299084
735461683
699774528
616556426
690776664
681727395
797503631
787494414
722194738
784765719
552934050
790154354
662436796
620274174
539948877
588349211
724778145
605092617
631635291
802731210
766526720
707278792
765738427
792756252
600196130
740931480
625257479
653002521
552902486
761804582
801525784
674631554
711368217
561955756
707113733
607939247
758245927
727060568
751564916
570718322
748934488
610936508
714012128
715273584
653786969
618791078
674363177
543126460
547937660
593619845
738221200
632710577
715170483
760114508
729918460
686947321
628472512
538206889
710312966
731801893
557030772
609911804
780849096
558064175
655761809
799507725
718902440
728920539
762531361
774853004
618530987
595747279
625798883
643305126
570152083
785679735
560412354
555948356
598967914
630221268
653000759
581778316
575370826
748587092
603237155
580882449
796637384
565190629
626139596
756591649
701304781
652338168
646630272
668793006
559434422
636572277
754910259
597351909
628296858
798990987
631965556
654131585
578075583
787245469
704011464
593751423
623303183
622688214
748206483
733198902
786028978
612927931
551968743
710950750
676883340
706533467
734788769
566810036
703307996
577980798
695996008
729166484
704402824
570950357
702866888
757977761
710005837
734818237
666383914
739782590
595670626
710681582
633200987
788125599
584452131
757439150
700542647
667496839
647654538
700640547
781403171
682155410
564221103
567192820
774145284
645077626
791959243
539918487
593684810
755393643
712239524
668633190
548043201
561018811
687657403
722058609
719583292
685380937
630535081
744705562
745984798
754326757
538095956
537123561
649848630
741268291
650896881
802986416
685001504
697448417
623457130
785209658
583218772
597094923
793390007
686486697
770339032
788224726
658323291
761289902
658782782
575327465
660112853
630648361
678514356
733764175
576199828
798109634
639463331
768804670
600663790
710685276
712168232
787074922
617419000
577868806
710799494
563049291
538672210
653440400
654939636
562640501
771272670
778704054
597133746
545392883
597482924
588002379
679843524
572580477
601153936
742300875
735898569
675291282
670760702
558233857
536890797
716091317
622930126
626180165
702527072
741118354
742438969
621376400
626026203
793415506
723900486
708902898
572147452
568096284
639721655
749473706
699895530
743224354
727151362
716244797
701053191
783576330
801216733
561607765
568912209
700784867
664168829
589198414
593909544
674634251
539068753
582719117
680696091
798382276
677680526
635856666
732277082
664966503
639356490
714289935
769481384
681277470
598783422
563403213
657917864
798744689
558167032
660646843
601102497
560109176
539846632
680171146
756048623
635613562
725657078
747854499
575159022
768241977
608334513
636538154
561964651
584126386
660904040
769011164
803112229
725225171
705657390
690561908
679436405
774758970
700052472
726090265
671858890
640052918
554954098
622107395
649780867
552794502
804178915
737345327
688997498
746429846
639661662
756408594
636813019
657139699
785401061
630145231
552833025
775957917
692477924
665347311
549752564
612960515
681763866
597541397
696896974
599909422
671407641
785841891
656725827
587306950
774533707
637665147
735139391
710498637
654257288
612164182
696288175
619073179
759070870
727970726
696219909
637908010
732597063
649289726
756022613
627179535
582775366
584387321
749414364
736499834
558024793
537138359
774680638
574301101
782999340
684043936
691986995
759833581
695590465
773286675
541896434
554200527
696484142
644135661
796754420
588265430
642818673
750171378
699988029
780023788
642215802
746302123
649691436
687397240
620403215
686020880
668147566
693570028
789024163
591291516
740776094
748094899
799121237
642630344
677287101
694261498
595009067
657243673
553828457
759057600
610827795
720942765
789658453
703203939
619085333
554416690
637303213
726212611
602932365
802099323
702388209
586832156
671635370
724601430
723499742
537950953
750252849
755331091
537606404
755094215
605504181
782608871
766812510
787203560
568153171
772623682
657972770
741554023
774718645
685606307
584080608
620961076
589309984
654479332
656775800
612554347
627887749
650859562
702593072
646771916
632364854
713338348
761744120
679244160
561905361
771008170
775698780
724262779
626314317
628395634
590769121
640542546
654532315
714579810
802481527
701837718
795468323
577288949
587320102
789586326
734771520
631489662
748432771
603488242
788817224
560254340
620623552
760729594
602109788
708970463
662179837
593088935
770434378
695385440
669017706
587697967
566653021
669815342
598015264
540405628
662750337
725079808
784394788
635883017
561084438
618917251
723978579
739624590
594498923
623200056
794780465
618032398
780651188
697433182
594268623
752725888
547422872
539956750
543984467
789014100
551451014
779202395
688895401
716193331
769884799
596555172
586690854
597265323
593503418
729225632
743625685
710299029
757262387
687628729
644579676
718125600
669977103
644675805
596086593
727210148
787957594
769644061
602597700
801875164
681091430
546699835
606914566
633316673
594757547
627971460
573302816
621013968
571720166
571595155
782504979
674167906
639695771
742079576
724151590
659756148
658063264
598172967
639520714
787443374
663262921
552641474
640635506
723071563
566992983
774917819
650544452
650124346
774515086
594805972
705129649
587591790
579637973
634869477
622362891
793848380
676810918
643166239
589807147
695021675
798964404
781830762
709816729
636460814
788435564
697830176
645678603
747975076
715023115
778091593
655713980
700052266
568397424
759577467
562034764
538208271
787918005
716040759
747983945
730075811
690685169
734077129
608774932
648033108
584295194
723586900
638825990
785145828
578873615
636511159
587752689
759638102
683628408
651995054
664143079
734893075
624836815
798850731
658836838
595548060
787531037
689145418
661642349
702331996
685872479
682420537
781288674
801701451
568375655
556240793
787204857
747680998
772369310
544273404
540515847
585429115
784370024
768277312
735342007
657173398
797339412
728608121
671172332
551036588
582842428
738918417
564180459
791197942
550841733
738000772
554807129
723875548
623508184
746479060
712153146
622504115
737760584
733562353
636956879
600511804
543488501
635802623
750588865
663309281
796627040
594554383
711693380
558220943
607260234
679434046
692458468
643381129
735870277
662423662
790677567
709727971
601803866
795778062
659812034
771136716
724460675
607194531
764231558
798729697
645381941
659872128
572968201
666482425
610398315
626298120
749482890
634155126
787561554
693762513
595194932
657199924
683206993
607879357
772412341
674462714
651927054
685122569
786386467
668367229
604324784
752117457
642485958
709120147
581848614
660492418
668059641
718929631
795286755
768313005
777858604
573716496
789001423
758134798
740020115
580467422
558699799
575190460
630677343
769631210
597092233
708962119
713656851
790046256
557705334
792723818
626736299
759078895
647277926
757065713
762365821
604264598
674536987
701613148
554811565
769453981
718078759
726255350
734059517
739174946
632182983
571112260
653723333
784286152
564090261
729359767
738885606
641043448
768954914
559003647
647740663
726205231
756864444
641155338
584402370
609914117
627757051
708148438
731615701
695658405
562552723
568248110
541022542
558068276
783919737
691146941
797056974
752777789
706732445
786159983
664094489
583965553
801618292
748835946
669931623
786388258
672146387
712633407
555083213
626152642
556377432
558607239
659916737
638485159
678518964
713623089
573188361
637506486
668989407
672833106
677553716
602950031
778314343
683936716
706061977
741797407
801944206
670922926
703519521
692569483
667803358
668859065
751941769
601881193
708558943
687414330
762448121
767720279
588720625
792506181
757970854
736725749
647750825
739071293
763854306
724764284
728757534
674187070
748765672
680788982
551572628
649566060
540002831
777556558
802862463
703310670
547716323
564143709
650097414
765256719
590930756
736546543
726617671
657802467
731417866
759252214
596151038
686355606
556599354
636457487
563505146
663395875
727789854
678253886
724437712
795330186
708848640
713722481
789219767
652749665
659568845
672631211
575907804
630563472
544404129
745367743
736803722
777175119
711699036
727332881
721726560
783124020
597448174
739343239
747492359
649131415
763524147
683628283
762414589
763072692
577737801
779467227
596829167
774943552
595481522
578892020
572502502
562607404
747873924
786854944
748535022
770625635
549040938
579988027
763344995
646425543
570640718
652234797
789198755
772580307
783681265
701378797
659762771
590543333
624264885
575459050
595298766
770899312
771714441
698846125
738172190
749914400
672014943
785224081
763192281
626373002
758533670
749785929
724283625
571783280
605252096
711708864
612111849
655071046
638979011
566732846
760462756
765312894
610028770
537234014
605612884
797935474
782215054
716132262
550672755
796428470
694164791
642347204
540054506
663383959
623723817
592531793
652253591
723209636
778114460
619268667
561052961
714463378
594764778
719093898
741344335
666887399
697504373
583938946
656824533
550952780
712259150
765611271
790361672
764662265
707944800
689150010
750619473
658612353
777661559
676523523
670624136
678651703
556985019
648057414
555855942
621728188
605286000
554353089
541181353
568948599
743954214
636426047
785924999
661887119
738492751
729435813
684949324
590275992
784632044
550269044
553954697
709172829
729783292
627309733
679695844
566586194
702168167
593832445
688249523
617612605
589798230
783278928
580371633
784730299
551488301
602787721
629685018
753142021
572187406
623671275
643739659
611419512
689227692
678913196
660616698
729358824
615381240
660203897
735814545
767973986
772117584
555034493
633188923
705442914
733571950
739358065
728081397
622165908
802907791
594344332
584479662
707977131
559489306
682991423
719824057
590938584
658580449
785845424
669000680
637041193
585015641
622334320
717580757
545755811
614749619
771655211
640447711
537208726
675686984
746267948
630224082
698084162
650740168
767717950
565835616
584262424
655811841
680333304
755912224
743312364
540236722
690873097
709551623
777318776
747198064
574231066
541222031
554344384
787494311
622757337
549095711
720851510
641450916
669269973
765685033
584148377
608293984
660954767
578993883
671445938
683359209
539254920
758055014
593985886
630365962
704452626
733808097
655415057
798274550
746285157
713228052
656748535
763975118
707370475
646919768
611024909
541523630
742118520
771956898
540417735
593203554
782747161
563159564
750937490
701657098
631948352
768713453
710582256
756266590
624602661
726064557
752686104
592310870
617193445
695170556
746899351
566464042
738478853
697906165
689562504
745119069
748765734
691430573
698705143
620356575
736317189
631608791
661951320
625274564
728936393
719003729
577318095
719476897
622489694
666590190
649215863
741977391
778508439
622405562
566423851
611388346
710787080
787667785
606882468
728430161
561598771
664472608
678756864
795637532
715332643
757409824
696950035
562953476
783309452
601568255
584809893
598229386
630318896
645419134
683993695
746581772
680170137
596844437
730198559
658386568
804150643
539692005
775438939
730070578
634974593
692235157
635833355
693939818
588527475
591680501
778446160
605726806
784116658
668455795
549367495
657499043
733113068
745355330
766632844
754669815
581129838
619328952
742688528
728863138
666459098
736390589
580038232
797235791
612510749
804726561
622844318
651363277
556580659
584665810
716374710
700985778
644542845
682422037
569840198
657951419
783258014
734610316
789159534
763204506
578260735
616644945
592006114
793637166
774808485
755302169
571582026
643308250
537697764
705271793
769355670
642314783
728977850
773951346
619024737
637848553
631605783
785655567
780256863
598712105
618048295
717957363
747679983
618602121
551472641
680426831
716774891
736992123
662527418
594170789
618885294
704799665
749662706
759699527
749131903
646695271
800327996
727433080
682463650
741422651
704251968
716630387
628464269
654581762
638423580
602492926
668858582
647017019
562700183
579523821
760376545
647847572
789359476
755061333
721644608
734249117
576642792
621900278
746601056
763333703
611921690
539118376
638060462
645723106
762791876
760570987
739519112
797881707
647767648
689377877
773282263
581557121
753543691
675517058
749340960
726365166
707733327
741685581
796219795
711793836
729610763
547242103
616341398
669301099
782193274
643543279
749723898
702036109
616620777
606328667
657389443
605378656
586066179
661909758
669873282
669357645
686105968
790216873
647996637
726755287
751468272
577571147
755353417
684095817
753301833
716342206
709349578
574339661
562960093
608464934
745119912
771629310
781062327
690492565
555937084
797481884
623756195
558524167
746071299
735450547
672427521
570800744
652746303
553999359
803091769
618348856
686340020
740977496
624106683
654550485
604236429
718873770
664857577
644806370
706484104
723501739
567786916
632905953
784610900
587388791
655387261
804837950
636375675
741490573
684022055
796222656
611006650
686660423
626993193
557473692
766105348
710272049
760052261
803746277
603684943
645347379
645010168
688815271
548505573
587431496
670780328
703579764
751750829
785025049
715105155
609969028
744149172
585837140
674905849
600685951
698612819
714522993
537386551
662060787
601275347
766737752
738242689
728030831
690440728
790570532
669287586
775603853
748718960
583561134
576599649
791839141
594594651
680295395
696389492
586645050
543518541
634089455
580311621
648419451
726823107
630257679
575186290
579521349
696555970
785012370
576533815
641924175
790874564
734062688
790714527
585410237
710479701
653681503
688630836
703460385
626677642
609930760
588959090
772442706
688569117
748005297
758306467
776621306
566839676
562474302
645036249
711629892
632720418
797039989
771599958
772979245
686271739
578020567
641322214
552150069
657075531
601309598
668811370
714802117
607090886
741887440
686489833
773764651
712242327
783797241
721792049
691616356
790978216
713421901
725577709
727954199
765475892
786331517
745364298
743083429
759969628
790120583
683488646
729588243
790550800
748967293
631656015
783910872
593974769
539191432
639736362
769816729
780026186
704844298
745739280
539221925
546800111
798442754
615068728
598509456
644571568
678342477
668746329
746832168
765732283
621419698
648518248
769750831
737693245
752567482
705293421
765616425
553683474
588951828
623810418
742828965
641925523
663367025
730366221
751916860
769562492
625395365
612932712
739784124
663110251
744938131
771415329
541851790
551169368
588817127
744784590
636642169
611047889
558842798
597087947
731870273
712711269
696762281
698566532
779175243
636088698
646823813
567159376
785707508
686552218
598544157
668989982
602801075
644420539
591617285
783755319
735557751
617978229
582146950
766660646
671001159
739823291
754806192
696969059
802290183
772694327
674588308
636093945
707437834
735566427
731785906
751588810
684779188
724652486
688839275
752311371
757220904
658764649
656376030
587324423
582268117
569838661
579182778
723198017
696253429
711978085
760431899
627843071
721354182
746044488
723567987
737514029
716533012
712911543
659257982
785781916
690359427
653903070
701278014
711517990
756947549
604801791
613844207
725946054
645291679
580481509
767996815
650087173
729977086
631598000
597869415
641203576
725122909
754422923
735124682
753611376
665096643
598314307
630942146
757239429
580766684
737523818
745008189
774515701
637406747
564567823
631889115
658979636
591548899
774901209
763801763
577787070
701391514
774125365
654154417
624673133
547931242
562536137
602490488
612784760
752960287
643158063
627761615
621381240
645935810
693394223
718664565
664056047
727739265
738899237
625090785
728589337
575468208
559769693
611311922
586624848
582340426
801889315
767606993
644544641
757038126
776751669
582067171
768688511
603571734
549297218
672569370
650617390
658577448
774564164
745200180
764131084
742725763
563209559
548092936
641408074
670384476
547838378
773449511
621941147
606589395
740605767
781048313
735447004
567208753
772561775
559575026
703483568
576038352
767325460
590972793
747174260
565124184
739091011
647657579
684867831
756653765
559605193
732631815
803030252
583306927
644907315
673040137
597311743
736532051
751863053
639567341
718456824
772865753
792411624
798950213
574681543
628524681
779771074
625872949
658084130
674704725
743655722
663856293
542083573
621550334
589194591
777405917
739545774
598689961
668191855
744190095
540020973
666527567
766685869
785255672
797026269
645387977
737427751
600000606
788084094
649624648
783561445
669907218
711120291
801925829
728280463
789621187
711449838
737835681
698005060
759250396
547310677
624390454
708512009
762544294
592199310
628951004
555012249
726704348
612550180
552081767
758713165
648928944
731790806
695146799
718242957
578167794
605780871
771440674
593924516
621197179
540457958
789365868
780412691
727144510
537064597
722734124
597015265
799276065
576617338
710045754
651716319
545501981
697778867
682703321
688902406
559593516
599444391
727854383
688017373
801980596
628661235
649578302
597794651
635965511
694820575
653823646
737482004
681458262
764828114
768558935
566162947
717901063
697689298
776872411
652072303
787661803
799337444
751353309
681002644
782196934
801092084
734605759
606454633
644679072
795418978
673917266
630242101
676779282
778916041
569658080
707054692
745750106
774148025
674336310
636415376
563645469
637602655
639373035
747232405
727552119
732164590
544190996
579606436
586902216
769695015
639291243
686803715
619890791
684219305
635324055
737490837
593259338
548926849
791935913
615396614
780940633
728508021
772796598
666892264
665657578
616969675
725912598
605097531
722813026
621273305
733474141
591268376
718307404
623276518
671607377
566184567
600764279
585811131
625392777
633924002
578953959
596428204
630420506
579422824
699259299
627240197
543051869
631460675
664705201
601011964
663559570
554345913
794568761
766471202
606973771
576644469
740715692
652791448
549139960
801852628
555708512
712921821
732824364
736589620
556926131
796581457
583773483
764303577
678921066
799386456
752982157
757869543
719013983
623135560
551344035
649445489
587247168
741589160
721287230
791587676
706138535
720740170
621580784
720947916
599905390
683081996
592996020
661886411
598789300
722397982
747445905
647441847
582362614
581977187
776327526
587004108
724545138
620140774
591901258
610442322
581841038
734083510
710434270
601401097
692049201
559407240
577158337
595910801
559941705
756213642
612738844
665981406
539221416
602882440
567673657
766923479
584571529
722395633
540448362
789849169
690918186
671336754
675787578
778680961
542035961
735471155
791395616
594111438
617039839
739254291
631101293
649238162
549006025
709409961
564418855
741282242
634269651
549756781
555053386
590878889
580374390
627803367
693234317
683942333
640943488
567218487
617718393
551632992
803800613
798354062
588236759
577185169
691252765
770078373
579749631
734590942
668855503
685098376
639704533
679555460
748476929
594710515
776851039
570154210
803723356
719945446
541400824
744587524
737581625
657122085
633048817
698992953
588298295
537198797
731255945
650827401
766544057
569541878
537413897
626868941
539137486
629976215
710827847
637583640
673391291
569732737
801583309
582070774
629607137
608047684
553366216
635795094
640370070
736529345
654680029
611234126
562899695
797413944
607753283
720807867
681731076
781539418
619316152
757789784
749918736
590289342
779389809
605927347
772145960
634296314
601263986
742516013
623973649
744377672
578622596
717207849
659020767
777359079
801330869
738053950
629349685
547464136
641168184
539572223
784353921
540783617
651302703
616497003
695954140
671480629
804414953
586786844
579583222
564465491
540162814
594902700
597776706
669602473
597616408
751378044
674095271
718082544
744130825
650993852
675429936
700862311
683048092
617535567
579016344
737495279
696554776
746561902
751571290
613749676
710585748
543057652
551323419
800513354
796970369
686757411
657434709
698594443
743118167
559997806
676725586
537032407
794343167
614610325
659337892
651801562
638304008
739000503
606367620
692936770
612448347
554644040
675331063
546805632
633092685
713798999
788709939
580164797
774635432
649888959
611353076
669068355
640238689
641421959
758229314
729583336
760867100
647287335
696352564
750599166
570927941
635966869
777473946
627219033
555106650
605020189
690216172
548184277
636666843
599269737
573875275
627243927
571583430
791969280
572399404
586549761
754240194
621520907
619073012
639065294
552575399
621406011
785022954
758053091
773803271
577676375
659333419
666012444
565865049
683922060
583947551
615851373
677604943
764105551
638105259
557447352
703909986
543066935
716572252
563992966
650132105
798515217
642296070
620528690
757449409
772757479
803838434
551123866
560045173
563035302
765605180
612248044
601507687
732824627
696722195
637018597
661304611
709303132
731093154
775071572
601179331
574296916
677790688
763683977
714072586
541384278
635764210
792716355
555758047
558266519
742843734
567093941
699762694
634766506
611754879
649161547
671991652
613310860
624045824
553620065
666551870
745576421
708454028
742226892
566179391
688772920
759642440
768393519
728823320
621795392
672689453
795242975
760101117
620666451
686604054
613676772
602042832
712481291
751677587
761900144
756254173
798308411
748483137
672071969
537577693
612715022
545313206
630649015
757430939
618451845
576927471
675925996
660122871
595528687
694709934
712077139
540216414
749888666
542651844
602845058
539688977
648352998
629914611
724294304
592519713
642136692
670258533
762059861
696655851
585387527
720626497
660860027
688129159
653083322
668780683
731116716
558659722
698093811
740024908
541891830
593015436
801690993
795256763
542606599
558647681
613957308
649280530
691705527
543034098
620047256
690908172
634611599
544182747
726598551
646878480
791983850
545506510
653699197
713485715
792366917
641639648
694775096
605261634
777245595
722696965
735194639
704073972
748094872
592610191
648626136
548164055
715868286
593339997
670100107
565751407
771888457
607751394
554269725
798673347
540946932
541400063
686905366
726942169
607913659
781171894
766448256
673928281
543442042
658745713
611037690
803069754
801573514
625607889
546983750
649290493
637166413
622641416
775965565
674594600
782421039
741794902
616948737
726202404
631441419
731341608
694629738
669652098
711834216
616334587
670857981
744691260
596165408
753624687
689033187
698059402
709265131
693994170
704423759
745654185
536966760
698040893
686887773
774345250
804532516
654807792
600854584
712194355
613873896
639210822
593050594
741544741
635543401
782528209
668875191
790692688
667828498
792582608
557612181
795077233
612821967
665583846
713647526
615068512
751869104
645055480
628704637
602122047
704093483
664077154
744056455
730684807
677497126
628828611
595706417
671552511
662355663
654822333
711085066
757944734
646754573
632751155
634255362
699601181
725294873
763457136
577621398
606160567
547161936
794421800
545108049
658579256
746430854
599960523
617472411
708982632
690706166
679837210
744883444
685201642
676503060
706781115
571570312
616801478
713015546
632170849
587708766
578864517
752620119
671170305
754609748
559049423
640990644
660937317
777922249
634140591
662738730
652866485
616661721
714531739
566727666
634291104
687194988
687745920
642290524
544669188
692555428
738854199
733127443
757237957
570298274
714670966
598318216
615041994
542675789
713670571
726357360
663739572
644258396
758836788
565390109
765381744
716593581
662434126
638852960
586419517
618781442
733594630
777071841
685047392
589935649
741942202
689608910
685215943
678518688
759250280
769047722
741060383
597851143
720160006
748169711
621112306
622507294
665675872
543977923
694042863
578562931
726788494
589634445
707147858
643975528
546803411
573834042
716162842
723602649
719466123
539487436
561631224
765719233
674271514
716525975
707494402
798316794
793135849
773216094
731830136
679179030
623756351
561720920
676663659
660669531
774989748
790386089
601736393
754273870
728439947
762778530
580245128
769834014
777483589
576321637
774779165
584947370
799171683
546593454
734452261
741999034
569913989
691193686
750611113
541003650
793318369
773249953
629308990
581580959
699481435
627079889
792436203
734008522
707792581
691984964
654844245
548661622
624502873
683576529
641377246
737800703
639725731
589607941
751081690
642203292
654319840
681016025
697616063
546752201
566747339
609805478
718935729
662587089
577043945
675016696
596369375
667417283
791698225
586078922
799694863
729803208
660152856
697091333
658076801
723246849
697147804
625722998
633136169
618507637
607028694
784325147
631095964
681350824
599509272
571849213
747412116
792829725
558267958
613989222
754003102
659405517
652570649
566595449
731279993
570977781
601624390
541305581
588364140
749711535
630182336
587892584
738693679
770509284
798416116
784753939
791140204
782290415
594358422
624771855
575320030
795434796
558947303
761593614
774866206
583611874
685261397
656918893
566432961
713636060
547549220
781117137
722373213
702183821
702382262
746355753
800535009
637663899
800831359
802413764
612817087
632980414
779967283
734615889
586931240
609339322
624476971
703923744
699218762
681478205
692401481
682351001
634609836
778859555
697915462
665300637
783203281
619598962
610418344
727317391
719911770
739276696
641955654
686961242
768354154
571522670
617727754
758855618
575845433
640959603
593088847
789927288
781985858
587872573
625895966
574316392
789237858
785274725
632278144
621445514
729296966
715597403
556494098
539818044
794481359
725222076
728258748
631379261
766097762
777045409
793361698
709156958
571863866
798081116
706354018
637540293
804812651
728626294
590738809
634310576
715471553
655191258
637800578
670784219
572307870
629126095
546025765
688569868
676341296
782912935
641974950
660162658
649839270
697919999
718109660
599259087
714181932
702868007
559273693
554581460
763095605
728256956
798613089
650567521
561776679
562906793
756056932
706279248
685096154
621914719
721486198
708666285
664640553
725556618
657236173
676300291
544080986
688475108
747972012
636531759
594284151
586086389
795961998
760963654
656089647
642634390
667935917
633378285
667320648
723829728
658099617
742335210
625871231
608509973
718650964
590606325
753408108
603889549
550430874
801889850
801249531
601325334
706727038
783973186
588879748
793066212
545290357
794033192
766983847
627060245
547172111
538807272
759629841
662480252
580824066
647132520
795055757
582278841
665219313
700105903
804051181
661824517
619825251
559870813
707652834
630296128
556644730
767263484
758028184
538613280
736788543
624282725
587733796
732384848
764791859
697327850
581015428
680849352
570828914
678637975
649648003
537007359
588960245
753011965
591721777
627735687
720638008
774880690
719330654
778357772
690545849
668489393
537372551
778703817
664638361
764494341
586263693
690567437
600222813
694311794
637696745
705458288
702822499
609701675
666172425
770251725
731444752
595713285
596646623
670514976
649215426
628592351
724429435
799106367
614466009
572203179
744521879
691849990
551357824
690713885
703005294
785307795
634212312
555513988
789439106
566680793
671713598
754464189
568362846
644658796
769181538
670598581
552887008
552073963
699348992
684341435
607504310
544571563
795748057
614881168
763898250
571574760
650879787
716703565
798508492
660284010
549642932
644025973
537297366
641808442
624106909
746924411
580683729
662898346
577287682
759436060
635937093
771622708
698383856
642882518
561640321
622889839
584173543
587111714
590742365
731482448
772337047
739408327
586947075
800703834
750473377
786145640
679575885
664239521
648366654
567730032
774910326
759436879
583206019
705559709
594957960
775013505
792128840
729314738
781384889
617965318
618243055
634010587
797580651
699848918
584886602
657882770
628600648
708922286
799794835
610030466
725767890
751505609
723128092
741185702
723881045
562502244
573617437
629172268
654501407
751641847
653771278
580799132
642492341
677804024
545962968
710115027
667246452
636610751
741158717
607914034
710358953
804439063
677897207
689907850
631041687
608677895
761029874
604856549
803128077
767729485
602045935
629901370
667105806
676960664
684264400
799236949
720698993
759974157
742554157
642065077
546652635
691489154
630507693
754800517
665225274
616872865
668439433
767815135
546484264
594613152
787574034
574326940
683574680
660317354
713990258
789267059
713331621
674883329
783385974
628677596
717013885
541775651
633438131
703819744
578215268
700841200
654239751
612433401
566990383
685996367
638694560
752421929
660818482
788069744
686680187
713025173
653791555
610125119
787283357
700570882
721753655
607549705
545243309
733612971
539432851
785194599
635156697
752727191
637267472
780799948
550946592
672488705
726804274
542135412
656834322
560203839
589445597
569710128
696476624
775375930
680569506
608964789
548395577
657243707
684092877
762395376
731313122
601583004
561647084
681566378
576858938
732685618
611346914
675302132
611432172
573719550
592775053
751118326
792597483
573048312
540485290
691187723
668306629
687033404
715115009
686592112
601638838
654802392
761268374
638082819
614756666
735901662
602318905
666721159
676863761
612653625
559040739
797372746
548055684
745147391
550204583
791252616
755004402
602907408
767603734
708224993
801885371
734698363
652142427
608581222
605954486
723230682
672094626
638926870
735537297
657295628
612729802
725588236
734362182
757104794
625527650
641762350
591062600
720590344
782298695
674889554
640588128
541096767
541175611
803840927
766554443
637739736
572269232
649555170
638428391
617134119
638290644
664102769
712252383
549921796
739339785
716732099
759888251
698543144
655852951
697194278
718677800
702538347
691641934
618872544
777092277
624239600
582862953
624561146
746998782
558649977
602010615
547922404
578797356
670297946
678787163
616396743
620954182
732373850
647682831
589297777
584805328
542240234
546099258
708872682
663316940
671486239
631335141
717504717
573762411
553616390
621752981
726623824
566048781
674583697
773054177
547639722
578531202
636465323
751019148
581423237
548278780
778303332
548601847
660261836
758115906
784549241
719300297
551793608
776939377
666455286
718365987
706578836
692607487
718609761
659165034
557715972
599365959
757853003
795673624
701523269
646638602
776977499
544787017
602124274
619473556
584261294
775941391
607807479
733728217
646809882
758828840
736765802
804401062
593062596
718671532
577387199
789061684
570256700
563669485
693934069
687599401
599760904
713149254
706135846
787582456
570673674
769151455
626771352
726947571
747344500
717738122
561208542
739683971
702900525
797924915
606946947
752867639
564998660
603972648
636250897
729231717
653057410
688599493
749196017
607271312
761618044
784082021
633112827
725173154
591647471
601773718
631485474
707568729
756156543
715397496
675513697
802474546
554219204
587241858
656943039
747406701
574947954
635993724
759969522
703727178
646927497
752564456
637062504
541557416
590667397
548445378
662950793
601594551
632475017
796322403
755159334
646951535
790484141
699276581
791603023
608843443
651675523
799373892
573398930
537947138
710684591
583243734
556864326
792890323
623405408
665925502
720061250
742031209
773734345
618681619
662883544
716432252
740590135
688799250
572627288
797537962
726277856
700032698
558609157
801064691
776655145
776728060
654034746
669533904
542167665
747966367
725972303
789259532
768207483
608203041
545317240
628858516
562431404
682339673
661128041
718419607
585418380
554049935
588441672
697961339
758520230
605945110
615267550
640591452
611780789
587228911
731601841
747488565
635689501
624847266
804565107
779668319
668606376
579300519
787497092
796803112
688925674
742457295
647767788
587145392
572139964
652058240
787190079
792863390
777809988
651912597
804960370
749994856
684972118
696628054
645445578
619974628
773505212
685047738
559763510
717366639
767824517
641348923
579828784
597790099
780937624
755730965
743076899
563641194
573414948
711554714
588274997
577614347
584560540
771162367
712322271
697840780
764966755
753807791
590425485
599190918
699831990
696552027
651537210
704679754
780914891
537131186
641135530
763861313
718881141
731009985
777421170
562803310
752669247
596154414
654259380
758918295
605295061
615436147
789112463
745544234
650703825
659404539
761909768
653208287
642276609
793920610
803362926
781637166
642811143
627604899
701516014
557051375
762950577
605450839
611303946
709010997
707524548
724571644
796993884
612720652
728360460
720119379
768824622
615135054
738098017
642797784
675623474
602339000
541884572
612107875
775309043
730170345
625328255
605207128
673099122
585096852
720992845
615330622
555829180
721959927
737001977
603464573
545938576
733819703
588431792
721779829
750910482
743569482
630845230
572883820
673747433
765485903
565210573
734338230
720974876
759333413
627878335
670289480
660492390
782405914
568270147
754069356
655983664
732026450
644608659
775758989
599645340
622274708
606235496
700749384
577499697
555361347
570722864
771610747
779574203
720245238
561427148
678276052
644243173
672059690
705847447
713887550
633708167
690379505
774179853
702376576
778381691
666943538
556219552
800952901
625917775
540018130
576808454
702507629
672194849
685862194
786956772
548763170
613089861
786423342
684189495
720381721
773169384
758487867
695279065
682275667
599776890
685666919
626102478
793196870
657190319
750623574
712010432
715374231
612180008
652282380
729540113
663427650
795687110
675382728
674469293
701906210
653946273
747852832
744660669
581617126
602737409
609991212
761129434
551883870
633281267
573556611
641471983
644846354
673417096
679368969
686610913
635545838
756246793
603433253
654449127
793679560
648767055
584403586
637543737
561744913
719009615
698160947
800834382
740374809
657576729
612122339
547306055
755553681
804529188
673462043
767276453
703411398
566526159
590345852
641615867
782895837
758158523
548243218
795372770
752596924
743004253
681186805
693495683
551952351
587519874
606131501
656979912
664488903
751526012
715374515
611151370
653264498
630161296
596755521
627831288
567143845
541150548
552605587
717526427
634035401
689220561
597387039
640382900
748519552
695724112
591425944
543739081
753032626
544986639
559201292
765560020
691431140
792496696
538493690
680238603
614976976
564259003
563915607
607748161
658047181
556446408
640808811
543399921
583487941
637069498
673042873
663001666
735817416
722225349
716180532
746237440
776221248
756804613
739231926
571778118
680256273
615453174
574539342
635498415
697785831
676596917
664362227
678199727
804994405
695149572
689746114
675490348
772857374
709957478
656583654
754366063
608570887
546122057
774187764
597881908
686281220
553251547
615318212
665220229
715946701
557314709
740294715
612893525
772966363
713736525
717464457
662968598
584585520
646155561
798607738
699330006
768864919
705754868
749058685
764508867
560297737
731349448
629182924
565318220
648930832
699378116
588071660
767152079
737933994
790308368
804788176
772183066
547852717
719251162
633286935
539869557
799381707
740634074
730523698
610007751
665979164
612580639
748549991
721730149
746394337
538830069
742234386
695346941
703017110
642844339
588554655
705982910
664203467
554336827
781008148
793449258
709495728
577207623
716126554
584518695
565163059
616608420
619717535
601438719
650821427
615366593
790886564
565349628
610617398
747348051
599728763
670313375
650998920
541676367
728695054
713428370
719261371
570582083
548124116
582176225
664675738
662263035
737953240
785830159
761815000
593860504
571351604
742399800
743011309
783065523
740460944
607121762
723999704
688019706
733864625
684571485
652036505
746158877
698949648
760301485
768559575
760688250
727554152
753454395
620298180
619319794
689156060
712245805
741379459
687424839
617965166
583584039
763590309
780099087
551616024
590744892
554120421
700091527
796712696
755176009
667722388
584356157
687601325
603545358
670539890
760918260
686344702
729372696
572131313
611694113
702437949
772361976
584637248
745818286
704748673
693121597
715719997
558913139
685655225
658789392
626180002
588613379
584956608
613869856
587388989
703764586
763258456
571015714
758718936
793969488
696280065
760249352
772550886
743969847
681426202
575364777
624709488
696522089
624941232
706851950
792708695
715404123
744076702
647983787
566199090
644824443
618363697
794972180
699714016
733400631
721503988
567151601
573738256
649385476
552049449
626344821
642422714
558326683
563292795
744450174
786242635
541167924
772611470
783584210
665346042
696659169
538797979
571498423
574000774
755386328
748474841
690877605
799812129
625566294
673701327
780294011
631537886
550702887
600165603
611608027
641234433
736000494
698825409
737527415
704345697
614329340
757274822
691475608
635765713
710923951
539626073
576485651
749992534
544184339
797084881
701158848
609519723
674138915
620051085
681022484
558918489
648250717
738040768
549768348
663629653
544212913
592453377
794732028
733919497
564105006
726611596
561352375
542919534
800378970
669932471
558310964
759825383
688475781
665551828
650340744
659666053
590608407
656209857
676629714
764577578
614500659
629639822
584887772
803046587
704572632
804965554
743510291
564269526
766551716
738728153
763788988
583276503
734859992
728623002
665707336
541017696
676301945
671019827
562079678
617338697
804721580
797310746
728100395
776054512
779599214
562830338
568957663
617307631
756870644
791314812
770174865
729869460
707990857
782173173
721481891
542670222
764497578
706171740
540064507
651295461
774232569
702107449
786086546
758723050
564692806
707454593
780091872
590117803
789998983
672062096
618402939
748852455
752089226
725671950
661601228
658897339
618243122
675983461
765988881
753010402
690118262
707971829
736056877
648091257
580716931
720705757
590467635
737557782
678054905
649523525
591383679
742900380
593616483
763629894
654079123
567375954
701827126
585551698
631101856
716072872
614716512
615304870
762128626
648914558
720299207
725155981
783820718
673168346
709019691
616794962
730512443
679344711
592865538
662341610
628833791
710371094
556524139
584647898
757742784
537722859
769880490
537685295
600695155
755651936
552220240
674658302
589538200
630190193
672768293
615361963
538197445
797083615
602888345
653731443
635291724
713890335
775911230
662585786
548321993
559842075
701603646
585172321
640874840
654511462
752474876
714482780
586179597
722269219
544957762
649138230
577829993
603777740
722781719
580551580
735056144
703611985
760191541
794102393
647596035
781005528
707196980
605962629
595657446
781222610
622206858
727717829
692972494
663842481
694813496
652266209
674236088
716934337
558780687
748330567
727325594
632621213
546154234
781087893
777394483
716684130
620031124
537246535
660628357
742581674
559603163
554214501
541583297
668915229
641246942
672226527
641940559
754465732
635391598
691627084
764150051
775264382
570857961
546212135
622378568
582286268
553700320
788099714
695047022
648521863
699768903
541240636
573674324
563368938
669360184
551007376
671428734
598621521
665713626
773220816
628966366
631661226
568800233
752746845
744018158
737149777
700405517
599520912
650447223
778482219
611828009
573328357
592542776
764904974
783091749
651480379
738811213
559705858
773637993
628365788
787464299
643208343
588734265
744551521
800050627
713464640
652611115
696132935
544959857
674577350
558049212
714305152
711951199
730007476
622190278
587696567
759885603
637820782
628182227
660903594
779767478
747496952
657798065
770836667
765881293
628414428
774404303
573734504
763112376
640371814
593000557
756292865
749703838
607160304
753033217
540384622
577309548
749439508
675281957
769230577
755765685
793571337
554002361
675796301
560246163
683192637
749776723
665445198
673272068
635636599
561228863
618544638
608569352
760062854
727757814
715793880
770928049
634058266
657665611
641771232
558747508
774836627
546818755
717255727
623024504
722502986
541792792
683429532
794338991
743453336
727923129
582110827
802263375
550863627
667534466
669333305
584900028
646134512
650342397
542355588
552301320
663034746
767978733
772023333
552642301
710072731
666655928
585248973
778084109
756364633
789816505
580026279
725094136
694892117
792940753
790775884
563036736
659125722
722606162
642589076
721146612
718640253
620017926
789657561
567688455
571298181
770702789
786037421
777533791
671864623
754715718
572971198
778455045
568303952
629173989
701874405
594808800
602229501
582594337
605690455
708129655
772907554
685514120
671331278
556574900
756989236
733634799
710887310
726054494
656257268
643391746
621110854
640505301
593592135
766028572
723576885
789322851
542551232
661048584
607392729
759079083
642549276
585131157
608097063
731164931
583188049
562452997
761378618
798538538
608172062
639197762
722064536
672012783
609059989
621192145
572482655
582138416
744538033
659737949
693485006
662770410
634110919
735798858
592364318
617427926
573360426
644093614
777204068
782580780
749242589
724549852
695450427
721757958
573870770
555582619
607847884
701112134
637809642
767900597
676133413
585057223
679679442
566421811
674307485
654476077
664654243
553089204
578676971
711627137
611578489
772345183
799350829
648370424
759921273
602621240
592768075
749559074
635521447
637890673
778568299
593794895
723863886
625618103
732104247
679551361
701797731
763270323
640889294
579723878
770008005
671669503
598442813
676399666
791298952
614592517
605044500
703074458
641429330
634214159
597954246
735975087
629673007
614074046
785776263
775090106
795563170
561667311
741747408
800384159
547690596
545899004
612020892
663953440
740642670
751946898
578642251
747073028
678649159
759106408
602392226
713537543
791780352
623809941
705782423
598006809
737885255
649986960
683696713
610361651
582049530
689289205
739120097
577774030
700300023
690881721
791657875
800741712
602262985
741298449
751838824
554588536
798868406
775426090
779441353
724226129
690410570
738767492
624557064
584687517
708888781
737669508
675877919
640854861
637574013
599132103
615392643
595499250
669431068
611853744
655963519
540286226
645167657
716397232
795276589
548814849
656433031
579918537
575860607
788784938
669018059
564869256
762381247
676014530
660070186
705177278
682579289
575521167
721870521
789991066
546660499
620040105
669860776
564666475
741832650
614951750
800700454
592003798
599664090
746658682
560709999
778588409
568945887
701811622
693996557
725898365
726234393
662604326
685132673
568645649
613692295
653919165
642129759
696775514
556003324
781426241
756795176
585595844
614011812
683348337
799327928
705931489
652133687
610463382
685835797
611920482
603544629
701347358
765128134
665770294
745630161
697153369
750929532
766771892
615339921
633387075
680452745
590357800
655146358
613224739
651921791
773031153
755519081
583453222
768401594
573298954
710291724
759948442
651666309
576637291
603571510
590064672
646317899
802447662
657903675
715313813
609145173
544660882
694539661
752486233
710836487
678126763
592562971
798050555
571828152
762147678
619611255
566831022
719546243
644039313
731473878
678029980
729506621
716298568
773015604
785716193
579430634
574303051
772600223
641218682
725936072
618503696
648191502
724985144
560158808
743011090
772888373
690509971
778917285
545335657
655728932
667305495
703853070
651322770
749700138
718271469
564760227
545811305
547565286
637898555
590318077
727053122
707000772
693527590
664418810
793061010
548340553
553480666
645245756
799692223
605681468
747444467
727572560
612717900
611006684
544107083
679802740
616958216
704994483
796480087
644372196
759246997
778655865
638781692
578981153
709674894
748314999
626563462
725583139
724930396
649857918
794647197
576292512
620037428
674043231
613154825
612318938
710514578
615849818
793428793
681753142
751843826
733142120
575365374
738223883
735186295
586402248
760682349
672442486
586065923
566657507
684841850
571536243
562559729
707857565
569542912
653056500
666366243
628830021
548031929
633781594
585876295
804646779
550388414
569374949
779928519
657430477
764346928
615578558
541255257
561822757
733022094
614787631
633075423
664562650
750276141
585028469
621861589
718245433
664788004
685312939
639899095
568833371
667737131
564034000
548589746
789737023
646027859
728399490
602286120
774565470
673945334
747414872
642531259
619412875
621757712
770741961
732096051
585818942
550195962
646234142
757608808
537318846
536952693
761812735
804198020
748907883
569118596
601831661
677958982
773371984
632827412
673081467
715698843
546414966
803972624
665906176
730717562
583713280
678572185
597790674
686348311
721011064
733410272
553734425
673415788
678993618
620576083
604806829
628804229
614503991
589925106
616463199
633054930
701019349
597525274
636998972
685466516
633318996
707631296
597791920
783750001
741599670
692019355
693689467
651792923
713405290
783290303
738398749
628857739
558772971
607649795
652026187
684889222
680527113
749419488
579080959
736317463
566695450
802279311
667016054
786557483
767641863
707238910
639716173
675440702
595538466
798809390
724371174
599182842
610049045
613140706
758348139
691556352
682678404
644314647
800383448
639390014
789957634
771642540
659787081
792332546
615548382
558164061
698326786
769769330
778018243
698629194
719429666
727772748
795421713
748341249
795676337
582904551
785414277
573528806
630160240
675211299
554467447
544480836
545696061
672470298
691709568
664254730
690985041
656666987
574966132
684477633
705192913
754969550
699786752
603672093
614761781
730960759
605745782
745733119
569962378
568779041
802434000
775782813
603409808
764479257
694865606
614905818
740656745
679324119
748408560
697428133
771803365
759830376
613223399
803131029
589336937
689227436
556641892
725715704
632141617
557055871
588764893
660647597
721668202
705999308
700087788
770824499
632454368
735299415
713698173
644936483
786147064
689283563
566675720
743616399
646732588
747317416
636696324
722395505
790031803
799277535
709120467
617916719
605396776
729520932
802556277
746062533
664979659
640594519
638267687
600740607
709429015
591283395
633202855
719015640
741170300
729076299
702028232
654196728
797979478
667619773
678186799
540455989
764285498
667004034
625563145
546118914
590903675
632838172
696613474
579893500
804021033
745398988
692763842
660579846
598322916
605753859
570198067
651737930
697518956
545809186
784061277
794497126
750808589
678781864
690068717
678277678
663846023
565099099
794151685
598445658
581877970
771464602
564015951
753965478
547835584
598121765
758617414
602354273
739533483
627851252
545644605
726628201
679535803
604268123
548559651
665591813
787686092
777989701
716666972
738771789
591924937
577392215
723035020
764285583
545001987
591624346
621553188
757545851
671243687
684525579
762437130
746119380
758608112
584107314
786911428
569291860
744218198
555247404
749294886
633653298
766806377
596206382
563741224
685741414
678691839
562402984
697595700
564560854
539524255
731511426
655714537
619399885
767074731
748507078
683007869
575122920
704798307
583239423
612459415
788205083
637798782
683891732
691646366
537479564
571920523
800082814
764517049
766281682
581907990
573680817
714520855
621831282
621636891
548157587
686299791
666210713
768897113
734428979
741656840
754813170
556503746
572116514
606475007
800611740
584541205
645032484
538524689
750948082
552373478
607823189
630621105
579707866
545039853
768573926
695686249
610927089
660882804
725931124
803299547
675340764
732777121
657945001
574577125
616811226
608418070
756917980
759208523
589214426
539675136
649523267
586174206
606299090
726915972
629871980
694114291
656260802
672051630
769907319
679628908
631788396
549696660
773997332
548515912
588264877
561139494
659899942
636899579
704599435
618487966
613404569
740306070
751584883
569099159
653036933
622998841
568300025
793044635
742475102
595005476
575602295
738325816
721068452
653589620
569503879
640836031
771463807
688129718
678059700
577686699
691697611
653821001
636654647
693839028
742152332
759425580
659740606
565290757
717756529
769156957
622119200
635169200
694791600
671305727
542179213
676486629
767776402
786657956
768076930
703054573
776396437
757458941
566907446
641425559
542585639
787367105
805224576
586325884
637408821
679998792
666014785
753107032
754422902
746550669
617970353
800141719
651852125
708888128
736657995
794641843
790949521
732289304
622130712
681237238
788317468
749003968
802131134
780455179
741544707
692347370
588821772
775576172
755786075
626554128
589486238
762961552
591017453
538557349
609081209
653818424
665477389
669691192
694131494
681127617
678907224
643619652
679076117
702954116
667178626
634614763
558313121
745376562
665451186
800911984
692145591
595629755
539629370
689445960
652415199
790770463
592386779
568960857
550595525
640815765
797296386
801198068
698224150
685429540
632462624
540457663
751652604
665090101
633860928
771345040
713332443
766880562
586794870
594672772
571075641
744072584
553853689
775174281
719740784
540933761
574335286
661207738
628707201
540080347
752370228
749588859
777436136
735026118
664052327
679568017
673356220
676284988
566269678
613117357
615317431
739331751
569108917
648191772
794721175
552569344
792294177
739577706
584402142
628045155
768000100
683655843
596842236
545725234
637722227
677922609
703477990
799266766
770024772
657576624
795070757
594362378
638546774
614191318
805144366
611827204
654525662
558996084
661804528
726846361
592088383
610703002
693920151
769164237
673290194
686941783
804903480
646723403
576950479
757927069
795689643
707440264
538945300
566046134
592251839
691828936
632827579
683377740
613760172
656345259
599116306
647467401
602145547
541407430
708742802
635104694
707480325
600551659
555588257
628034811
559473731
669939530
633282619
761057769
627598809
563519882
663813419
715628605
790232819
734393036
644366079
575532967
747175089
710829175
681834351
538642881
669316578
608561565
760411466
563810152
588567990
793063089
648862292
717402898
649536793
624706692
586067958
601806203
622646690
718487257
606074438
594796396
651077667
793728944
575825944
656173821
575963006
778431520
761455474
803997163
706104951
596101871
547218028
544941545
587109376
571232796
696283187
583994889
699108150
754673479
715135561
640031978
797922135
680448997
676183972
722901494
661690762
688532386
735743597
756368362
656096368
640770036
586720676
776767820
701783285
727727690
583597060
639825052
791634129
638249767
775023129
773496076
719596638
541187867
673827715
743485030
787418669
647496174
619444345
713768800
803423957
705868707
570190150
708095425
756299466
598549955
677893225
795518802
649029868
771549000
787082205
792789016
677532774
574570540
780251429
704460685
740229866
745528761
668518047
566693783
596806758
751885482
775511437
721085195
636188038
628499218
717618453
629499384
577662932
741548822
799953355
649231995
772342961
719840893
599183581
615936004
733983522
605628546
649303986
780796079
653375109
586976868
576094032
739513880
722960075
735089522
596608820
774042443
680409663
700210427
586793221
646287950
706078494
575451308
559945627
590611589
578019440
796651658
729263839
787424942
725542125
653681219
611564111
731437908
738633533
614551439
658990677
652999728
793385165
717749101
552294084
630595867
648949109
692912412
565964306
663368745
651907794
780289438
593269723
573566270
740912615
702292361
755012852
712669623
745199021
777945729
626376690
621450171
633712182
728246742
552295207
664295161
643790925
576498094
587987391
689114353
662091925
541967336
667080610
761202603
627332010
626115836
786540108
789229904
729147668
595333978
547345845
625139423
681465221
612679121
713210272
558784903
766339429
714506239
698302274
610033043
782765388
751069859
723706114
601918535
704824137
635269977
574070742
545613921
740175806
689200902
750269314
568461631
539928598
729744759
777394371
572204719
747249305
593853780
592842136
725659795
672773649
756528073
753064950
710874796
708950901
762972354
537970104
757400541
780575184
660464409
544876945
703639638
574142900
681728831
798723179
640057215
728174463
793613262
740108476
549595925
676843108
567597934
588062074
781858666
606154058
623390554
740215033
556832487
583364135
669463231
791677184
586063887
747630652
746947919
576148613
768789922
676311727
560702978
669172447
716237554
594926773
799981363
778922896
757403694
615140512
685150359
660157044
585176614
761485328
631904937
738634253
758426986
678097867
577399849
665105756
617626673
566617504
649565420
764392462
804427060
649495320
544487743
617021779
602188204
698340532
599158405
760022721
544742996
735210101
661534664
545727815
566898429
739381509
793432409
709700512
766826912
715257982
662402550
619150717
654062636
795556127
568224128
604545741
706612614
777515520
730291359
537968748
561959248
658894711
671463661
724540178
610704211
714075658
609222459
537121767
748780108
749724222
789987604
622675303
712828182
650191842
657264746
624500845
681776429
611029734
751242754
771356007
665283100
623627854
704601552
574623914
720381985
712305090
558232208
658319415
599673100
723992251
610693354
725241080
640986653
573205788
630610297
770732370
569670482
685887963
774030505
746969101
702752736
771904953
687297392
596046855
675979163
774428173
616770829
627636657
617754801
720388503
682367939
785282366
539211089
667142385
638809059
634563795
791981926
759875575
537903157
740299141
790330080
575763364
799007672
596987283
800829214
592015766
558916153
791171599
781764548
614377677
735521197
635347720
628211671
625278912
564303620
700999387
766824729
736461408
712721051
638132270
790546397
565383632
782979791
794773439
655536617
725070909
707750222
715451546
703290366
692305328
599237216
544012960
659492679
711082949
795445626
630242732
585347005
610289611
555933592
548531764
778701410
714319852
803287179
690829039
681149809
540752912
733770711
570801030
767414416
635556809
637611453
644840489
768754402
583447889
673090321
644332005
706607117
583285269
548774547
783207856
549491930
630720902
658378321
560777536
758789104
570224645
789203282
544294033
579594496
711153225
702288665
784369916
657902492
599935266
756851227
730623261
689133063
577585835
643773420
604844044
721717324
594034398
793467062
602107926
676729612
663268277
689453551
627177410
629062536
703529183
664567908
639816502
576605413
666976733
542075252
746353043
581204795
736977038
803458624
752927243
731516394
569483741
704389749
726224360
604377283
727604723
741491616
689072419
576065903
758657295
749006135
766161002
714945886
582399345
654942870
540687173
726057394
759032514
612853965
795818777
670332142
709860683
742431640
743899085
561554303
786300179
560261619
730072943
651396154
586921245
540073993
678659600
801221946
662802549
797371194
570181932
591515988
644741109
774419043
648851485
649454461
765374757
693354019
773129550
768547466
767936872
557751694
781700941
656560103
615487008
549496070
675861326
622155477
559987402
574612245
699285662
686778218
575608903
776118385
652892867
645585965
542702706
644387104
610630863
634295434
629299320
718487549
642579372
637850407
714058997
572580884
708668378
614496810
637542877
803493541
548318641
699108977
590702964
634039400
602807675
568073992
634613722
746468930
679704435
635276562
569757735
775093155
753354911
589058485
631379301
671772659
772891699
595435783
546293289
734759479
745946472
784545334
536921883
769199383
700495319
733095671
663828878
665408234
545237900
750491431
800819392
694951436
583913767
801373500
581327953
579729617
789701714
559350979
700899553
609942586
700413123
621868301
767520508
754112036
636841373
699427077
643278550
676116663
546594936
756158085
730723597
734924863
593067432
693658992
711626633
804394806
582031248
703443965
624274774
654683724
639632590
692557006
694686820
782290760
615431387
767556496
772552248
614221594
695849100
555810818
735454822
652498187
563982194
653658891
711689500
702915170
633264438
774174623
685524297
599729696
618959175
672140801
768212443
773988001
762847381
659850545
724345388
666019183
714705669
548373551
588790585
635077437
556906981
675526423
538249285
772699358
703395715
674590055
672995463
539458046
556394448
556469753
660704839
551720304
774623230
678879091
590161047
754846820
645650831
742979817
619551967
622478317
536990843
685117155
618348166
786890922
709561211
603276489
576823247
548722992
765455288
738124239
649116901
775267227
699190130
649887040
670691814
652570769
684928740
695288980
755292735
774044697
729254261
694557181
735232953
589250247
561653996
588135329
714481230
759213149
549685417
590788706
718632927
633189531
678970377
732051316
659755157
539462392
717372829
616983341
570715381
638936607
756797786
559106334
774821116
779176164
684912204
621794198
646594296
670646413
779160570
622627836
548911554
537547929
652208817
714179680
656624781
651468836
604725114
738601703
758698134
738496023
775057881
617740365
