954665178
1067021741
978145591
984230044
869213083
925195919
1031502847
1052057684
872388041
1030532311
947877934
976836819
989930883
1065037051
966659743
983324579
1046739790
1033245888
952002188
846737560
911519968
833224934
1042949495
948288970
945285833
1019120446
978129472
902034245
1003022944
1044348209
969608594
870252520
910474816
984868359
806159266
945774164
884158479
826415246
916873997
936801113
947862457
942696080
865701114
811780386
929548818
868228347
977025225
928100580
1071225334
937664369
839904290
954478420
963173820
886307956
878178832
834597976
918277431
811624934
1058791414
996949461
975819316
1030106129
991132103
898152615
1061765467
836664520
996737942
921288817
930877483
1071738131
911169529
948723650
978689942
1026409879
993311325
1053604589
960837888
1030921131
963689754
1059339682
1027137046
896667646
858147206
863901563
843618449
882408396
811114658
943056926
965125091
883454314
1027189611
823620673
956124914
950420346
895466939
878563938
870223756
1036729282
854066618
815286750
993034611
973769366
974719229
973752783
809293116
886389486
990374456
944579599
1051960783
1061806040
858030732
866780789
899655289
859156814
1050549475
871599024
816915870
862741674
981785064
816686134
885698659
977816807
962681085
828163707
947634481
975600539
1034823262
939542676
933276500
883645178
826822604
838969644
832889191
938465343
873259850
862025332
896624664
991244220
1004831501
834547436
1036306920
814618614
836657646
1045241539
971858906
814699249
881928351
879837728
913439605
847607059
875746686
1005094458
984712676
878267001
1041735745
967120159
1015705218
935962973
877838616
884551297
1042577595
1061779144
991657792
913065813
1005279103
998358967
899069626
828359908
1073091684
952864880
1069621039
970433870
1011279261
848536187
976535550
995213858
1004665627
992852077
963918129
909398049
1025941049
914148737
855029021
854458785
863796225
1049724318
933035364
915248408
835653069
968449927
1007414724
1072818882
923645254
1043879605
934983166
1072908815
1015219622
1066712455
899583550
849503409
1035531294
862691173
970104511
1030826723
870882557
951742816
997277275
1045876712
836889580
810620093
871128651
1036464542
1016984237
1009801699
962378187
927310304
991430006
1051704223
947718384
819911086
929880926
992245215
985186991
841248236
967572287
876880723
865278865
890942181
911728860
938446672
807354115
827992871
1052185321
840517088
993838782
981695822
1018499909
976471722
935034873
1027171626
1031732244
830953825
852200849
1029060976
949676625
976832786
1015982210
869241688
1000049260
836242593
823258679
1020331254
949854113
1067757849
984075114
1036966759
884407979
919381482
990393790
1048583871
1050861369
829099944
1032318450
935020984
1019198219
852850790
950357510
851214326
966425526
899884132
1001769360
861307652
973383676
931737949
912352088
1057746384
915423030
1003180723
950221299
1039938049
1038565339
1013180560
995997389
1014722040
993185072
995993285
1053025749
956077334
1015092890
1038093335
1054908621
1002179707
896668708
1049114002
1051260150
997456037
993661458
898713717
930208705
1006253084
823976917
1039051018
1034571493
856294396
808553445
864354759
978352008
840618334
1018684586
899734489
845627606
886619888
820964866
991762086
807407209
992575461
922464949
996601678
811513975
861338773
810484953
895137114
1070007294
937108170
820988464
965598846
877033396
901126099
868167317
818230030
1042411813
834454149
967836962
1040538334
1030743793
1052026845
1056456843
826884770
942473915
1046010624
1061110614
912865592
973998688
832761582
917848937
848458384
1010815158
833939571
841506791
919620279
1050202131
879569609
970772799
958436058
934201055
818529516
843997490
833010993
901183609
852504981
913922990
843922591
899879394
872608225
1045060333
981373637
992354832
1070319701
820538874
817566813
857894217
1065407562
1018306732
844354892
1064054846
937514882
996895390
821314644
994355584
991643995
902376279
928752973
844316185
842576589
974691883
829496807
925398445
951197048
850183656
974993661
846943227
956124941
994412400
904472668
919027681
1027628645
996732066
1042849982
894598139
873580292
806319840
925326366
1037766878
1015803603
830676671
1003081292
926375708
925369420
1030696449
936019422
994984135
841170658
924201323
891759372
936017045
898433171
936474406
1034561462
841002065
843690908
1050080553
988063997
808760702
835434537
818875996
822419971
811160551
999339982
1014554335
999704976
1031493300
922840349
979710998
907451979
855448627
1023361514
903670089
989659694
1047415503
1071833968
1033439379
1011327513
920120704
1023139560
907780143
889476174
1056556775
924809269
876827291
991336160
963539487
1013575656
1053825687
984292234
957955447
837705898
931707557
1002217480
902107285
1041833752
863306464
829178399
1050994686
827467238
1014920053
882102411
1042765490
834620939
808016392
891207027
963195752
1041673540
853995990
828089319
917452610
837558804
909801458
995822342
927430057
983699264
1002086621
819359090
1031389810
865540252
1017171146
1028873643
955367535
1057315769
954776514
1020253274
867013148
978044682
818879110
1067332584
930616309
807594829
979141909
989681454
1055098244
928253331
1069598793
828304936
839960280
898859138
1030476800
907950848
1072900042
1014294415
912513866
984325953
881303417
959528929
1033901261
850934157
823144967
815756659
1021489555
1023005009
870673373
814347154
916542998
831947605
974667185
981259849
1021011473
946508561
1041658474
914552199
1035287473
898519425
1036936683
993800880
811572479
916351087
809528374
1071416182
924341738
946303473
1002928320
991380323
992748397
924667855
923882066
1002013476
813986786
905787090
861400053
888900071
1067044730
864201679
891905045
881365337
869487481
1054243015
866165041
954296422
997043941
806219032
827928210
1071633146
839154539
1008211927
956616651
825264924
834382192
809274039
1036293725
975825900
993320314
1011343972
1011523495
821729908
849460938
860581451
902886964
962977220
926709513
878953452
981658229
838741915
1073035880
946144479
940946802
925536239
830164928
890044225
871979273
955808805
898099144
1038788915
935209287
807321798
1042253095
903670956
807249179
1040682973
889509899
1015243866
870446428
1047981697
845304460
897153195
973636657
872307125
977146317
949077156
972487107
932152950
1046515520
863494048
844124525
859278413
818529514
822028631
928801442
850189527
1003139730
811009478
954083494
995458953
983095162
1071713439
1004993298
903798038
963747940
982468988
906122089
898900541
924644551
851209331
1060999384
935200447
958721129
859338112
917810535
903600874
948822621
824311699
955606170
920465422
885910594
983627805
978937275
965846789
867656857
913122809
825755596
1057199218
988881748
906563059
992019501
840696627
1006039293
815362373
900997893
832667504
922180834
1057357824
923555048
1010392306
817396843
962749249
963143983
1029884628
932120636
861830689
826658769
932198356
805477339
885893533
867864220
994737252
850209509
1032456343
895761016
1051653396
897285778
1002228623
836624146
821399689
816619983
852478003
970979398
936856096
890131464
830652240
923395755
920065222
852435635
996697998
1022509025
1018843789
832615076
1057323235
976591788
954435672
970872716
988411426
981256342
1062873563
866474516
1037776179
986798114
895581457
1040463137
927129011
980683279
880910730
855071408
973598049
869768977
1030963067
891629442
927303102
822332857
895733895
1049715446
870499176
959331867
895514371
1022803683
1055159123
849521414
1046631975
991776491
1018672909
927558783
1039652814
1008871172
857714046
911094917
930152694
812260632
1034814110
914786176
933018260
924121144
821108763
830348731
1017796004
866491763
960996984
888069039
1063195937
942883919
889965638
910283021
1052682056
1041389758
888309241
1043649255
887293647
1046801200
927540261
852621903
816795983
931451181
1011380136
1048202511
966392522
925635635
843814529
1016604629
932083785
834216455
914979054
827066609
979618475
1030227332
937568965
836864030
850000529
1020874558
975789715
967433245
995427009
812681568
1018901081
873960437
889969312
1069041626
886867856
908174847
969544543
922430451
962905727
997495676
835619512
987933677
821107456
922179729
958138468
904896362
811037704
997080791
952798516
913142386
953936547
859888626
941262554
1057065642
982332737
969209970
1026620868
958324062
1010592948
818571197
857228025
1064795022
841741273
915046393
913728988
993647249
838403454
872844304
894770766
842057229
847410087
903930360
955714104
1059923198
1015515698
962896553
884455935
907872539
863356940
829946053
1052134795
834246044
896131272
1005018203
986823078
839152914
849130949
828642230
912981444
1050565713
965146492
1007519031
1070651280
1017552943
868408676
911237778
937845595
914430802
813836166
959343778
955175014
1070853432
926959027
1041246404
906644441
836802191
1010156915
1073057221
874142307
994607944
1003428522
887199577
1060677932
1046914440
985005468
871788240
828601766
955533785
931384496
985546289
1015267701
1063561944
971656481
816517775
949287144
1060943457
858095135
1004078810
1027507759
949065168
892844665
1068066180
888545701
983004257
924337750
1053257281
1052525078
1020060125
913532521
924770670
973852106
833302209
976660748
1012584491
988089528
823802487
971021660
1017880560
813706366
896925769
883105222
920791076
813931300
930267533
847605902
847881874
859993371
922593380
998124494
919650616
974536638
1056993131
989991181
879143993
918670602
993146217
835558209
994463874
1046392207
993592322
836228307
1023423970
937380602
891749529
807909046
864889449
808517828
951768914
927134971
877739442
1036036611
1024701481
998308913
1005819978
821505593
868551865
931136323
1045003648
1060641422
1010903991
853982290
925253147
970813604
1003815015
965206090
832930639
818633716
956100751
945849856
938962477
924951578
869227797
1064164154
892758853
940112548
957970532
1035723393
1071151973
824714076
962038497
901757305
912963957
882295467
921397394
821240505
858024945
920732718
881726496
938067864
872086157
837698445
899221944
865644830
991111128
861113597
962778932
816182424
987869105
997669136
1026628619
949055633
1069183522
1072247479
831748355
1019113474
1002625617
821181492
982158269
861613624
1069781089
1058971976
897558538
898279028
816944481
893594594
947320021
1053128602
1016878370
1050028959
820299517
950079407
887578761
948787975
881515759
985974015
941993960
871659222
990717987
947263541
894801904
933488240
857844830
992647306
1041649846
1043898351
950316018
829965888
941441647
982783576
1002078164
924747389
827083612
1047566580
827607556
1043780416
1069924023
825665918
940777498
964956477
956238296
860644585
894686284
1060096660
968534027
960342106
958511426
943481270
1019051261
1029706285
821603325
813834849
1058831319
938771037
814651190
1033429492
811174128
1065612893
1036215777
843935582
1006242813
1072578497
824339555
931664718
848562083
847161373
1047029685
908992645
976058891
863484431
906125570
1040843116
1045921094
824493837
962262991
948733446
908946071
1019307003
992597526
958778615
957806682
884513839
977678907
981539195
1058120283
837554772
917081996
974287777
880217293
808731941
973905055
1003364326
929599942
864533456
999540683
840584280
982758275
845378651
1070333664
932373630
1013532651
1056148371
925788087
1041602912
984418095
869735282
1023779825
836566857
968513714
826469808
1031112622
829697333
1059883078
987669113
839095536
975862003
860772750
842122154
1073230318
974822168
811647667
988009920
937510684
811498852
898805643
936309343
923758059
1051796484
826184271
828910704
896687704
836069686
848646580
1003364249
906761027
873502790
1066159195
891305504
888460862
926426936
976611801
1034515922
868291862
809605878
926754818
992948716
966131181
979906688
863318736
816050211
1028072801
905963161
1031279186
937905102
975870862
813971484
985298630
998297894
855477466
985371857
970357106
828600778
835712660
1053250568
956710805
912810253
913822218
879312497
842862868
978469419
941493407
864186431
825226080
884115115
891483819
971003513
1035510168
822309749
810929543
1031997276
920324478
892654729
935390107
866837905
872248555
981253201
1013441344
847532782
894086130
889077957
1065419961
932331260
827568953
843187011
810898683
889194423
934582472
945548980
903034163
1059550223
957289345
806290112
1051131329
1062708601
925291434
934753255
1056810775
867482173
871306351
809139162
886740206
1068236861
938343492
821758209
817128350
902193286
911059201
858013185
958139247
879275346
1064452813
918446688
984730795
848315467
1014469596
852029110
1028482018
989137802
993904849
1017221040
971909271
815492149
1051070513
970838917
1065265892
809659563
1007040087
814201400
891475580
855464478
868764884
1001703639
917920065
807278639
920253275
949766392
830599460
927113996
934278582
882565618
995223942
928182909
905045257
1072721582
930252360
938777777
966328555
1028643992
959090330
887183318
827831063
954435320
990878888
944560380
1048234596
958736263
984109205
1022892936
826018407
908321202
1023471143
984912633
994067680
834606553
841878432
954494636
971395600
835247755
1008482587
1033553245
1014062685
1060494685
903555673
820266857
1013776844
812089492
929688787
1072575434
853483540
894383138
980647846
970324119
956540472
912023164
816386134
884482146
877025141
872224062
959051333
1062335906
1064364818
992704163
1049102741
868641931
936771116
934085018
967080632
809329357
881952362
995913304
1060924094
816175638
1045784617
932601062
1019557737
934081640
1042097283
1015631533
997611151
877456297
915027422
890221650
858345006
971735755
931403097
1067910284
1051561647
1039732402
1062402570
1061876238
966862895
1069540427
860608546
888445928
1040511931
856901858
824442244
1070462453
985332445
1000937914
873033429
861549486
826383643
838305916
964991893
1044251102
984549494
1027925961
898121925
834237359
886621999
949778034
864397184
944506615
944086794
922896517
880055518
915109917
976988183
888942296
1071851419
889155114
935825204
905388756
828066081
885316784
891614246
1066264135
993720604
840386328
839159330
942181098
992362326
956125672
1036940893
997210271
1011749039
971915453
826249519
964922167
842679900
870794344
988588634
852757504
847955991
976539107
1034328153
1049883415
1003885855
1029108863
922329940
1035147386
992489349
1050217049
810703733
1014114002
843533853
860760142
958017859
927932699
957183938
821565677
894964830
882187998
1047219714
839506995
1018513190
961650739
815808565
1050867245
1022969763
854024624
940549120
965417828
1032582391
920873890
842875145
1023242628
1029474776
1059044761
861274910
984193280
1056912889
1060877035
1042253261
948275231
1001135290
835097464
1058884997
828070987
1051829238
926309235
932940579
811984359
929586176
1052970444
1040379399
808807164
1059831256
823114854
867426452
959300427
826230298
997288412
923788876
929810383
1022262477
817945292
864595347
996869910
914341564
913287068
835053539
1008991648
837765329
860635657
1044097468
1017393328
977748464
873197620
981594694
968380390
944867608
825087596
835413574
810697791
992567562
865368435
1051816768
820029042
986188286
965503016
900761903
944438069
861719140
968754379
890803583
970593318
919306774
941052016
830493758
830958565
1001303806
812045051
942488561
1055318318
911655289
984141377
1058085112
840888806
939323519
877386184
834982286
1021088571
1048107397
946822686
928070196
1058719370
981716418
824836632
910702696
921088840
1030077973
977032641
952514098
917068581
1068451655
1029695456
1063454628
863603161
1013377404
1052809185
926733769
831038356
808920663
968893616
934265894
886490741
1056843538
1014572933
1001910261
1029863549
939566512
934970963
1024004213
1008795651
914510398
857833366
973943925
894832869
984970066
954142192
972118254
814353288
820492012
1010494633
1023570356
849630297
830540939
948866944
1008449386
919018580
1013122133
808122028
952437783
982700313
913166960
955369395
945818198
1036128647
895973138
877842770
852845587
888016553
1037256377
1026174458
949944606
924491602
873153940
1017828440
935513723
977847026
911627177
877741430
940881470
960222318
888440030
811137734
1024910552
876191105
908212086
1058488849
1039443537
844874047
852422776
877900087
1003143893
929901275
808703692
949760164
1059743885
814891454
867066941
861657745
939585136
995489274
916967138
1037150416
915652042
814409806
867345488
935493838
823463645
829404621
980822172
982433136
911962725
961109444
860495428
1021959262
992946219
899735584
874782309
883177229
879853752
1052751060
1017299062
945121981
935589447
813554589
894408338
831788260
817883994
858444054
994638301
971894245
949473429
891710088
827954904
938708219
998182603
1048701077
817573047
908415703
1063769868
958826839
937511340
1070566333
1010440190
1038159724
1072707224
925025368
1067423896
1014159933
1024696665
936923504
846543828
855388910
1051808907
822772993
876710437
1064947522
871137261
872860425
989016527
1007607875
951008882
965379915
866124036
842514851
993500662
1019158572
808607252
995216498
1018314449
1065152915
948452129
862750323
1065530587
871235203
872603946
867795525
981057829
949116280
1036756337
881492038
805677795
951034746
1054723130
906647352
1018193143
968868139
894614572
888501188
926523936
878903377
885057777
837449854
882959103
1047014384
897580561
897718066
942919467
1026543827
1036416341
1028769331
970651559
999698347
921674753
934112053
859524094
885406959
983216221
1041711588
937284242
1052996138
867108304
1033773908
1024160562
998511998
1047074436
864786593
950133390
1068554769
1009926929
963366863
948777301
1031133597
1035587467
829132630
1031228805
990393677
982225937
986671995
971809542
1073258649
875535479
981576691
1066813208
864341968
881400162
847214302
978647365
1026208111
895198128
832497061
855722634
1004482129
870996895
851624677
887272070
913901779
1019715408
863697788
925962494
1006254196
1035187840
889823640
846184853
922640941
879872485
862993899
932973878
808290880
863047337
894494474
830351305
912011414
818696332
912649906
953508748
977152362
924207445
900879824
928320341
866255511
955071615
901569357
886527331
894615751
903047055
1057324370
850680119
807759453
956761801
1072297654
818852404
875049585
892191523
924735489
819220784
1037134220
860239243
1034324980
1037460647
1020128778
1065797352
841056555
869068904
1022908023
979889223
991084781
1061664250
1073341215
1057084680
810932674
901650598
1015583475
825490954
813752107
1049263287
807434053
964129575
1004772610
950436793
859417149
951007216
987163156
887522166
954980564
996728860
1073455341
966705435
838282875
1008250914
1009947087
1059183766
861027088
922456087
916775520
1058893457
1044596524
1026865450
1065989130
974810195
957114204
1018289984
859921040
894253941
806817932
1060575572
872517880
1019690535
883219010
1048293505
1007166654
1010596658
997671894
921506584
957043321
925419354
976584146
926999163
969142532
1017755635
860338172
1049146190
949133465
904155211
825608105
1038181788
1063500887
841793616
1003537224
874490647
993539595
882992904
855629005
1060942289
1027471841
934094173
896610841
941445914
966019446
871779472
861083097
1014795115
1063634193
1004509460
1035857012
970937947
909457715
1006591984
929307648
949810857
870679843
1064914181
878975956
830362503
817967707
1042295124
941521745
919510155
842219214
902298566
876157832
1047901906
986590337
975892981
974941916
830751798
986489162
970641046
853436691
943689612
913108611
1057437625
888460774
975737784
972028044
969480882
900357875
912095403
1052863961
953195419
902028606
998884014
883220866
1002760642
842667657
852106909
1036335765
990594623
982300157
1003022406
1060861004
983361149
905453655
1014234340
833390521
810171016
880763935
1006036422
1048954397
997477021
910597232
810983620
994396702
1023335976
817932347
928543391
840760542
882074631
1023448517
958507053
964382163
839167427
824985286
1000737311
935690275
825057034
808325127
1053311350
984738577
948375368
906068884
952961564
935536916
902435928
959624336
879154359
825782772
962438146
1061913438
807821965
948073427
866441525
1003811213
961900430
998930210
1045296975
871429452
995668939
909816115
977216284
863227036
914325433
877266535
875065541
940353723
994167191
915425223
883042318
885741222
1006813499
1030856470
878527264
867140065
993834619
1013041080
934753313
952534116
956573013
1049597716
1055101764
999284846
969856124
1065127358
955941597
921687187
944380357
863132500
843045238
833629803
1004725752
1036656425
865017856
928112494
823047740
1044540852
1024534951
926329228
884884627
808435056
837381369
946752053
919681510
955946811
894300295
993541769
875044454
837995997
914325250
835661041
833856657
885679545
829585542
1026644491
951400499
932380619
1006128167
1068589126
1045032650
890541629
819199590
915133426
956921743
912133237
951053589
1018763918
990442310
894593444
850199713
1065368508
1025177491
963817500
957642466
1059780228
1042077946
809389926
898075716
845993427
1014503307
926458363
1058669294
1047005354
1017836596
1031677424
930050111
913465327
854459518
1017432374
893560816
935265995
1022681323
1049095234
850686392
1068370452
1044097938
816532869
1020851581
1030028800
826774052
921415212
882355866
1050703517
1030322616
823846320
861184259
935799833
1016524061
967394506
888620157
868277114
940021424
951918301
867285204
863591975
1029743204
907987359
878135928
958446042
956684536
863360941
1000339504
951304970
938176406
930142257
875348845
871798295
938294136
997378781
962995413
846833834
972807490
995188867
886466849
894800020
1000374535
949407314
1023226374
832741019
999513406
1024460393
1034231947
969858962
897285204
1051112094
868755936
807295241
814091180
1012330479
835643414
908671646
834200959
1042342233
1031247973
830952973
1022359179
1009931160
807853525
1006952703
1064739165
910333682
1001210569
1000172823
1048229986
808903267
837967455
1071685055
860305469
927131839
854474523
1009995082
829554902
850715384
942828808
1045840126
813892641
946624684
1019332891
868602111
811765333
985486391
872165223
930567345
886680843
983260001
895111188
929042343
962965168
1000391956
992546980
1030989813
940476624
847330053
1022981687
1063955770
865822280
808429287
1035689608
973902761
827911637
1064120792
942273766
981123617
957122238
1016549664
1046160099
841417752
878492324
952993853
972910118
861307213
967774521
835519292
1068101336
1012140269
874521353
996366461
930818639
1025442120
968758379
936661961
986130091
953379652
873623589
973655273
964036013
994472802
851811705
932631702
842018351
879860143
1053777812
928802530
941933597
850111848
950753971
830000128
813862139
905235098
893041018
1072359389
827667579
1012278595
809657870
996486038
1042945954
956534174
1032144426
814121916
849928194
969414103
1065553071
1000694747
967773658
850588677
916178895
833657523
965669251
965046554
1033275237
924088998
1023797938
1056844522
911250902
906383876
1064551230
946395404
904789744
869652474
819354643
852506736
868905022
861310307
1023267389
835835792
972589876
949621563
915300010
1073161725
839657308
822011294
819755510
1031695350
868053879
968282364
1033660425
916556294
982252166
842455199
865652257
905903982
1060895845
850756783
937597484
833213125
846377858
812506793
973374412
984302833
926863007
932661275
956125889
941850261
995000942
830204869
890928103
1002268771
880655558
837514948
852875055
920560533
840635942
935249180
926776096
927447654
826909687
1035360838
965534833
838982455
1040973221
999172945
1066635176
864610811
813566136
938505269
976928986
1063517007
844208898
848829850
855475502
936174313
859176022
1036178772
949317114
978412784
1054912060
844550917
1032624050
1019606550
846158897
810953901
826472390
879660442
986022500
898232694
860915190
983131281
922342301
1022406355
969275212
1062338311
1014947300
992236407
1041641503
950564002
970158013
848549126
949650674
1019091741
807497371
856283749
867493401
845272766
990602283
912582140
932951744
824863712
893051739
829005676
884657354
1042291134
987130765
815539033
895804200
1001324343
815843896
834651916
1052633089
937687053
865819062
901071056
978388649
1054317701
807886825
917622115
911186991
887353271
913503416
831704808
841646510
969331349
946922823
817545411
817533560
974345231
1023506147
934865365
866999448
960821592
1027362432
1073466246
1003714997
992956446
1065755994
1057169299
889571886
972593027
898712855
824516117
1040340187
958544999
828265115
924966429
1069645493
1027150341
893730636
806133043
1061135626
1042332106
817576274
958462994
813617987
820858091
923978632
917966321
873345876
905826297
861812048
828993549
938664989
825907730
997578690
1065393545
947116498
853046930
1001786321
888142781
939708551
854217626
992764722
821340018
927971895
968578537
987944733
1047508635
939735887
836258670
1046973985
935749816
902364504
825227074
858088952
1060280932
979427505
930819094
987588615
894744956
1040043385
930612908
994399637
886289355
934864216
945962774
1064339698
847701880
856120216
1011382905
945203528
1040842569
963671647
948864998
940127546
1069675965
848608571
1068377236
841041329
869322140
1013985247
866577056
1003523171
853822065
938498215
933446638
933354021
1050366180
915797456
846027926
857899399
822998283
946002193
838766963
1059110017
871608531
829090410
1052372204
921234141
1034804911
1013291826
841044648
989191589
953666263
879507925
950621968
825836965
854414787
938590545
991489415
1039781848
924473821
944083371
1072577507
1025880244
877600951
826941643
948955471
990500349
1019820784
995364378
884854558
1034181833
1004495840
857216606
846413767
944472343
950818872
1021811131
1073205282
892110621
808305467
831869967
873124947
1009736764
1030238949
878206632
940302729
818937147
914132009
849860578
999629922
834545873
814965692
1059341230
994170896
897576444
961908974
805612488
982329930
1034947401
947015625
820492924
865693523
975540443
826557122
1066648871
951552741
917412879
1017331475
839773682
1049763942
934003378
927211304
896544250
872439560
930151523
991239527
829077272
862319984
982493892
1043576764
839591971
816545916
977948731
933293202
892470409
1001412671
1036357501
1035957966
956510343
916227745
1069431239
945406649
1001668787
980381168
923415931
999530812
1052927634
1012983276
926847540
1009685237
1057300960
839775521
948116347
946577328
889592172
850352093
891270846
874162212
936041120
1020379740
954650660
1050125993
986797480
828182277
866123500
1045921484
825728009
857439284
1011161527
870212626
941126634
944543945
941396392
916822625
1016819893
886283145
830409063
928886599
881520786
843011308
860693685
968358020
1009665900
1040417168
986639757
996753379
877515895
808170010
1036059924
968121481
985121654
835596280
898365077
1010665531
928627376
894172189
1070626737
959520219
827370560
984167753
1024453940
1061442380
1056204307
905820150
922753815
1013973310
949558988
828737853
821639116
997009321
1002319761
948612303
886400941
872004752
893315736
835421846
805359168
854421237
1055588553
1008553308
918868463
904237361
807904431
905958947
1045739549
1068183906
830516407
820618576
1009933623
879259622
912258611
838983921
940118238
899393295
835581576
1036634071
888789338
949630463
844526349
992212134
894453229
998715622
1032310898
1002722534
899478285
840494555
846982611
813153594
962916773
912256657
913694348
989214763
1057383742
1017780654
863325794
860536132
1004669723
823381481
1062645629
960616009
927336844
1037964520
1054410384
927436374
888518175
953707787
1072394021
971357593
1014854615
999230374
1071721673
1070902176
885024438
914198623
850056981
932670965
981286877
936910618
984422221
921754567
949445500
834190859
992225481
1068545197
865585467
876326303
943081154
961940351
991822821
967642007
1050911509
988850504
838128628
1016191744
1037979377
991811413
1008527133
820023208
1007543720
1032842477
1043214788
1034182304
845507396
890802889
862816530
818558797
810807939
979187264
895032585
897161794
892661859
890265956
1068285116
1021086507
1034773791
845300463
1015223242
1009700241
863866367
1038041227
993527154
1040156265
944705406
1069572841
1031579045
1046409757
962474786
977919282
1052691973
908206710
945086531
1003423595
1014631771
929774656
843584441
835807504
873897696
986634738
887264299
1007895676
923518408
885729161
857062817
874611163
984046144
824915070
842198705
892214638
1071788930
848144563
990539530
924679680
837770406
989452665
927761774
1008066681
879268864
935803106
1004115458
918250454
917637582
897618841
808826436
845818295
821023044
931848623
954906605
1010117815
918751716
832265867
892084123
916821739
857906693
979189540
829846083
956017767
1068867319
901785859
1068818404
957105645
831503004
1055617431
892709195
813696528
1044442741
906573107
1001582619
817475941
1049557071
1014641238
949827786
966361415
946419637
816826578
942107630
1059697193
806524346
856240714
948491978
932439187
1033900215
1035316411
852229270
849828158
820529187
987703274
987027538
899234027
1072273611
867846206
904885651
852191449
1060914731
997176439
920642593
986566371
943459587
1028669676
827933301
954006658
929939544
1044430053
931353917
930478541
871651400
1020090599
1021696252
848637952
1008113507
902328665
879748542
919068257
829397666
964628821
927943716
1040913649
862061797
980509132
981115973
917195121
984580528
1068202069
1002273183
897966423
834338990
844915368
1039470021
907157844
888672481
911644335
981575010
820537449
941007975
1016258845
810221444
875428368
1046385508
892941057
877345574
1050247581
816235717
818461540
981530785
1038335823
823690209
957002062
814992014
810413964
919382565
948438577
1040584134
951764309
903251660
931183160
1014888413
848371086
1005534067
853705833
1059778303
888061862
805377119
896532723
922024117
1034017459
899760296
969076557
972044122
836647895
937805760
1063883283
831732621
904478062
840736493
954029446
1047093211
989865684
1010749186
884384009
843946383
810740864
855813737
964837891
988009906
952332969
1023820868
853989201
1053785421
982847658
1029502789
1071269452
989491212
807553704
888651384
1002985222
1001408788
991643839
1013524769
1006909057
939008557
946654679
1015620646
1037506695
937596230
1040472184
929149241
1045586979
1051866226
964241746
854595121
973980451
1001746101
903721021
1013291268
940470206
816232991
906950686
922115699
1017457464
816742872
847826379
1032439277
845529757
1030049951
1013750270
973595353
917498505
1048663582
939212177
1027466747
926127423
1064905928
1040218946
860978457
888291640
921220130
1065277233
1012092910
914639060
1028368380
949929692
839331718
1038127978
942370481
821399522
902255602
995336058
993184003
1048403114
915628487
844632803
931687203
865915303
1037578532
823601912
1002915745
1060484089
948221458
1037591829
1069851665
988751176
838674638
936364133
842669025
981597550
938031454
817062871
806188142
943092556
881980391
951154095
837952034
966979401
976637065
881339780
813700663
866556615
983989009
813372430
815808150
934750736
1033810407
983533698
1036404641
943801874
942623891
1018033635
986651113
812807498
836847734
851231935
807719259
936834715
1056630874
978255331
954450559
1025983489
922561777
953808009
999979543
897242774
849572270
974851342
887362286
823508976
1040736006
930837599
951210701
888310241
859484551
1034546342
814425538
946498549
1016979950
1039827496
926210647
833725750
1047007330
986806351
875341097
916750420
874372747
849895435
1030484139
944689636
1068614638
1010170541
1002503062
1020138859
811119840
880523092
1004994671
965055967
814900034
858469252
923962218
970896691
958448473
985297529
1047049765
998032418
909399163
1045950580
861202106
903930970
996204359
1062129305
1063520139
1067437624
940624477
991888329
970885820
1038297659
846530139
860670720
1026620907
1062095862
954842423
838194736
993414708
819363888
954558596
1008485614
993267931
842997894
866639820
839512983
833734642
986131048
1037433622
953558537
882172501
870428618
994047791
942246075
1044535257
881880603
944276853
988770757
1006556001
808275789
924372927
967528268
1048826753
969400862
1012338573
818221344
1065601579
950408828
1029246241
902513519
886858658
960454492
1060419737
920487858
997770079
862698247
1016418752
912521128
1030164580
877540400
1036903340
936143363
1063654765
829224391
813809797
828093937
944690415
817951438
946565136
1017561968
861752796
852419527
1052562494
994987005
844626378
862031367
877243754
893103683
1063094780
837639445
985223084
838692013
1064694284
1026823570
854463888
946935374
977463678
1046368720
913873972
1001504873
923595676
984131067
823261262
943667825
1052532237
817886338
893565324
974434935
1018585768
981780208
882076165
1017372837
997428465
978195499
870278985
1018711212
897529388
925028542
1032403128
857612490
1066718688
829755883
894715087
871088877
959085832
1054038387
896202267
1002896293
1001037375
1002815079
977604558
906100771
809073360
831675032
1066224453
864674085
828761221
914530788
1069657873
976505331
1004413562
1051338199
846527218
1063193900
907371321
848828293
879262298
1023352886
1072340137
900192475
871999418
901163997
899968904
1064592261
1061257436
817695221
989698221
983556667
968738156
810997378
820176952
808952853
980727690
1018750865
845333919
953878160
918618784
810213771
1026356160
1042074327
1050192954
1056035190
838320569
1010802095
963934141
1013316941
1064074566
936253301
943208828
807237593
832932970
852669762
845472271
870401674
905209771
853800453
948801803
855576281
923645663
871970581
920375994
1034140676
968303675
903544086
823343599
983602783
926638576
1020265191
991316968
1059242207
912368619
880335133
828780853
1066765244
831119634
1066389335
827667476
851222551
940635175
1007296057
868184550
827650042
1035278054
950867272
887114433
968189358
891627167
869951691
1005704361
945731463
1015580749
1062855131
928849822
915243850
999193043
863942459
922619034
1018822292
1032654900
947745655
994129769
818075286
954356844
1006231036
816434094
808545120
1019130383
883420712
982886515
915294853
1056008259
841176603
855289213
973825546
862979570
929536866
825121956
1039046956
1015839365
993224352
906773990
840554118
953107894
978300924
1067976396
1022425339
946766117
972329256
998711680
934490649
910228625
923539611
972830616
976683344
990164898
877003708
994774675
1044722419
981150540
926927178
942075032
948077276
1026768894
865732061
873567121
977180286
1025127438
920363999
1008168808
940137111
1017824015
1066660056
846897280
1067609140
1015437735
1004265852
875630144
858885029
841799127
996396747
977636965
1018170807
925435032
1042611238
888814588
886651211
940258909
827904231
978607794
966596336
991863712
971272858
956751268
985780281
941344844
1017818905
930253773
990006005
998846355
1019849420
1049506572
836624198
885396205
891996778
1029931877
829718741
1017332874
956590843
931596042
948012886
899469048
895121891
832937331
982971322
1016909131
1053971063
847562859
890269299
1026887639
979564819
923939883
840868208
1030234585
852432167
1004194566
996021887
869571041
1071700919
892873521
924860171
926978411
926696729
1036643702
885416515
1036742495
1066339742
1058279865
932955229
1055940699
855396792
953279450
941991421
920192308
1057048757
904720654
859219242
925426434
849708968
820425033
985081329
807538589
821991745
997675932
1064838172
837598942
1030487548
845526320
1009961399
808270856
940808156
935771243
1007049259
912691433
954785046
1037693557
1063704854
856190980
1069531803
984977274
904126287
808021979
1043357020
879289036
979013756
840464002
1025712379
1058549732
951028552
974568653
983774163
885456132
925665497
903095191
976553434
932186333
807118424
852958743
996088222
963783456
1042382008
945481311
897063082
1043427179
875233578
958150012
1042073952
1022781735
1025237774
892202979
1008295735
861661888
919617417
1015219294
841182201
924929815
829138399
1064089061
845365411
872906381
1031831910
1030294778
1057592152
1054304243
1019512702
887506839
909496491
854975877
821561917
953355801
914365252
972763236
927406665
834542569
964125281
847424726
1041132751
859428378
858523995
981036184
918873260
924653221
815735846
856271876
1057813315
1020654194
1011534424
993355992
1044642214
840642353
1048687726
916840946
930415204
893557145
1006934580
1047196255
1050698633
834418935
901401189
904277212
1020693245
838118445
841461047
1054381647
897593130
845784610
859435637
861022564
898869756
845816526
974166030
827234585
971462076
816866089
906819995
1041852427
997040699
918276691
908836741
845904709
939956789
1006155886
909503682
845374718
951558777
1004592103
890236738
1029169832
1069459642
943653635
864082803
980583337
810224614
1032262117
807150591
900077690
869324421
1062373424
930025931
853619958
926317822
940042345
999731768
874481506
873644345
1071607123
871768649
850408530
814219250
972110484
826268558
841947122
914185123
1059484069
830514899
828442741
834250165
849344421
1016017437
950377150
1008269886
968370538
902422654
814837463
1031971150
820470415
1051649861
1017143109
814779242
920721251
994687447
906666105
952065951
982634800
921117398
1058839902
854147374
814683142
848969545
849210288
1064363594
1071687588
951351572
945794687
889555234
876926211
947547894
1044285960
848993102
1072237357
840953013
942323811
850381093
1050286835
908249295
883395300
895086341
971803971
962320659
1060384667
930453291
1010307180
905543244
1018848257
1044070795
901415843
1016449533
807399716
936520914
1044003317
951443235
809229661
1042815772
879601740
861440567
821570476
1024937830
818376042
918168284
962996124
823111926
814649336
996702893
890187561
819045155
1046029912
1073525880
922216005
885323881
883085737
893196486
1052327186
1038131369
968688130
969341674
1003016325
845433459
834894009
811401774
898939982
1010009050
907880979
980594884
891660288
848920288
810285593
897016936
1018744838
987187625
972281248
890673481
897014421
1000976381
973221309
996520020
954794187
877047951
954443300
913064103
842748709
896509233
1068364292
879801909
1032458069
836922929
1051325457
830332078
1067450190
953809479
1010926536
845246954
1069367476
1061662183
824089910
966503700
862231957
885414411
898277797
917822494
877242763
1059048058
965762374
856740225
1011761691
957546784
815920946
929313854
1064246127
949421433
951760872
806420052
959196711
868299435
1048001562
957469121
939407785
1026286343
1045254854
847998031
1009798557
915565194
1064182732
1027635664
906050108
928301564
911860244
887857849
947136206
873753463
888566084
915273603
1061103490
879405395
957105940
840664016
872991229
1039613006
829350866
1070389968
1018069973
894179983
889470882
1064395801
1065540511
976110355
978838368
907538020
851071730
830703662
901002730
985179013
1073229135
940536485
970136220
856301387
999718031
1053319523
820910745
1059848520
1052439451
822816677
840366962
981741623
817108911
865625578
873951071
1057146927
1021734248
956467100
1031588823
901552668
1066335390
883188899
830934050
864926326
1051281808
945774309
1048271545
806896156
1055436427
890905592
1022097696
936063734
886225050
823942600
1024238229
973900570
1071086660
832246317
959094113
940644447
1017165920
950441695
954911691
974516900
877534304
1005409801
867313236
846996080
932573412
986674159
975331355
946658185
1014211210
979224834
936994202
1045318347
954728230
881569954
1027011275
1039049639
1055862033
876454079
811903587
974586050
1020955619
1013187962
965065842
991353190
890940229
1033927923
850217361
876492087
964175546
835743201
839355597
963827997
871583335
893162439
997515621
925750864
870063752
975863510
846838610
999593182
1049433453
843069514
941715504
875730687
816537471
1020809230
1021399317
998430135
946572068
857764420
925342507
988157055
895369334
982920886
1020838642
954370393
1070524103
1031791913
893007692
982396491
835257945
925566038
868025256
877674973
994117932
1008098840
1050485609
1040500881
898272134
1019206499
878348047
966374270
906215182
939964309
857978413
945861614
1073356759
994170141
856250779
832769070
995387815
1059403068
1050649996
899666350
1027674765
1005419922
846090070
1069511555
1056367259
923365162
986155528
913768762
940631441
977437894
984508338
839503474
885162571
877076737
839841005
862609954
897591164
817542537
1056461734
1004597971
996072846
876473755
1021747582
847691052
897523732
966382405
963019787
1024690080
895000170
916749848
949030832
872166620
904214337
891650489
983891510
889105709
919246999
865751302
936572272
1057023547
929093171
948113805
969253181
851973909
891972174
872035481
910492862
1059876744
811198594
1037790259
1004774561
840602169
831946889
993083652
833682737
868565651
930650791
865792727
1015338636
1039951709
871976915
1053881731
853878209
950971663
946190114
1068728347
857482108
874060290
871809860
939396056
856965888
849352566
1065179919
973271947
860926380
929320915
854519850
880332181
910243489
984994471
1029372466
955072449
1038270990
977766469
929214824
872392776
1055036977
882321227
1005457418
914798377
840887895
970904481
810081932
913876273
860996954
1053965873
888639180
1042807446
842879376
1071655432
1032693994
872853090
969451424
1062773388
807979242
947753495
915693196
1063783778
923373759
908256632
869295558
828120161
1044259403
928636002
898506337
1025917761
1032211530
915950427
940868043
1006057164
991432102
930565983
933392244
827890532
899280690
966188943
1025584368
979373997
909959883
851982439
851812489
931688542
874373423
969267985
1057273575
844112213
867516850
852436429
1002699223
890236069
920619818
927145652
1072704855
909454923
952967286
847567372
999840507
961588592
1062058619
838275998
917488492
1036116147
877445465
997743696
997941442
894901299
831158856
874055988
962951101
946542805
927957153
904695049
849948726
1012101077
1066256813
831479558
963145831
1043694042
998082682
862230995
1067387367
807617219
1032636697
896411263
1030910805
1028532479
856602878
1020919308
1004873169
858924682
1054137358
858345798
1062955944
815499282
844983162
822366965
1050464178
878363567
960837578
942087728
1060849993
1013912230
942260016
951375229
829506992
1057315260
1070165709
929271728
817898769
812302613
863596066
1035277650
892826286
872805931
896303694
956811693
938776619
906408773
950183234
1054946615
907095963
812043701
850920777
941660622
811205376
1014910780
1002654400
951425842
866989748
1073720690
1004138722
1050610211
1043980837
1034559132
889338756
929030210
953987620
1064983933
1006470367
947255864
831730038
976960283
881430650
979496047
813081969
966581894
913933862
939933223
1061989603
887383404
1000674241
983756668
1004317740
1021956956
805701998
961607425
874134042
940025902
928912996
1031311809
845018892
968436652
1006116590
972872401
1018492875
919978408
819281894
1016717224
883101867
1030321068
959111405
977144694
863913005
853868488
826539496
981520513
936271267
896240565
869146415
909093696
1026566712
1047978288
936728209
822748552
942373515
956752627
1054932170
949699187
913917498
873457745
900763359
839810094
928381739
1068431931
1036612243
947824407
898609679
972813175
984087692
906847656
852589320
855241270
1053069697
1013414289
834757902
826179397
1007894596
1004524414
911395161
946844959
904757953
1006227018
1055682153
967395273
1009330445
814164049
1055035144
1070875222
1038626775
955453653
944324521
947788804
924182012
832894252
825103754
1055968666
849937380
1072143763
817355947
1071316536
932697094
841464266
1064376277
839627435
814802101
820547570
843962081
1021631741
932225302
927038099
961748761
1065452113
954026818
1026016825
1057322515
939172912
849666869
950206648
810190646
1001805855
944211697
898168640
878317674
977182499
900962686
1057916892
1055109043
852749739
1005620215
849610226
1063496522
914411917
986667451
881564628
983948290
989803821
869964923
912842619
919436797
1031230292
895397295
938138927
1068411027
945568847
885916803
894872483
865514479
953727881
852143683
1065657832
929565729
905327961
967892420
936364947
880725916
978749519
932391614
839724428
853075402
980052334
912142606
878617277
816210330
965678937
939109610
1004838528
949754604
1013262617
902587179
820280522
1041414574
1038220744
855799356
979917117
870887839
840360315
1002026337
896858266
817475176
854153255
973277679
1042354635
868366515
1027607597
913670800
901510166
1022357797
1034187411
977891981
967785344
879296595
1034976713
883580944
987373262
1018149198
939147147
828312663
824748280
821040924
910626416
988921233
1070043808
1060615652
929728122
985932961
913401522
944835210
824571068
843385073
921994387
1068850987
850243097
978690945
902382833
881280430
1014116915
1028844543
899815909
1047214330
977649558
1033999637
933615186
1033482608
1042080114
808279295
829818984
947328792
1034062994
1056494058
851754262
1025247961
877575414
1058045015
950874489
917256491
960454332
993602698
932854602
839834798
967956599
816172554
1060975456
921250466
943475981
873114606
839129203
881361937
913652112
940443152
934454471
889264813
1058007686
903473444
879024067
837400402
1060276529
814800296
977334550
960900523
1038982891
1055324394
994330426
864099308
962048036
914033184
1048161450
807988399
847063116
862488295
932156037
908112039
1001575958
996636403
1016829893
1001737386
982176132
1010975279
885962627
932631393
813013055
895234032
1069298349
986024591
1024812987
926807469
1014079201
1052874167
929165613
1064853225
853683137
879097059
875755682
846310887
1045225603
851644639
983056082
873725259
940566294
857363545
863849416
946609726
967332308
909644999
969359766
1017237362
881600944
931947155
1003073426
901148292
876578630
989873360
1064653460
956075114
847943203
1054443788
1038571714
1055035931
980238814
861199395
950080070
1014120901
1065208816
956082255
995898989
918017044
997225905
1069863024
1050011860
1036090144
853640865
945620618
836870593
903687521
825841127
930246976
867540449
941657824
835906623
888372803
981879724
946255971
843066366
878581439
823772142
871718969
973667581
1054089932
911060133
1013701816
1069186209
1059155622
906455866
938044333
943507661
1071783038
880762853
968441815
864432769
834083843
1041534579
1015680369
1027457701
952723233
896391149
1024182597
909037612
965521425
865916046
997922255
1003282891
837458542
867981324
830055573
1064971870
872444071
879724993
884080413
1053980732
1027273843
880027062
947141060
875619909
861156466
974437800
840066021
979432541
810171024
938390393
954670441
1012136684
935388153
978934804
1048533888
872526783
855511111
821387188
1028109229
894449405
1006332938
1058263815
1047763088
922199559
842295747
960068625
1001254373
938634182
1049172900
1006318645
869655381
809896173
854793990
860116520
981619861
1007189132
809760001
816443623
1011352030
978844985
1020969209
914056295
1000386537
942726108
901486172
944001707
928929414
953972984
991655535
970260286
1022291593
908155417
888854833
992791833
874229278
992251424
1055497984
1043075111
893487961
937188619
821282092
823538947
1007760003
1063323798
893626919
860071294
968063883
1032345673
908493671
893828422
952237444
934204278
990256038
822483067
818637625
808779388
932849124
1068562309
996570809
904044781
964848965
1019540955
935401677
1034258107
968050725
950671264
982738804
1037957201
941229960
945705198
1000915878
966616701
1045752413
906162390
960086446
902654531
838160519
913382931
1043024777
874426618
1009455001
1060372912
1004967452
848961725
855638691
1007006659
821106940
899565650
913688584
1068649883
813694322
1023157440
875927779
834470932
888413488
923189972
1070186942
1055202701
1046567980
993032219
916094598
863941287
879386779
1039217490
827079711
1056647905
1071201869
1048108538
958362782
965994897
990621113
1066021883
1019293019
809647314
967658202
968241079
1055012302
1001482934
817301386
964284746
1043288174
1016392314
1008833190
920521340
971162806
1023129989
928625557
915567786
1065859130
957938623
1002707303
849253838
1045133815
879386862
918087663
960010056
1025333975
849330417
893529677
879704020
826516653
939192147
899097225
1001304768
1007419482
878861760
1035111715
1068242493
862646406
925570336
973800414
891477935
817785615
878276056
1041574115
1026087202
848325839
987449115
1010346266
821141076
944373986
1040498313
1011010430
1071983570
948838505
1003216453
830835503
869902871
949675303
852714403
885612834
958538047
805777473
816309692
890388815
993971155
901563369
944308661
922490054
860246644
920646661
1062458969
929508369
935851152
887565798
1004685495
862024761
993206515
1000758174
971550620
880211997
926160388
1061427230
821419556
847100458
918342237
1035807705
1045257590
849913814
891746539
1067674782
833863566
890729817
1016504019
1011755497
1005362489
831687424
1015386038
1064756255
1060700509
886303400
917450931
822673234
950018660
837530192
875920250
885160578
1008235942
1049613334
817645962
921986425
858985999
825380847
867565023
883156193
1061935006
912467992
957899060
1030111461
806178343
929025834
1034966431
890901563
805617915
1054425023
986488723
831813926
839537889
823136815
951538959
913087193
1004258320
1006264876
1033422349
1064053113
1039507058
850622877
939347567
1048873848
888694340
1051957187
956259434
917906132
870110342
860173706
991922850
938723032
865373381
823080877
846736338
1000742123
1066517343
951878057
951918997
1035740576
863396058
911510280
955907728
886156159
903371825
1037322272
1013180040
1072925486
810521047
809781265
894253380
996210146
1058306991
840142817
930756465
890243044
1009366401
1037126470
967651755
942987377
1063786704
990403761
1019390836
937827108
921543118
882969455
851058053
825031183
879337161
1070491165
1028360718
944496828
808126048
992003843
966653347
982715875
1032830943
851612767
858352901
1073578336
940893229
1018963687
979739479
848770132
1064819937
892159677
900441483
936429312
885718997
985519903
824735521
971228298
825824354
824112871
1010750962
855128504
1028572352
1046661026
1005849684
930420028
806532899
986728689
810683006
956611219
1034919977
1061883361
838158153
834076160
1055626223
900887744
926224471
916292594
922973223
968204106
808415831
995573370
919219491
1063156374
882908279
980814695
968370875
1038003389
1006345169
1002154573
922276366
1046288911
887850901
1003847554
968993063
1063566104
885012586
912945687
824023674
968117895
952980266
891229748
918978215
991414593
872772951
909184235
1031943155
1018830972
953991538
991223762
1013474603
849363025
973234892
908567600
1004937111
829173530
895284288
934359274
1029427182
805561520
967684941
990364420
971092366
973841712
887575142
971646842
832909159
976974555
884544106
1072155835
931546258
872733862
992684848
944493785
863226563
981087718
891935260
828011737
921150283
931142270
832286927
992091335
805466274
896850895
907896871
1017747562
866502236
1042269934
817796938
812624177
815587536
900952303
891405596
916823637
843208694
1061265749
921363626
816853645
830242893
916218368
860841114
817588702
837988524
1072642527
1027875835
1005539321
834505653
980115175
1062129201
908017473
1041521710
1053897677
914823652
1000780421
864422666
817719212
849471393
871508498
923688717
823064902
1044241542
995169124
818610694
1046259837
892871812
872591365
856004986
1063218196
949186397
835122361
1040868926
824030732
1014986666
964036001
832490147
820085674
1066721375
842770288
838444024
825978896
900439739
885642267
867261478
930371346
825858945
1046076864
1048858714
912929146
869756085
1028695552
923828638
924222027
1015906292
944860102
893825662
1044209221
887116242
1045889375
943839235
876312531
842925408
991713136
844036697
895740907
896279279
909933324
891472610
833678745
879430496
1037649826
958919269
1023148261
1024400415
882014614
868735782
825755486
934009325
1010029707
888266860
1039182034
948825572
1024741177
828187643
986677932
846739286
888557324
914304929
970832475
833219571
925975106
865543489
955414314
899961926
817345144
943557255
845185619
833050553
1020545401
855244157
917206144
826174995
1061340875
873620910
1036543426
812311362
962433291
915223832
818451514
808401610
875793833
920911947
833565144
1043667083
974362444
911154154
1016766074
1038532321
970277672
812175221
1066036064
863705873
1067028982
940637803
929021366
987291555
946284612
856016416
1012910834
1002424093
888193530
1039146513
1054565465
817863382
1068883913
949975214
818795329
981542122
858855940
900593037
968536973
949863544
889597944
942380690
919072662
857198550
930016443
967202741
1031118192
821554839
991018784
992411945
1007895688
1056739219
998880009
871688993
1010253173
1016722441
904758542
925330004
1033155779
1040398619
1016064032
922486626
958042888
898243078
852710965
958126607
885598924
889443058
805898649
1005934928
826363408
967390101
866034160
1065816987
1012408123
833922682
899118844
942491588
806584977
999012970
992455488
809119167
897252193
959376380
882615383
949279156
841531646
989177616
862084052
1012828863
879184025
914007568
897664709
918212300
844167587
900105843
923878185
1014525262
806122405
1035866106
912463663
1015997511
982621873
914149334
853793706
829630145
909019840
960552494
987203761
1014516898
1047873666
925546476
1001274196
1004814542
1055365188
1067760634
838454661
887911255
827379411
939173427
816219272
1040199032
911794955
919499573
994825166
870474105
918514220
957921970
1021479048
1062420426
856836396
884559261
1044766067
889270385
1022142759
994650318
988885267
874575947
953622197
1037474920
860660619
1001700012
951326509
821474420
1054065871
955819931
850778244
979486174
1035728909
1017313016
843958424
1051237026
913525894
974099103
853357127
837992323
812139996
891569198
1018841340
1016596409
828552860
933914984
838118713
974393557
1007752278
876431060
981469703
864885831
915446742
1063165161
973594105
879132450
991759049
966494144
1005370267
1068282244
1054549931
971856309
855961767
839948296
886647626
1024217407
871779968
840474345
891103434
979714848
1011948695
1002103617
915228419
970103622
887184745
843946786
1018737963
861749682
890951666
949905541
842522182
1014983840
998828199
908862804
996973395
834447221
827285161
807519063
883954386
968799979
990358498
1017929380
883065897
897113920
901577440
915371889
941312821
899892084
829135322
988655435
954872877
871933635
908996422
851758750
899182627
859510463
1017307307
947925511
831750932
941620822
848343700
868579888
813546758
897888092
917105329
864930044
1001808163
945952900
864403595
857774053
863162550
953012040
942718280
920946164
1031034874
897104966
944295456
871076611
843358522
863855276
1069701039
940489209
896432591
829022430
807432042
812205724
1033034054
917516186
1005717523
932435586
1012850114
1024085767
871007871
880015495
1002667520
912533883
934914897
1063542369
989447971
975602405
857612002
1000356078
869879446
907986758
951674195
852692162
994581752
838206240
856211028
1021474328
943123395
842230363
868899336
968988397
949720478
903459390
899151717
937949614
896167907
894713690
977587508
1060372767
926723376
869608894
886567007
942449866
981427200
994703018
904410855
1037600022
918592917
893363926
878506920
963074355
905987490
863489617
867845175
1011047824
976238570
910984975
841435450
907903441
1068276332
989613261
823438500
889135440
1007298607
1040736600
1047492293
850159123
943889088
842798470
1055571711
816876856
1028998557
894180191
885892320
854794338
869330332
826543964
1008279108
829729395
931212314
984579759
1051350987
922798027
974307501
834184346
877437457
951071499
951339936
1028489705
893640851
1048538639
896232233
902747948
917156820
920196262
977921247
940231746
974264786
811937038
914248138
895889698
960860937
947789468
1033471933
989777843
994555982
892304840
1023335432
915140336
1021006500
1058128868
969675226
1062735861
1069259138
841336786
902994159
923150653
827540779
1027211008
870849981
932208155
989791621
917192531
1053187422
997243907
853756078
944887667
966090296
915743635
904624299
913023909
812600758
823753357
855175451
887505718
1071716594
969856605
999813626
1011131851
835587973
963813430
1026019605
910668195
885493277
1054233883
890025925
998478741
870195843
911431634
904161976
930732751
1008097337
898319190
1040568871
961213290
994174864
862332251
925702403
1070387727
847481203
824697152
959905454
1061092566
867544729
816204010
937736456
976877001
977110097
850483037
1058545227
978864483
855945005
866925679
938877546
983189721
837154973
1031232698
940149062
1056149586
964056230
943769386
1026326512
809705759
991789333
1040170749
847697568
830714024
902958730
1000271346
817399559
908006708
872512598
907599877
948867497
1059595154
912828865
815838968
964083114
969529287
929986688
1068552964
871374793
968152065
960808533
1057947292
896578742
1039401320
860320056
919356856
818834215
909856785
1072921398
978509203
833804400
900965248
1024250273
957871895
1021648936
896916317
906150286
854006150
978807284
879307124
827577854
893091380
852578570
950819374
869618073
891277319
948015584
1060462915
1057705901
903608971
1062304802
964591431
948319766
914826842
980791561
978414734
931814094
873144223
841126678
976569310
949495619
938169851
1066507593
980516227
1029563553
1021461220
1050606972
884620499
1046430320
1035430651
1011453928
1064656432
933778785
891730681
1066914423
987412617
948660799
892783999
1006673933
986846564
1047770939
1020932760
1063411340
824243816
811951309
943387637
1064611213
1069957731
960491429
878516170
1032150350
1069507370
811883850
1001187926
819373555
994754185
1042218880
1047875408
1000343898
871115344
1061449377
856717331
995572762
1055303659
865132740
999695792
884234831
916890430
985629438
910730702
813623647
1050495422
985332882
909576173
815838317
886539546
881391489
818003318
964309589
1071303046
883189738
859606971
964659539
897772758
1014567060
981410945
1045039243
879634153
1030930774
832117188
957777726
829218794
954068418
934675830
813499236
1039364475
906650224
996681256
955280230
1047535319
839181681
887911830
846925490
871254126
903356134
845045579
952292953
827186788
1073371476
1014756489
838671552
937296115
865692353
1021532417
968847265
955597155
892077561
1029941916
1019221717
1053537756
950739955
941231021
1027051849
847744487
998950467
928303504
916849182
853755765
847457723
934003080
982878941
882147709
1058250531
1013075443
945903852
807961951
859806221
1007360295
1016580315
852877124
827598870
995849053
866028271
933631767
1012232210
901236228
1053383858
1034459998
947813333
1045255735
1019057025
1007252235
942749172
808146143
1030213962
1064040221
1073244097
900719486
959991173
883640450
1003399732
1041907260
808686105
1032188055
940199601
844860127
975880620
1026469560
811057272
891310985
1047139269
1066451397
959557279
869027379
924511015
883543761
1054193768
840922048
962442564
879128155
859054478
995758613
822754243
1045505875
806467977
968654565
981266627
856337080
986490942
810801952
1051635132
923629418
1040101517
898925358
1005475810
870872287
808983763
985892163
901179660
964591259
1020413785
955745580
943925715
1058757068
1025991574
846822225
833462119
1021713279
924336896
1060665208
823555883
1000035867
970752416
983745359
876915428
990928370
1033444077
950743862
969760602
983518490
949490314
1048274580
972272900
1066429784
854818912
936731098
810968897
1007220601
863947694
1060134354
910070324
909201773
913466567
808813748
848858342
847273456
921165589
928132921
807858260
959092600
989260271
845396148
991105539
1049230316
809183752
918593778
1025334027
859025281
954481618
862318675
940152232
992950526
929196475
816746340
991314541
1014712479
949292473
1032494053
1071884806
995244591
984095395
809692302
961047455
890637056
854987108
1067298229
1024772968
1052542979
926517025
887656721
912419739
908655037
852622771
882294355
1072101490
967868061
957304568
1043885369
993546527
854625476
1054623036
1017464823
854638138
1045310035
957769600
839879624
836340459
886821694
1051844208
927410912
979862554
898807800
1066335083
991645856
954142440
1002524779
881211881
1066443781
1019530759
990252096
871717261
1059705313
872274646
816536868
878247080
977687374
853541197
992869894
978246229
1055653632
940532297
831334816
987795877
879342065
897195404
928084864
1069524527
862386243
932380880
969524629
1009335532
933919174
913090624
816401438
1068091861
931178590
977176985
965535105
956457695
882670598
940579286
901693046
982454752
1041985763
936186799
815394023
851065365
847864343
1034500895
1067924105
1024112229
1038602402
859412606
1039954052
1037538690
998098933
887818792
845885163
954418388
841562907
1002219110
880615502
872063228
898221650
979397385
993045793
1028649872
963362652
907344709
862906365
1010678108
923227883
962631322
991464717
809629060
965884762
1036875739
852704871
1014791433
826748667
830419531
1025514816
858453688
1038715704
1072548613
972330335
1021787711
983672391
940477746
881040485
905003214
1025528283
823859209
1034319787
847142991
996529154
1029073831
911543631
899863140
927481927
867122633
811413833
904547342
958262643
1009005090
891710640
1040205452
834576091
854423705
956020292
873611417
998723238
1039258672
867244802
880863459
912782567
862211183
914836165
1064728304
990859285
1037941958
806178204
809214655
868188627
849887169
1057357546
1032177372
1051083502
862821968
822044474
854178656
1036791135
852090110
894056281
938089243
947073910
986028845
944790863
1055874848
925295723
1053616801
981575257
991099005
874592191
952177474
824872062
961567457
1058784576
998184759
890744328
867544834
1034202299
891025636
1066374858
850641111
1025882214
880075780
818494258
1060846078
844127713
975627090
854623545
1023605345
924842322
896196329
886851095
1070971599
893950610
884143310
1037901665
1014823942
1047690021
903073003
1029014122
1014832444
1055750244
1018833887
892857883
852780714
971747123
846331584
837404183
920112599
807431099
812603302
1028307082
1014113638
1050056719
1010800586
810414297
836057543
831548851
1007514310
955478985
1071017436
939803195
891266825
822642782
1035063713
982649428
963252432
926061727
941288157
1055511674
1037017189
824522092
833495952
957815696
842880124
881865403
984804185
1047177993
1027089230
1041507205
920667636
825620291
928065796
1047224755
1015593105
824016507
1052997746
861164963
987859899
819490932
985140321
1003222688
1036376187
979466041
970301904
936090562
889814730
811222792
1011479630
1055991556
1018989295
1024777783
1046402628
939182378
809791356
988185184
985665607
963619762
828358277
836890580
855544322
1004145063
963061431
1014510998
823855665
899589663
994224695
809484971
1010618302
1071315880
930882047
914999120
1022475919
1037219400
882626281
910677022
1003511244
1054963298
978911188
882801481
864855804
849472798
858816507
857499098
998898157
972055774
1062345245
1055548680
970011382
1040548577
1054490305
1003000309
1035406787
1036094049
819002917
937948122
880294847
973899689
1035085903
880637125
861540328
1052129499
1057062208
1071429450
970902964
902620479
844482321
872406422
978291476
841777424
952813261
805885954
1008236293
912780407
909515710
1048957886
959699624
934308109
859074277
991651169
820065427
1029380676
944007828
944576456
1061067287
848258709
865291254
1006250618
876744777
824762715
906214076
831456352
924235068
1056304679
973078317
811131811
943600883
965008673
832959495
862050221
941458747
831743233
825567685
989366003
890914252
960642377
997375359
1040561602
968180114
932558541
980674798
1043355355
1070775922
946578279
906074214
1024028699
954906348
834890649
1013456810
1057577400
977105427
1021782720
994676545
971508084
815283764
886382250
836334016
882883717
947747608
915843780
947544191
938714355
950395235
832791665
952705259
816589361
1053875541
1055845576
953476372
826172090
1013187949
833240485
950639362
1010994250
918609058
852654801
923664441
834047971
853479580
978701588
977823439
1014293358
959303313
902521299
1062828392
1039763654
1072674572
1043773440
905560071
894499193
926129412
940305326
846794345
943741684
934600525
949160812
1060731974
897913858
912601804
974921574
900432461
990720519
849830204
904883465
843726823
1028066963
917068951
829580880
808139379
991527643
1052270822
839155652
946061896
869035977
1048153855
957428467
825118932
1051623773
1061021566
1044936825
980954987
833914801
1027986380
890110813
954101276
957790272
1060415063
864099428
1070834335
1069215595
953532873
1016349736
1047057724
972884159
973904685
976809055
880283284
807538873
814611914
879868138
941180363
881382314
1055103738
846992797
900570649
862111665
894658388
943954694
881092204
842600096
933563910
996371659
841197224
885499765
1042011982
988069242
978197905
858858487
807318707
857358668
1026506381
1013661249
934723950
976992363
876738932
982338252
822003107
941831219
961734356
1066835783
973750044
985062689
1056209263
905616283
817193033
1038951451
807307069
897844085
1036955844
849121356
874458737
874154628
1020864621
981827448
1010066904
835376978
1064838850
915930840
861931802
881226272
995893089
1044767190
920193781
1000991605
958186453
817096875
1019810446
957361395
871386387
838737480
902865810
1070696176
821102351
894934859
975319247
945378890
851262006
950148088
862585640
879085772
835396644
877839388
974147578
988361998
1066116719
999851068
1020711304
906260224
1027103374
1059328322
997361993
833939481
923773294
821222432
911013946
938732585
824120125
960160853
835847098
913454279
1060319354
977137767
1003698720
1021290198
1005939531
838854751
913958798
886452176
823100143
982082650
982622725
971639466
913734656
913330498
807907130
982110388
909250830
833033136
1032502452
1038377604
996511170
1049997180
946437803
843480179
1043169491
912366899
899317482
882189275
866690875
914674114
997428668
879881447
955175613
825286088
894021040
1066269016
917675654
866836324
837549957
1056031733
1041737520
884075791
952612708
949130740
1048310732
910397059
857424504
808810159
847125769
970660357
853449020
1056627467
906659573
879261289
1071630934
1000761811
859933080
823998607
861924679
1010127953
839947530
940357873
962655424
1015424982
1072354450
1012176234
913901684
826208017
820717009
845819413
924485643
1014734169
927386516
1052549272
1000797895
992365359
859171525
1058638369
906408970
850033914
1042674961
1008449450
830375962
942794059
979484148
991382427
943206866
988764330
857406023
1050384658
919327520
840921311
919145227
810553209
879644102
999497735
856659566
807571721
981868123
1043044859
948278337
921527567
1070680457
1025229771
824216337
992511469
813199084
833399544
1033249465
835388311
864421792
986474834
838509226
831669341
958072900
814940304
855198681
988255474
975445027
1019691801
916591991
998603964
1051881757
818320703
1008883160
878942501
1065864489
835128739
1000158466
1028846480
910987243
855983477
1009557443
852787766
982278444
863724467
1048814135
1005115517
932873221
996624967
993788138
820585371
927714465
1047826437
966122264
881363415
981439307
1008373444
897941414
1056734567
1068056562
821247915
950713330
1057714570
886463120
929672428
1023018456
943659746
1070708333
1004598908
922389525
899567855
849755797
887531378
829789470
1033783935
1041804933
1071073203
838445069
935052100
823174682
933026442
981004122
843162792
826409100
948634517
1066871700
845398297
899094920
817299989
964049803
932783054
1031793035
844500721
830625812
825883151
953841065
992105523
868240414
883126744
959410222
873119723
838979323
1047600898
1017442220
998013607
858085465
858858460
958958314
861693808
1039506301
855422974
933077460
1069895831
1005638512
865078045
946970972
880042661
958181436
828152686
815593904
1040692465
1062201472
819523614
810769642
805647013
979137500
938224294
835534587
857357339
939753371
876440492
933399707
939246778
1021887946
866509873
835066679
996818522
880278939
853087724
879136966
888732840
883473524
1060417233
1015120373
1037227311
821367137
847882111
1057242100
1043984523
887223239
851783793
1009600349
872323414
991776788
926285895
942767536
1040878644
840922076
937164933
914997738
917740200
807737848
989789254
810896885
1065332222
890878530
883660544
978810158
884040117
982419690
842726280
1071266454
905744365
912857344
935292754
894106314
997777860
831825726
1056908844
836030424
1003768205
890162523
1030602182
950622029
954576885
943443957
965447659
893130839
1064142876
1023995970
1036410513
972608583
931799719
807261014
829231598
947319270
942671101
899641804
821621635
891967935
892058483
894343836
869486906
947313777
1040560693
812140132
968994658
845661659
1040089136
831930817
893796625
947012341
863152400
951540449
849775104
911984422
1004833797
929576343
880738213
1059868582
820666221
965253201
937920227
886342899
860254122
920783529
927053677
896160738
862520930
1006036954
839240679
856629452
911098777
940170566
835067102
923727702
853470429
846975399
968112524
954096856
912290610
991092402
867828972
887457419
826500504
1061340425
1026009434
1034003808
820562061
1027784831
866327914
917529361
847326235
866403606
910608820
987985680
977635164
876878551
1059435246
835351256
852589038
890429071
986915787
860851988
1024504901
904463317
929668650
979423459
994727107
837418353
856642449
842420129
1061200187
835525867
1001767152
941049354
1053368399
856048669
1001395879
874365982
1027562538
962206304
900438036
926310721
856362150
1065851912
890103437
967765432
827986679
999890129
957051271
906016580
823785514
1034663107
878480887
861982609
1063677204
910785164
1009624901
1032949726
829827121
1050909573
934099262
838277833
994598824
883763816
981339110
958757225
1064955082
1040900055
821951395
956577839
960354599
956127460
857927761
861920167
1035341991
831160439
926045784
1015920658
827860089
1044611845
838793939
827148501
867872074
806412344
1065079697
988090710
829142826
932654964
976301553
1009249827
887430305
1019243150
908945403
1044178004
1042227343
834973079
839878160
1035478005
910447949
1026690207
966670273
910604535
955129132
1021079589
823212567
911789397
997950635
1037140665
831618950
992782355
975090128
878696635
1007969683
972519215
936226045
899081874
974455135
839267073
1024592377
985386652
844951629
831007055
975344369
1002369614
870201961
1031457051
930061888
813797769
984583279
843768679
1061969996
857817661
1068338907
839132256
966342543
964788050
991908605
1035237952
917149098
1034459081
986430978
883230065
949129204
837346073
876905564
1010021143
1057451402
1068127568
860999285
822243116
928307921
1022826085
869800008
1040699006
974395456
915137652
1038054458
1042441622
875088541
900561894
921776895
923128748
1053204226
1027398315
833128464
901714488
1015597374
1004421821
957467524
1016579238
896183963
844930844
1027835087
912279805
927178403
1069368115
1043429215
992223047
948940104
944652449
917053556
1068210020
959759101
817152632
888869358
812076165
996209373
856655416
812145028
974767106
972745935
1004201635
938944652
903259500
1002359297
936007746
942249570
840564131
948558715
859732000
859638473
963207702
858342556
1044517743
1037062923
974113738
891953423
860356843
877178645
967386841
922759549
1034585573
1011380272
847014100
848826953
1018202819
962917131
1029617546
989176264
911717349
807295129
812533576
969339202
883889763
938456928
911544229
955605489
912848554
857437301
932672751
820360702
1028098477
1039248455
944499277
861739730
1042251366
932139548
881964109
875955936
935052196
989931207
948894280
998915064
1040276005
820890726
918432934
1033194881
841680646
1007152723
821519299
818726364
1004141538
1007961292
934478623
912775141
811127132
838596433
828841955
914601119
894602919
822683309
1040027204
899113640
847469489
998356702
975909514
939206516
922685538
1055848986
1053833862
895920388
1034592555
992188087
1071556382
1016709608
1058424484
1040444426
870896790
907875663
1048732711
858377260
867730843
857202695
900018522
841333113
987623116
928158540
1042254566
888866612
983686679
953258442
962138320
853960622
857297309
980058691
927317898
967230829
1002976029
809462232
906610863
906194895
1008316805
921486294
916165906
931691972
919015216
861726446
1045056592
1028611924
954800843
1043811626
868845238
1009335164
893631341
1043381998
807071562
1043349002
816420376
976270411
858024650
944241444
1020869960
998060932
1017791086
1005604483
907509461
1059762277
807740736
1003672021
846739491
903909505
879550550
1046009155
829550713
820381989
835045717
1029021587
865926095
932531076
991779684
1053669914
884619334
834962520
984393808
1073667800
860205781
869093272
1060862610
1060702725
971932862
871618127
913538759
1001434696
829661265
843855210
883707807
838884846
932460579
978359407
955915188
969083080
953653489
993151812
832169263
889389512
853980356
916712531
856521797
1064367018
1048290367
905141696
889574823
859993254
1006567218
980694702
1036283178
844878545
982877663
980961997
918104860
925771623
862795776
809904643
859890940
909359536
873879527
970361939
955482385
987307627
932354855
936573256
882673449
1061099321
1029593377
888723055
885451047
821484430
992281826
1045583501
996865776
949584872
1035589510
900205682
1053634219
836668839
835615177
931212155
999822742
864666159
892214273
888415469
866205751
837475406
1052264249
887661361
993586756
869333310
857634604
869287774
980522749
903413215
962091033
862692662
1017501148
954862915
1005168490
922843182
952266564
841994459
945451189
848503976
965864386
997353016
1005119255
926945325
884833618
919353614
981488494
811922998
889370450
838762930
1070185726
1057880402
1000864113
896425281
1037566858
931978897
954878144
985201187
833142914
1010363724
1010168784
889256209
1031260276
863913749
1066266917
944193230
883535724
1049413296
877628984
927476866
974353574
964922973
1044202524
971394609
942021106
981779083
977624566
953076862
1018041675
1073203213
1047580985
1048613454
1000875713
985158710
882220437
998670910
982057242
819750070
910971042
1073283516
1034797955
878370096
843279424
1044533258
849623059
916768293
953175653
980902540
1067744575
1054392582
962296161
1018459486
904991258
1067510777
815851371
875987228
925317708
987637136
1003520006
941562822
1063265285
832680302
853252718
869158570
873333708
1036285503
911577912
957960971
968898435
856038773
962429123
873569024
971832369
1064234645
1073127717
928284716
873708693
849856973
843203801
920102873
1072606020
979873074
866767978
883668490
973952279
838426329
856019501
929360509
1004948648
935928803
991845838
950573117
870494870
843217935
819889445
917929438
1038694420
887552961
1059930811
1064957585
887551666
877583561
841443328
1047951707
898044350
1001830611
920380538
805355853
864790190
913968316
829214695
849870244
864417070
1009364041
817477563
1067003420
1058381896
1036866666
1034165767
1001440326
911471051
1059235055
1024129394
1068560416
917161656
857998293
901784155
974541025
927443753
1041912954
940526359
901205047
1043690164
865340016
962309257
913256068
984736074
853874470
873806060
1041676985
807519371
935088883
937949286
1024271511
825117311
918825686
912716915
827118037
901385405
907283622
957769436
849174840
862954174
882900031
972777224
981736751
879610439
898243487
845090478
1071469250
871845377
1001793985
1022665377
907080671
848906370
867712654
851392514
996018122
905849273
1047568973
1040122062
1060278239
1006940542
921134771
910366798
1068373473
905573012
829634130
983651243
983057994
810366931
940541344
1055433676
958782303
1002049359
955362876
923924314
927565573
1012597495
857996777
871781775
1036732168
979307485
968042329
887829866
904368884
1061265006
1063400576
947067330
940932823
935775805
861540258
824831243
869751236
991102668
1030914736
872163048
842096637
863060750
1046468917
999776960
927777141
831276099
930676882
1005962255
926268922
992421215
980249170
831997107
921202229
1017772256
873249437
1058610244
1006164984
834768252
1059058962
981254424
961756643
885815622
858169538
962141368
867027146
1055933448
1040421334
976597864
832836281
874212505
1072392094
968731993
954274005
994131815
1045635227
873779618
897271523
886284845
950619421
1002858332
949776173
813278764
878558074
1039477260
953509015
892123743
926133465
998380075
880050829
977567725
960554337
814778215
941213319
1031439005
972953839
866769444
946249066
1001239435
1059922265
831342863
1059815965
991365344
917099574
951902507
936482354
822852718
1064350973
807814787
1059864749
879739500
1046627510
1030589145
853986711
844013629
843506139
879373977
807278935
965391227
1065977650
1017576951
824670890
979545718
966607844
863314902
1020354806
866022115
964086216
964144172
999546070
937303678
1063743093
848374589
931143040
884992302
873734105
892085672
845555075
810471915
967231908
829585632
874930461
816725574
919056751
864492768
989273057
808098165
936535310
883467954
898341508
965340841
949849115
834221833
997094883
975930882
843603243
1041378347
971798383
884857918
947829037
978460373
997367703
930853631
835170201
1002056769
906967891
828471241
976329977
844850489
838732537
940707829
852602387
817600358
930976343
967273225
823289621
896612498
807535957
877881982
831525773
810701562
824827969
828549828
872485507
1015204333
959388456
959555805
906655486
994979201
981486525
857343194
963427232
874795032
921778067
1014082129
918073421
884918323
1070685904
946381720
864480853
925355720
925327071
826498187
960403465
1040124372
1025070895
843171644
1067631531
1028145981
925535934
962235494
850998672
1030179339
1054152829
1072463896
1015870049
1064274106
1008073194
955057785
927691451
886824699
882599443
1026795526
1059642631
951203748
876748195
887687771
876554747
990501069
945597191
950114162
1023043062
954744462
947465754
983322051
878279403
920476416
1002922623
915898027
807646901
920055526
866939474
895332374
958457274
972067172
896074965
837092040
928078791
877490242
1046449050
967281845
909451770
1024855763
856082143
864846209
818835478
995324129
883067202
991908353
968381051
813769534
1039700744
1058092434
806180430
892106250
956771176
928412050
900250137
929031676
970183264
1006729254
910807110
863875199
882136772
879244919
940539532
1041916599
1019898704
934291871
997560852
931841599
930846036
963595129
864641013
887434545
824232245
851719395
924038887
835643966
1018566293
810444674
842623146
821990135
924758732
1024977581
824773357
908164279
878757320
996129443
834803141
944363542
1051673846
984276674
1060655129
1023096397
998708098
1073413472
1019395306
921337052
976878059
957492612
1034479290
1052087242
904630138
884242195
981993520
831430417
905526295
968457345
934992812
856826229
887690505
834614421
969421588
1047716389
915312273
1005651561
805767107
962498499
809717798
1010303310
932156529
951990085
988919111
1029218264
975477536
1005494668
985304216
845483059
1040976401
950931017
1067746573
852459007
982073499
1036953554
865896469
826571378
850673175
885332775
925387131
873859605
828613422
843150030
905585839
947416516
949050715
929523744
896585352
966168111
883833368
835429793
998308624
1032912270
1073387267
904951131
886644561
1018258949
1037365520
900343421
842064728
913495902
926945400
861250318
1021338952
914305770
1024247560
899677096
835418209
1023409846
1031438932
1031966267
869962699
1049254461
918746486
836687065
919968376
942165974
1036518161
837129438
1060006403
875465025
1058439237
955208649
910325117
1033137239
836328856
1043887078
870522731
930861622
982670801
890779802
886292696
912764454
864680393
827788134
918281292
995754187
866059817
983270649
1058189492
877172006
842217215
805544374
1064343877
806401976
879558965
908141137
970043583
970512441
813921214
956253973
864554369
820082438
1046687098
838287731
850951209
904264768
1012287419
912625185
943133239
1069766264
930990320
1058660180
937381886
841541394
957664942
1041089707
821001165
1028985720
1015638559
1053241416
925624855
1011125439
972869383
1010386302
969434138
930117683
1019862849
985887131
884459431
879587022
852552458
962570182
993620126
1073148861
945834906
1000317189
970498663
1012743674
1037217404
941351536
964932900
819205793
834888474
822601151
992503643
887811028
1045863819
814047217
897957128
1036946720
941411607
832977837
957523384
1032946327
1072653554
998411129
1003979867
1022263819
816460265
874535203
851311778
1044660027
972045564
1062173686
995357153
856944215
920964783
903548583
872939737
920244349
973188052
993790094
1044116483
930600313
864721902
940152709
881975335
917985139
989526080
956783762
963170588
937686872
909066990
932447425
936832721
861855263
970275091
828091279
1026275673
817956049
810244294
989759845
903951480
969771316
1001354464
810849784
883833589
957876507
861827022
1058681797
998315754
831775034
859307282
916383976
865085601
838765689
903870054
807877365
883282915
896289353
1004027177
996550388
814661545
988975352
1051930710
858964325
980994968
820747840
837359016
1054912454
1057789212
1045921197
962905912
1055924065
853312421
884931103
840130962
921319653
877203085
815792405
1022469330
899644791
926552313
969097280
1052281758
985065627
814210919
934791426
992293319
974280414
815917226
1045261809
906041707
917399285
867682674
882913754
1003165386
1047670216
960571364
992913023
938937912
871536249
996020364
1024349727
1066886458
1052121344
998605476
851438092
882688802
824523593
853714692
842243910
841250991
1053315280
900290777
866158307
1055124047
942983076
923226133
1034172124
930925354
927212450
1057448511
1059964321
1068370434
882622046
1003942522
887208455
896478387
942003874
941025865
1050044038
930081282
909241747
864780914
929594636
860067899
1055131427
861265171
1047867956
809685024
846332947
1047742978
1022437298
866380589
1032626346
995194464
843592274
1032680119
1035267488
1058408516
1067693368
860565164
971984084
1057189976
910829936
956043014
846807805
943069723
924522335
852271684
970257989
1003396511
991410895
891460419
1043569679
972147518
879979370
992091484
818091159
1026273267
817469673
894757962
943142710
813520364
1049311655
1006275972
1047340833
895164714
828869508
851768638
912681256
972769836
972897163
1031089325
992230754
957461644
975917235
918981434
933667945
977244106
824290022
862325938
933359858
887702111
1041094730
881478208
1003212325
880289688
845086536
949749677
895312721
1056576762
939885828
1045539067
861748536
908359218
956529502
901598563
1041790139
949950177
954216884
816528830
977809335
808354640
848023611
902597325
860315830
1053257628
1017375451
1011178982
1019607337
869600962
807397735
1013830547
1002580163
960668805
841671492
984477185
981833186
812664949
813751007
855728334
1044998280
881140622
821044552
887447482
1007229550
964802789
963702523
886861553
869015523
1043918797
1013568922
953715512
873540774
1032193437
915466315
986168218
1030645961
859379698
1067404779
1073642434
916426915
1015801944
821569596
926594714
880047620
835387998
981572384
894723910
1042493223
827972852
968529440
814011360
1036531054
1049663151
919467785
854931702
989126919
806818269
1048511948
848524995
929833566
962983766
918372394
894590242
1013821627
817651792
917025961
1051293559
976058094
845056162
950848034
1027462508
985539352
895339588
930805315
941375910
934904737
931771015
858665151
837883308
884954919
981897326
1026532387
840484397
986596952
871893864
995433991
1018786790
1011912173
936086423
903575539
1037512027
946582047
844272640
1071104039
1003770728
975741592
1065831347
960423749
1073162369
1025398080
918795265
999419113
832182732
1000260866
896049016
806009179
1049127837
1030709639
1013127318
976226105
928891315
940338109
1048622464
820485637
826861496
916109772
1010347135
977704204
857558983
975783810
831544736
847717018
995732228
1062455878
941003086
959147138
855052417
1035242120
1052400304
991288301
962094767
966653686
920008468
867924731
894838658
961354218
863803196
1019253653
912667430
1023589029
933886772
997970384
989022868
945922522
860247413
1030884328
810812713
968069900
1005259217
983396342
1002121357
811047540
887299559
958486196
832562881
959107240
1051015155
1057535746
909805783
806187368
1007047662
933216326
985006250
1055699906
834093358
1009118321
870156882
972934925
914221427
951721759
1039663983
852916121
982966411
806340838
1002595148
1066130378
948625089
934484036
1065180672
1060480155
1032036398
854126670
867938909
1049502818
909724523
889274870
1045431805
1066890336
1052783860
833987285
936302150
886520764
949827057
1064863362
1013182937
1047501996
972444087
990842348
1025278821
1009855388
942407111
966356608
948716845
914899280
893209433
1033156003
1058609366
821289888
1005812065
875427831
922648757
881733719
837497153
932789698
1045176559
1042918417
838523194
1066073467
1051552133
808481945
852531275
1046283980
998676049
1038177567
1066947295
844267396
981663410
1019402426
816602373
981844960
810435506
826733428
1042141996
891285393
900555409
957007868
863797974
809421535
807679364
991793660
960490519
1048938592
985601024
979324686
944420573
968687075
953877380
921851521
897503032
942377460
950773444
986561025
849607243
939696955
819797895
950597967
905520746
955706831
982926292
939013525
974381770
834786076
891745185
882955153
1000905447
890562096
920465080
848339877
826765142
1012097172
817552554
842525944
956333702
1003179926
1030536869
977604577
1047829339
931738612
968753135
962791460
857724008
857366836
909905829
858491002
946891757
827391780
1012391525
809167105
936055666
812179432
1013113749
996177715
1072408549
875322524
1047008566
857213708
949087650
933280372
1043849109
898747549
1041959552
1045831732
817393270
1014808623
908063762
900443907
842647427
820632706
844871983
951022257
844516452
992138580
1023663934
1046062097
870825544
1027522317
991106766
955614565
951591190
865153112
863860400
813790750
1036532909
825957389
990738780
1047423256
823663978
939301627
1018379700
809767155
967503434
913853717
1043773292
966599343
1008266272
952126963
805741996
872445184
1042770912
852921607
1037927968
805646582
842377459
828904963
846730718
825071325
882152223
878481330
950757908
807506051
839370650
958730115
909029979
851445583
858481026
922631933
854338702
890792338
1064278570
933009640
986116458
846574867
898236374
943774596
1056102804
939083423
