776527615
568715680
540711378
653863735
749740868
603480640
588518356
748489739
554360797
775420474
705963588
679999655
558796685
769128871
784509727
647531093
655878460
608152665
646045854
770912194
714083719
738433552
718218741
783695018
580632217
786498228
723042778
743856128
705135877
749324588
572323817
633962713
584112432
788313784
777376715
577980244
583931577
575291924
590522215
577298451
577552200
746588825
635384859
601553088
537869197
724850258
618332249
579782453
793507096
658019612
546453335
641111172
582758707
757325143
647662620
539914506
763423795
590559930
716260119
632963193
541418016
634025275
539999017
572469455
636574811
797600076
600678679
744055445
728107973
590460317
745834796
648447732
779384972
568953429
777901246
791306553
788271277
686561896
781769544
669328680
748351641
790838407
576291319
617388230
704217815
570769537
552421407
775023535
679215315
797334683
641573601
732621182
711757694
717719484
741799284
602772244
634992599
555130165
552960049
560555792
570787101
642254188
683095238
565354190
604326731
585213081
685127622
792585732
589065465
755966558
552295510
613742209
659350654
599544052
786182399
617860441
662851933
788423180
579867536
663054468
797924680
565504224
662765373
744589338
622101274
692762546
536994021
701851732
634525258
695299227
628397475
794805650
722905077
764043273
637445903
543178912
732902006
720845804
753657665
767397449
684291735
652189394
606207820
708402664
577977939
563707797
666051807
654731133
656100643
757312119
712584403
740715518
625402711
609556573
769192835
708450475
771721792
760972466
605727449
582331078
621044944
733600044
796773224
767053505
546947001
662737462
746144309
734913422
571874448
542259199
656578047
775528209
633281902
581215555
600099418
649570777
606829071
710837077
788672889
778032824
661743363
574346500
582252483
548940537
564638138
670581266
651958324
555137103
714021657
722223854
696583797
781297591
777093636
587663631
635723073
803210682
673146726
663272121
784135248
781946191
628992353
606410655
590775277
756991186
756624606
730908438
749985422
704273568
639004345
630527825
582083225
621756594
791493900
593410667
665073871
726911855
747166611
618959660
801638060
739467853
713174450
561485941
787938105
674046956
726001820
781353638
754193160
569848927
795574466
715165719
668848694
783625458
761763934
734611877
691383468
715264796
641417869
581602069
538361131
749442110
771566708
552278001
726224795
759682703
735471096
679586407
642566216
586946063
796587936
708710457
682524052
602657817
772029067
768707735
619726363
732559558
788615931
561999024
549428355
553552408
744133706
586941835
752562506
600295864
618723721
736292124
614484002
688714462
745674189
581214507
651723720
655101905
546794190
607171532
654715517
685389015
713944119
793913845
649487403
655669411
755667475
636975024
672534924
610255401
581353372
708427737
565014577
746063852
643017606
804098694
598454693
776051716
739379589
760009010
775877730
619634825
792834270
655213725
549426888
756916933
704662635
749548513
653862266
764924639
708608496
547095085
568476666
654496239
555345448
756459830
796780187
638712423
765141368
760275537
765840367
654554864
641751085
558494524
609873096
606963235
690590095
611150298
731409791
766508518
715939209
794087431
548746105
716814275
654423879
591224573
560094406
589196996
609474215
769865987
588189040
744354861
801302237
630377199
665613217
792789655
675417603
731017005
613540636
634816251
731990754
751767598
593911380
666200273
610024513
798850108
625564391
787386930
771131849
559376404
615240217
575684435
673573394
728110022
724518845
752555440
699650812
654024239
688652957
546897917
667136528
647067696
564591544
703422779
597612430
687983832
651058114
582375191
558609008
731061033
632642644
660241685
736168861
552333612
704948406
764965273
804750962
586392736
609150645
616357912
549534782
707028972
545380159
680373697
723981932
693783102
707478807
633848554
669372223
572686725
707942115
594722373
722205124
785395273
585488004
558310805
747046644
703495747
727507592
714275485
800012933
775368340
723132536
629792670
561817880
746064667
675965754
758335306
613924870
575145166
564116911
764912121
569533968
742557187
699531324
647444752
717035904
675532858
795534242
646069468
722899040
796602906
656886320
544238957
627755906
763558947
643948358
608805517
664906623
671736175
573668576
758299123
631326039
565974657
676247775
560117797
594062626
771874537
546994481
728675327
665004972
799632237
609614252
761355062
693361914
790089811
712001846
595512196
620764355
791797852
653396478
655103821
773147021
546291601
768415772
749735656
610849370
600324778
566323965
759085420
736501393
747706873
578351756
687045929
735141638
740008350
631967366
672447263
710127624
715714934
691369745
659640395
616382593
585740005
703375296
708003769
592982745
580944406
580123374
699418369
552836835
719478630
742014450
690066674
682330366
618393949
703199965
626305463
625302838
600283530
773466600
691799517
784086145
764759163
556310714
805238628
792170539
791010641
732655866
574894787
654705053
684933490
663872854
592519809
722208028
721176549
715050392
544352487
617980017
760025615
791195601
733663467
600869248
676923390
633220782
711621130
679440750
613626621
663334259
688801840
582894508
746630386
707942149
636705486
628498112
797271700
757087542
738637590
567011042
561053683
727532895
584611789
585876041
624128869
715255803
792938840
584541656
594155046
742083072
763410018
796784755
732294258
753062760
783798241
703088416
595317775
635192039
787063928
588661990
601240502
619984558
690956000
714361115
573079146
584680931
628293397
627311487
623291509
687150428
558369919
747474513
764051077
796147509
781870321
619163433
620836466
583175798
662058729
574770600
694213149
777883730
799191217
625087182
539599305
542217094
718699036
690851803
549487605
694003350
692794346
608139286
638624031
697885186
553812727
707026019
729630634
668184534
602041229
634908597
608378607
765056611
749259743
784467718
647197810
756602505
650691084
743369897
579431101
556798817
581059190
588782189
619997493
659296174
656553348
607341616
601331408
676996175
635626042
636439642
798061435
573418899
564987627
605891598
675526065
703748056
660760189
759104115
706275675
743419347
633408860
591787937
615679280
551821425
702058328
803975314
710338827
751313366
736627162
590811350
708360597
599889130
754697783
644422046
545071748
772497288
730384480
667894840
622173488
672925576
667274684
682260246
702616260
678039364
804326811
799783722
740865566
554692686
612609783
646188040
778571889
610502969
638543620
644061620
542921403
676059703
709783220
601917386
720421009
698084456
602330628
610191725
559731044
715312210
679802142
694523833
784217109
569073987
625854964
744776821
773190382
724567108
791434551
776627534
714225584
540304540
617912918
796199275
718465355
795160651
665558938
795705653
604283146
780505429
668812892
571083145
699058475
584791880
699494028
637646081
609082087
761891112
586790650
698683780
577115954
604832104
750343960
612514732
646298993
645570369
767161941
781127442
702918188
573479595
620915308
619731273
780554032
688432231
718037107
770708194
582209900
666052704
631316681
635332574
683853273
754046199
735494619
663426807
547042093
765348304
613947585
578573413
571169540
624679126
682370005
593014710
615883577
538885122
546860316
780291944
713333176
607598723
685163422
776024763
640886410
621592232
684934610
547798148
550834998
776412734
624701040
698909831
537568565
550994841
620840676
785480191
708970160
589510620
694510630
639124824
702116729
592752949
733364290
620358623
726710533
613787065
537627914
640515651
799741845
671506904
697195754
567674072
551960651
681986889
750492465
592880202
804160598
773931427
783046985
718164757
725985079
588445658
776618353
653560513
755664554
602152470
625641207
768868705
755918184
662243246
793564489
690988407
608065013
552349212
733287462
677559416
706672986
746839953
776893324
784133243
684014656
692072553
591608617
766682159
545402938
796862844
699193303
642322254
705434462
646660351
804793989
588742592
782920276
799970132
793727589
713427212
680437525
599802565
667220749
760550513
542191598
568908419
718168929
684345772
634149408
632698885
669076266
614942046
799065258
802750869
775006516
686962695
665863814
625955984
634127941
749924030
653869137
704818476
577385977
725279681
722964291
764226476
778438815
578818558
695063268
595683488
581238554
594894028
601135382
644891062
717874483
592457315
685055770
682514567
603388740
678329551
716676850
795550911
643905891
797978890
540845124
635783307
570640557
597226086
620534107
637341081
565292705
753326306
607176179
543651446
639442467
594642242
637155962
555301687
590780981
702112963
642009086
638020888
791960753
629723906
593335422
785651708
605514256
541079675
635957972
743034186
586706654
542294151
633335987
556161934
793509398
739249518
763248346
546918439
717299149
560185710
749857125
697809366
595828692
783014663
790251775
709603493
732378284
630130036
645801723
554555704
578637845
719883652
560353697
619883175
802556183
749839450
793156842
675691097
634101603
589311308
570845315
728217049
551124113
645710873
662946199
719034691
677565982
757907888
575263228
720843537
703919620
731504873
626215038
736448715
662875585
718634162
756716291
790831838
664377867
714122265
753741179
678551032
732850287
614238362
561385378
551614584
670686268
763276624
745487886
585724667
737928159
664265863
612794346
668952824
540980478
779880563
771121020
737946432
724573130
740667376
680448654
724577439
776316089
757648452
634240629
747577075
575905089
558313604
633656037
727414092
578061345
789590535
628002139
751828477
570966553
769877218
548776691
584537910
574847560
758426142
790431292
697847984
590148562
667585705
598637427
674945496
624582078
639335271
788092237
589912338
754101032
563204239
580822905
576282532
718992184
643877116
580745015
688231875
752384199
764652797
741864669
680917783
678695873
729427347
782790926
799145010
695654701
790532691
688532936
690788069
753697032
579309485
586642052
665068540
625417085
691281092
678037062
782741523
616409797
749863120
773236281
689987812
606562646
773429660
583895123
549015948
747451418
565985507
546845282
672997378
792629330
795241551
574257700
676907874
730089421
657297459
617060181
571493406
696450905
566148356
715380690
762819776
686311857
674680343
729717690
702682884
580244053
746138392
596986867
581465828
708380744
555882272
635422672
566638454
775933593
600427644
804720714
625488361
697075640
598643851
598772858
728749960
734892663
658038745
554211244
557770527
720632228
593800088
621375707
722694260
758724984
768592773
759463326
790871211
703173416
559987274
650224879
749574880
660857323
711577627
799809921
765663874
589022581
705060368
762353647
747888278
751553331
789252572
658920104
689315392
786890280
709641829
709167587
709573109
786197381
623301448
622787492
741371201
788742606
651339877
792361082
719004938
771404078
777227606
643865015
722104573
539289135
567390596
611883651
670885764
618738101
604171240
603461645
696251454
550406675
712295211
559222374
698141677
802694105
646142495
645972521
736742906
612511156
765538752
650974160
744621201
597013886
747574673
755395715
708571758
545486595
778138386
798544699
786322383
802356489
607250599
601344880
538910451
588789216
596716176
676718644
696481377
729943597
589602726
675759046
788859796
616975440
702640158
593627816
542052481
798743870
651008499
771428723
663735014
694393024
680049269
554913014
632145828
653466086
655148094
640624186
678109599
568393304
611644975
702854496
637628742
765853260
660379198
605351721
594365690
611293250
554978092
801599013
610703338
738475328
776688975
614816646
625922689
775188041
623493291
747832772
594957897
744467422
645956683
589273233
584518439
573088002
723640210
800201578
660515299
786425375
749695166
592517516
786402581
676709121
791323690
698008018
683109016
641796094
648854125
743581979
613008031
778281509
576583906
635801288
594716251
573639353
753002272
704581530
597884756
785500547
736798614
663538974
684315173
685746177
649980458
540528547
625233665
633987052
720058237
649555385
614055236
560038686
805253367
740635695
573008507
680443052
772889934
642327332
741674887
585443917
574590511
711592230
781112858
614097439
672407500
692062249
732874114
777377637
625014778
630303937
621557808
690865309
671678221
717761801
753707328
758354077
737347653
800373147
611818013
553365068
537550322
781500298
798459303
613585200
598288271
709187936
559432584
587165613
728491046
783734030
734660956
559194647
566430481
579052123
701402157
729554817
687956358
641160168
568020365
617466700
783643075
792445119
642000373
689983550
561084820
591792135
603908189
714270438
596108907
629697310
673246296
624985083
773129764
798412848
743991147
798035934
563629797
556298824
633129163
648533455
607236597
674339158
550213447
763394600
571573940
742231969
687282280
766236845
750700511
720517497
614329619
696317821
543831276
743648045
748192337
731825839
659839182
614477528
677176936
713654766
588301116
746129063
539028653
731196077
742754984
558655137
796092511
799685721
792823165
727337354
805232768
612343150
708064034
724409907
757461794
655830508
585042378
754194810
662071677
714180606
620959104
792554922
665829788
542584763
540115597
589442246
587591379
692759377
538237207
545755969
659449904
623091689
648356415
638602365
547107854
635087462
757800025
792322131
796763312
564529890
592678169
636233442
739101092
769857669
713784866
778659285
688749946
762614993
606904191
718786432
674063014
579516653
772284562
648594473
669312974
589056177
700765428
778287348
567936105
597491155
678625869
675544463
707973824
738048447
574224375
580778794
653977786
611154980
697621903
581897656
691771211
751181443
599004953
610864543
750455917
760080276
607324363
599711972
750137060
550259048
720695785
702808633
621824543
560464045
653527480
674979907
783902594
803380986
675029925
693382201
718535350
579655921
570908275
653945912
682451470
584993805
549973884
800345465
764698923
776650204
711682971
749482401
730728222
735998709
554684429
572501659
656970112
751863363
697476929
672129509
622985541
631579353
647808840
731987857
581060292
803208672
794763385
792377990
803367452
662142972
624922095
623495725
543208897
564184735
699638728
711323033
550757626
784399672
738937482
753435299
608936204
745797350
575828425
621496592
803633965
595297145
537853030
768365479
728630960
755577206
759319021
651924852
756790889
629584973
542531125
712471527
604169519
692302660
635582965
789856611
663061226
566074316
677168522
539457276
600174584
777290626
727552583
623751282
718734705
604719646
634455218
615611115
541268149
770850404
789220954
574465323
586996667
578722403
800219898
697046773
542665431
708888718
762723824
566777215
566309239
648399058
697846942
780526520
782418248
764672331
583623208
783985547
617019220
751201005
570825656
633456625
671435372
689354361
635066706
666539489
629577666
746545238
801266785
554296859
775778649
665107931
602442609
769113050
766456117
768655741
719971094
542656944
739924061
775312863
700441082
569125541
703613042
640524777
612291622
688060816
543947253
746552656
540271499
646764544
629632856
551699666
582230321
619265226
695557014
720664717
793934454
803547593
725299406
789999708
671751311
712014691
699591214
613108349
671354629
748047687
649356225
568330222
785825895
739615057
663461792
787910612
567842319
770594281
589641151
749581520
562456495
637018178
786945629
705943243
729135734
743781131
594070674
649291129
744942790
572461029
718264874
753682055
575951273
610553658
793161929
654294595
722895955
564922001
599025663
638869119
722981165
791189630
753431825
663956191
609670512
670958741
657346625
631778439
794432272
699408926
771371523
744248322
680304848
754798063
673417771
755118746
631555827
538214687
790827583
549791453
636944531
752876898
736593770
640708732
753572592
790773908
605948496
693513799
732519746
550033939
631164133
732169349
612946898
798571037
689769386
575443358
777576138
552592723
615398010
626443931
684963163
662450043
624032784
628643092
756304958
715479508
732675252
804732313
625672174
540001587
655719285
642331212
726270684
591081082
547459319
777673464
790224635
640891037
761998486
771030270
680051789
704076376
640433614
560766233
632975131
607389939
583056611
635646465
674952875
782883002
644024021
640455562
556438753
804210897
752688793
589373726
551571912
612504541
615835539
606370119
800158522
631696412
569027901
744293878
638705521
711770821
776521628
709107014
605761236
672611135
585369613
602309774
778936325
735891327
607736939
668820813
778717681
686574308
678611438
656744466
537482019
659452182
646490877
643276827
757847038
707102080
672631893
768039696
561804633
599697523
542377787
656980410
616335702
759665149
794477613
706243739
688663953
678537231
581517390
568862311
555460457
685791157
687371490
670442309
769918843
674863718
734037968
662781587
661408527
565870887
705951762
686699313
790361101
793747609
684794880
669743739
745130451
579244415
630237277
625730539
734207153
580733931
545704324
765685426
740019624
685647351
724730465
658151062
688431422
709173406
623486446
592268163
554404350
607894923
762817239
673221543
702798662
750064887
587106907
700707906
737968308
577694305
785713781
576093013
684067224
692740559
691642217
778627653
549020391
684869659
706248784
798088547
675797639
637357577
751059274
610341719
574866881
734318848
565095379
601830265
775312336
798465999
544900487
802497040
713431065
708561664
612571175
712137486
655693557
788790096
799326996
684633466
730095417
714319697
546569123
590364345
553621090
714133550
723514104
636626125
686250223
754304613
547499643
752700164
680963106
700955683
627119212
655015816
549987532
685648167
704672702
598793234
765389682
719144080
659563804
553128304
548544749
777724347
708071950
800021782
609894808
772486218
735022517
548894101
653561774
642714879
578091757
551213205
711282364
680429310
769116266
657146867
777817058
706989694
670029351
661104185
573288195
705910344
767462270
598015202
781073959
570806345
654174960
759187691
774202967
686990920
622389986
802727838
615770302
736361083
603328246
609468741
722851732
800421573
642047250
697553238
700130839
803222830
791524595
631023747
692641560
576105817
539964653
592672721
629722771
642415008
734301577
798988432
764401115
801878021
731114839
544249395
580192026
620356663
556689460
788922513
797041335
776043027
759044433
768457962
709322060
558089698
777145184
774746789
560142840
597959629
615692153
607502569
590851986
571910418
700772556
604499320
738302885
663328310
792067901
709107023
669708338
785041942
687678233
634042262
762155866
685063186
588810273
574182857
539528661
557071685
642535333
757362561
689242022
682814029
703787657
615382282
662509576
708837762
561848230
686247950
543336938
670257020
670340974
726786026
616092526
607580465
758335576
631361593
735761559
767852462
548033998
761917814
635284381
748643974
655341435
553112942
632760435
598063904
788412988
578915220
612149857
670454130
604893312
665517742
773643314
651411029
631321396
805243861
666126454
729104063
539252496
621669216
721948290
804161512
802772367
720463238
572295986
646857310
805053013
717857082
804980331
633558641
566375534
739875943
546816331
737482892
665065366
769985973
687079596
668717382
635143253
717958641
607064051
674209789
682209896
661557040
627239744
678244295
642606784
725174564
710604715
757244732
684926974
558364932
585854624
691451446
803893426
759328359
704703844
626083232
775192472
717941540
628458897
553079098
696939712
758567382
749389853
567484195
576813542
573274348
684014036
609529255
567697821
724774815
712359536
552714502
600998769
576167589
708900643
584071261
728062340
713305600
549054357
731577930
735427614
722996882
734910710
565805091
603293948
636513830
584227218
579733948
629469198
557001942
794740882
682261908
678599478
539417174
699858118
669599152
576261966
765762154
645159247
740480442
670213252
773761785
577723381
681634436
756219313
710229174
757228648
729792641
705157699
617902767
658801358
555536693
563646891
660684398
563642510
643254754
633411552
803105230
745716422
682631455
597875330
629175667
648427093
610750418
686571504
766238378
764019552
707413715
561662395
602186105
797900904
780040651
651402812
616206456
586482989
676705610
607001292
750696169
638095725
789496085
748304508
613408979
721632889
667799330
614943221
697326857
614589536
644430462
574796896
574440099
626960861
723429039
576690737
585556160
751909563
545204109
770079508
608672166
655809670
558744412
684136039
708887064
793583342
724389651
716732120
572933262
573650845
569797023
703261652
798287897
638356559
564287558
707725109
649065946
754237857
644633312
666395136
548748775
794143856
655807070
565700745
581914574
660998391
722832498
783928215
576399800
571384358
738178066
568851166
661681356
671328669
665407579
582531954
768827346
569014066
638490370
547614026
678247749
774434619
666563369
616385697
591952627
543801458
762130858
593726076
769188379
551491388
571467927
772293348
646063880
589827971
572837457
713389571
777309083
559788374
761388366
726625392
687960916
566512708
549584885
601067454
730076968
774653267
625600777
677533047
540166624
711024930
715959212
574767316
699305267
632041193
712995387
797778258
554079189
777217856
658320210
590364214
676380701
743744849
600498833
782573975
663597401
642102087
701702190
778068879
582889035
597883794
581580495
668372185
572988477
790480772
730604462
665016340
609161886
619454845
793954604
578487127
795218053
582540578
793085066
771257759
575272927
615103629
724511734
741090969
658040269
583445385
722737827
656629095
773221891
585513983
595906480
714358071
754767432
673304962
544327873
666911470
593831371
783676026
622730426
706925544
754664499
748669512
701507586
638256736
566219469
783223309
565629860
792975500
740838801
646010119
554943700
667839346
537696854
591040740
695711959
636557140
688445955
665526964
655817796
625651939
589838815
754461791
791758068
564753384
712257373
754458114
670420744
725803703
578380052
761298238
667372648
559897514
548084772
574688190
564859775
717429005
744998673
719320188
751226205
586960978
708116310
700863148
576231266
639426271
775018428
546379135
671108363
802839860
614658983
790873015
604106976
774013044
584215405
804647279
603230368
701882543
748554236
614736810
728573537
709750515
578274833
662961276
709555278
777199964
654000711
666657477
774318946
756359799
561434011
718092601
543412248
578034442
752959949
683135517
616179948
695659288
740878631
586747993
781868237
617851278
708295185
657927461
577527055
799055720
545908519
548523470
718120045
689410019
721081292
789543372
574501675
648983469
701728703
571563520
708484445
555541844
767993509
728701071
571202197
584941974
641424869
679893512
570542116
668500153
707047892
787032844
570691983
794084097
612271524
788904538
571831084
599985456
595818986
596068114
708404737
568713803
572629304
693137215
712353972
691613600
762966319
755662465
641197374
562641183
770367574
652307667
555533303
727107570
579150911
603374212
682701479
635067311
695582063
731629865
791013019
571152512
701778610
665442603
727937635
758055262
611767632
618553781
771804753
790320604
699723992
775858021
681412601
604815442
738997220
614287525
558064683
751043766
783376693
648436037
773860287
772580883
602045952
607053898
642139770
607248654
750372061
742535629
697938949
721861173
636049560
757426921
543755252
717887668
802161080
755494706
645278088
668966968
560349731
616473189
545672648
578773115
568203577
790020595
656832341
734926130
581059697
540776637
745687367
740875990
650078733
716666481
728864029
558289677
553301078
672000641
786097688
782392009
770584012
774684125
551448231
681430128
661403702
566460057
593057714
721775678
761397418
631322024
758540255
789863092
791067530
724655059
760618357
770213352
796189969
658451789
650140580
664692473
777678242
721227054
725188280
539292936
684193892
632940671
582280783
721120772
690477049
680959832
779747908
575749600
697563884
685681592
577230270
633693744
703445185
692397462
650872791
775773059
647660394
566191248
786668551
759614676
719557727
690224150
540658999
612886620
721685648
657150267
574108538
787278179
639288702
537439536
725361788
765253084
736426031
661370854
547139282
786811697
682100486
618497176
632067344
675291487
772637469
629787022
762498395
768257082
550328134
737457649
596868373
646714851
596188805
611839667
718275984
722752648
669271598
799972518
606126440
625752719
622809553
566496742
582020640
712686385
585543544
728668384
671822045
558274190
575822222
771934607
765511780
643070022
769937176
730984214
596372632
706592306
671580411
582986228
574487689
540190336
615321380
568741948
754262779
641974483
724443223
735150613
752471511
588108754
671818228
613863545
802638372
616644048
637300468
662025192
757506457
658600763
802899366
688107641
792526763
663992310
710927726
614880865
626984049
778766103
620493664
799394089
765662572
698753524
592485742
698089787
786988745
601948689
775991688
708551324
618288994
566698597
582211437
656591178
762781545
691014249
697858968
739152872
567448584
587894814
674885778
761997189
789885435
749322718
568059731
602778539
625858836
623229223
694194462
740805178
688671890
737770270
745358921
664481449
546661853
638803553
547401129
717166669
764623026
548268971
766520374
545777343
542224676
604087591
611587367
785144631
579606366
720244914
788448641
616690252
649720206
586191390
717359545
756311034
724291501
709532278
738759400
685473202
677016913
659101888
580627872
564047604
697539238
652552212
607839013
544388298
785076558
585341014
574894443
703343736
624605098
624749479
605357345
679091272
627356487
745626245
625353019
760867478
631448073
663347117
550960865
594996809
566531734
793157313
600566768
750600617
709923689
553455412
716276454
587995617
542176170
692425654
581629239
577773776
662569866
540730481
765389452
776337810
738290204
566598224
678601835
676944652
559566869
613666839
721183071
647520693
767529368
759334975
731938990
766308940
718025927
670584172
620007290
571272376
766536889
622042031
570847036
588086648
659892272
774618351
785576012
764097348
720608795
613267051
697184548
545354695
786579767
696223111
756445836
802560229
629866319
546073639
751860000
615984682
574337547
779457112
762703584
591525679
784698385
601741898
595191147
635568486
637924977
775154776
754699205
588988675
699823922
580999902
631843730
549588886
724125569
601897141
721657338
575938086
585701577
578129938
600336039
643658661
652535546
548599953
788011764
623142002
619642526
554160149
783674343
770172666
789862529
610296221
587296633
752272332
729515066
599040425
624946241
605218801
636821996
734274153
625329271
642801437
780023822
640023826
693611890
699270482
622983198
649155042
736055040
748973191
706353447
700659306
636341923
732006821
547880971
801432947
784258774
603002478
543071298
700843591
671556551
732966413
769187712
601615225
560896765
570032072
569271377
628676695
588599405
781820492
684045788
737715438
725369570
555501091
589846402
594115511
775790354
582261943
665109177
757669844
571948013
719626612
653783791
687462483
567833825
669984097
776657705
584828852
771241328
717528885
767569423
632003538
741789780
655208600
679875396
572649923
755376380
718744173
771211689
565467921
718277199
600525145
719822128
629081370
658255341
626734496
710875228
619789433
682011743
779708949
681259543
588438996
787934960
630035864
760453279
723517380
695973598
571492150
702962312
717900704
760651186
587951504
587914497
552593073
700088203
618018052
614348823
615584732
755430702
747981393
704139506
737965678
549272930
689058489
593171924
674492389
796825679
785558760
747694867
754368144
805077073
725957802
761144204
771376017
784482252
571879621
577857836
666978661
797533589
709300453
760099625
650808325
766688408
727024089
550903789
549271465
703299814
655912080
754216801
620009765
711298151
679147863
709013799
702267850
583514296
672508499
555748387
586514370
692164000
740138691
708023858
647179193
774253432
746230028
778257760
670811173
751647982
650381308
718422871
758667153
746481631
790540162
771994236
572497525
687258675
800926191
649954154
638591534
617451428
605147521
785912056
655290866
764533382
801312175
621756718
549599913
793297320
588681919
792112727
571542883
683280762
567429191
636693743
608477617
683442845
763613651
556340072
776495009
573726001
776244956
626540673
741741970
761058205
560743417
734663094
743393636
726424954
745780872
786976605
725517248
709184741
770439236
739217146
727750909
760421269
666018174
673421644
765235964
598520337
624975381
589297737
771525474
737503117
674699217
804877481
761464378
803099686
719853808
567402147
623398722
682389564
684010702
758957825
750893584
662681371
574122351
696852444
705713068
699937461
798243502
628054364
587527014
589191848
591575381
595242936
539866400
564652029
601239611
765909024
694216406
662577768
559550371
669166349
578661923
732888726
765009008
638097842
568097818
599746343
537754577
603678409
756278311
546719294
778518884
635167615
803515726
800212171
610018506
610574687
758025404
699077402
744162657
589096407
555226500
736401354
634272399
574952878
660910800
539666417
546752277
772377129
645062732
608540243
718625332
747008540
713655253
682711165
590061641
548141793
687401518
657853102
779193911
620930366
562322701
630080489
537087947
577859260
620087965
587666955
661501688
753212540
713869354
776208507
749482958
620460521
744272893
632560465
637235805
793894730
739347736
720833179
772823949
706519146
710728666
763243191
606942000
738919627
546199671
713713584
567960638
726017832
561053587
628804287
655915427
636839688
562527924
601474235
686544151
668867871
578134183
681048128
694464457
660041951
731895834
661386365
621413649
700080943
704459872
581704174
804705869
772304156
689908859
670400461
628712259
559485071
645107637
724299237
728917189
656751033
555277944
663148554
690863910
659018294
598117475
541529297
678131610
644875570
697203975
555135333
755218213
773948453
677189654
787034584
772120689
749511302
717388406
802190909
628028041
628132761
601945749
673577864
649716135
595225495
630922508
698704599
552420862
729137188
730009628
781276081
645402111
566777909
797817371
615957457
646607898
744841651
735269142
722254046
745433660
782597991
618212500
592753157
692776473
635937150
734350182
667820944
703910123
644444660
724550981
583661381
618016253
634569764
792334615
751549258
653647773
540344007
647961978
550871460
716467890
775923827
699061980
748834349
802865598
754814817
713070121
613241878
649037108
578649062
612254144
722723828
577052988
741039233
582167801
715336402
694983555
549106082
799225082
543548382
607850937
665699441
647213123
562102182
662606938
649058475
635171482
563523908
577793019
575847865
642655928
665126370
686924283
599089825
707339539
711728418
540344084
556605894
778382658
691587207
773106455
777677385
579399334
548338495
651970100
541801553
759021367
538272208
634414994
774902227
648101167
653707359
711990425
539991666
787947647
543510686
730869064
614883001
544234118
540426124
607104377
659350128
766757218
758464706
664306362
778773690
621529025
654612567
702900214
790111409
552943656
558957475
664640660
591759491
648048786
608422249
626119618
590734262
674422096
639731914
746847589
787877117
643994864
709029668
648204234
537294085
728982609
798309573
703665318
721280647
749921749
738491489
723082502
663680881
636754022
724241661
626556549
718043213
664165834
755308568
638293929
683227521
582761480
740472292
638843898
768942641
579580699
694043394
686100544
764176930
728902339
570791599
621099510
706013362
658811730
607431112
598320987
576526100
764043537
558490742
769113909
561120425
675413898
744159875
657737987
595489339
637636087
606411163
747750030
720255514
592459653
650576392
592193444
771569990
559102117
623131987
716569870
597386706
597327882
662546245
745516770
569425431
726860987
538427611
718157815
777726623
553148620
730223035
660592134
752984224
797390030
686676116
724519406
544230279
782694240
642426172
590056507
584507662
567011164
566516080
691858448
698396373
646730121
558499158
569399122
601442105
719126066
678780815
563367847
679110152
775710557
619669296
571174142
577763239
561947044
668921529
657287056
747951983
715339897
685514881
540395202
584921415
686544049
683326357
665754575
716552346
763647895
796233874
691943316
753396501
615181995
717624706
722444968
783484636
712305840
620760011
758533867
793010795
635595413
538917936
780738738
539881129
546942530
706551024
805287325
733876913
775096239
599219313
667670631
554190335
554977832
683268871
589833300
748851667
720231394
545972649
570029400
593285804
753124473
632505743
713833066
608514500
755569131
603686611
692300816
803781754
706937602
697998950
554018074
766800729
780846850
687742210
764207541
734548789
640502587
763359643
800404159
727673147
717757781
650988201
699169853
677736432
785560226
625965825
638333058
638622512
595551261
679404062
668954810
602730929
557330433
758570263
713989723
650411868
588983090
729077066
745428050
731559705
609014599
702680465
729284055
587659959
727961380
803469402
537580680
789123286
636434998
684241103
612864127
622334022
687828424
788122738
740458146
752149656
537693541
709293439
649462096
795084956
599793497
742802477
715839267
622948795
693827162
712714409
800978530
798050156
723583612
649778578
749256417
560603614
789221918
767363980
586475794
547210618
601675233
697416666
597285641
582946929
641382984
624744389
676235344
594969789
667116892
570343975
597245722
602841426
614153416
695878927
675357596
660653723
800054318
732744805
657436345
685248955
637401945
659000666
592223839
709336048
702985708
780175770
658736741
581689074
751805153
744920177
568274731
752736378
776856776
566681698
677542846
710781055
556283164
623670296
595484325
555474130
558343860
668317959
566507013
540722290
600761483
766363058
635623620
545296534
726152481
592755549
671402379
619261847
562434194
723855579
679478322
674100220
793399175
567682902
714142947
647335027
711809486
568219382
657093294
666121648
562523709
584110134
708870884
585242308
774785150
620955419
797093019
547684977
679355664
717792265
651835770
727665095
549376516
774772755
702854159
692990618
545431504
710238560
619160487
659607120
760765637
590868073
725649154
540102911
803861334
738365542
763809318
749532173
787782117
537940753
679983941
652502739
783999713
698382131
622160713
685154925
804083197
763172827
551317723
642088033
716720082
721323310
797137238
606246280
661329914
542038439
702163163
750768657
566504544
542926971
713598120
545792983
767779210
695721434
712203461
605644698
761529482
611602431
797819358
654469259
729198057
758598623
708806853
589250146
741380227
684743747
777161978
597527976
585039659
581713740
538979284
795603260
752549371
638713000
744483879
745050138
696556851
569882963
664348666
586672039
622353793
578099728
745178304
617616805
662903785
590120854
578717322
619856112
596687396
658278265
553009082
556534655
726680319
728460199
658643373
710657336
804544638
731535697
683449863
600015007
581676403
578012897
792012419
620210568
643044101
550082999
685481881
603747334
559720714
708870268
636286654
793213551
651532966
650472025
588576718
541615928
780998051
540320576
542636554
593337208
671475881
633549622
606485058
582499831
567035480
759509856
749453263
684904506
715825535
688551443
650207248
756750623
562123828
674542269
719206813
704765604
724343954
668779208
643310089
791517425
645818419
657296045
591470900
733243673
631253071
556200069
786109276
547416933
771085283
596472227
714016874
595873752
623294194
796888212
771223572
653042078
569294525
789950376
734038821
666372130
582941932
539873201
607278603
802101685
695127358
635476690
672905794
740084880
610452276
626876982
700169946
771660455
681336923
602597288
566853712
588627461
652761612
682342926
707535390
785388625
715191221
675707238
612124369
609809785
605460434
691717159
664147423
635655009
600648639
771098243
624491442
655001446
680628553
633572096
631309576
593703753
707370893
777228848
543168375
603828730
724994033
781348838
579064822
620988390
774463364
537239905
666050686
625864650
712330394
644700030
581175704
652788537
746673475
688868662
792376942
579083284
594496974
755752688
803299498
674953434
588243255
745703033
656764599
687672518
783369886
591469375
631695261
801061612
777324447
577387836
746205245
795750151
591328089
738217883
618233599
734358672
557432616
723516081
685669829
723734831
557581424
760148510
586805478
777260587
777410261
618738699
796942418
704484313
695420227
674893160
794853551
638726995
788272038
764813530
644420998
736095067
615951148
762089945
674306362
594197792
716497282
720704762
624572299
565617991
660993939
737763329
689594103
740155775
666559244
781882867
774804032
747682513
560870960
736591222
578624009
804348674
678074025
713377192
760062401
751899633
583978948
579352012
670030587
734839457
805010293
680073338
748437059
683649782
559269822
637650403
615251201
613177286
651873012
611905985
798462612
735824084
776497912
551309310
669862678
781986447
603050613
614280396
778006990
676263415
699109761
677032373
717154964
561280208
799389566
799743992
546609179
591189630
755516540
563759572
733987752
679714294
802363181
686344147
745624373
564793547
669949387
703908081
783398069
625163345
645488495
580264298
788380700
611041372
784876946
581841302
610838054
587411023
560792387
603655213
555649545
784801912
767115545
566734351
765225203
606019296
779492252
758034872
741579193
635684209
751696940
782391414
664007248
744537893
661689265
573567254
720087849
741139064
799769152
698277495
604647657
652157539
540502737
733022517
785219969
579390260
786190124
583830657
604118396
573351861
731499151
762410612
724517960
747534529
620922625
705010969
774569474
667342198
749149843
769788983
662189696
737833016
623741470
612146464
726688687
683057589
581540741
609750901
739833487
732726450
775767408
771377865
596242718
585253341
696927922
663279650
542732143
656053255
628523963
790054599
537741383
630949231
538000593
616710340
629467501
787563317
681243645
750492515
678382920
651223140
636760163
704830500
772302029
547274337
711084505
666052361
607318374
785870439
783438693
732815102
736660914
661216231
686946869
759566098
650321392
784912148
718346694
741271282
782618014
615131285
542299984
552443676
613918159
721206263
567057325
771134730
593499970
581206725
549390529
667897992
679209304
658539505
578508831
599310164
591771270
791916974
573750000
675417067
702970125
609870636
628352354
582474864
584205877
716660769
798725749
592568177
685344075
611438887
628364444
573101763
741613537
638343003
547407732
648641653
688563830
714570070
758886085
610733541
577439563
649534182
743395780
577235391
661672742
601518025
740047137
719192880
678096946
731144895
750283089
560871345
716002293
572098639
649093190
575622001
547390818
775803877
701638254
791965011
758953906
539299789
545485701
772922966
687844499
543519545
775101887
565889538
596004831
672184129
623059229
550227052
766273824
631281003
790519372
565779547
785662731
587686979
546218403
690763287
740960115
673160765
569492119
543689308
729192056
584040881
692069898
593022209
681220617
676493505
559618354
689080619
624516808
643147276
614976692
591510248
778136980
748921046
651377874
600391901
743511072
709175744
774348514
594405861
724235091
775202682
785971116
732155224
742337490
804844971
782836687
602777410
571173801
728706298
733479740
591669942
587270469
749837672
567447854
561409219
604394187
758915944
570194994
784598839
772645913
625236312
803799233
773629531
584827391
540465481
553484141
594025030
583065057
584418318
684553763
595084338
672704737
608857736
612141918
794747487
631461439
664993164
692700538
607541909
555525499
797246034
767200931
803341165
685562015
673044485
684839620
761210558
710326918
743776186
577346403
628571964
649006802
647391867
772443052
770257237
759219381
616705129
570567699
673591767
691528547
612189355
635118637
701582579
660356372
678493340
557767368
641726913
669417990
713179643
549201956
743595775
604531345
798391885
708849974
596209125
560881730
800094533
699185295
717041067
561640934
723707469
622113745
706607540
618993996
587197700
785207452
774250069
667440464
778151826
626327343
551384531
694229613
587015806
771863711
556470681
696180570
714388927
667487881
653008876
629857870
785066529
720053060
566032216
572539728
780300551
647335457
595865486
688250582
801831489
768535604
637053475
566020289
636416740
781611821
791166255
579211897
541575478
779118965
586105944
762385088
584471346
648966824
798442120
565531228
758273742
718156406
745792005
563346308
709391239
589280534
679214106
593417737
725512434
548223086
542600827
568896581
548467779
545188826
672941423
552489483
656412911
803318507
707228329
649053024
709082085
710337885
772625756
593490227
542204697
772981444
661271406
712762473
645054322
553667030
601947964
563774333
742596743
553592236
657323172
737706736
671559463
557669991
780148125
731656827
576923341
555160204
588670304
597741756
704071002
654069062
623346020
805143425
553093967
777175247
583547003
751258280
803898778
589700364
781582247
687920574
563210057
537288324
564913596
767087721
802342425
650089494
629763012
618794325
709399426
777718838
636572318
801483330
766747628
631854375
765313163
691508172
578761735
718220643
759966431
776191621
688662248
612735003
644264112
768947048
779770925
603033108
658434453
611772850
685450826
745412382
667943722
680625589
574510381
571406144
673123587
567801094
778515932
552840321
601618165
756284258
614229729
596950066
607143700
661001548
664470412
561493658
656459402
779527657
799471560
665010727
702457085
551536941
764163856
614426670
707232534
661407253
665517854
651538553
692133824
586825953
666310453
611381855
747794573
730314617
692877591
587006087
584055016
754042917
562078015
540144535
742586591
753520002
592294046
695456465
555445208
679508306
614685307
767492899
746741391
610257232
732576888
687276502
611132469
575772226
782000645
701014192
576294854
741608170
733047722
690614859
617631826
645978211
646478051
693651729
703799767
691876837
777162758
569737601
555428539
545566473
776855329
641305029
750434170
732378790
654725277
586690972
660785578
564627602
563038059
731289986
568750660
604528488
571438164
607879253
793600611
596463377
630200679
638568952
661024177
593662885
656050272
741050602
728744153
617242117
694108531
796766481
628640944
573017788
613014682
620284533
656458420
791868137
665331077
786855376
721365355
798597773
662456021
539502651
757022715
659290798
786901091
587370136
721328084
653379113
663567778
711819741
617348150
671047688
577648983
577407879
536932257
626440276
719171526
660791245
681944878
639414275
572111075
605227385
552025067
551617845
765083278
643372379
584084200
545811627
705673654
559378231
612807043
751172956
792487812
558204179
752320992
631107315
617665285
707539107
550688167
714394970
730447329
583541100
741317494
570701711
606839633
794553791
591183704
597233380
754998075
614575619
581605248
539994311
651220824
795246956
727886800
697935540
622999810
694774466
541374041
723017747
603762576
579284876
659866766
659359725
606641617
615218708
567137617
793452029
560685062
746759630
719736043
646868267
621931063
665220651
733396787
666320580
730285832
582555694
756887541
669240898
655546284
593294340
564993648
679700420
598977287
558874813
591848786
587733120
746007196
744271371
668893669
665001947
797137608
676511850
593743483
664856131
767932191
723099207
600426008
660661192
704953466
675045145
804531274
795988710
702983608
693035386
571345833
552657409
561560485
802821120
686761342
607702751
537013167
577138640
702334938
623920293
714084691
776941855
548791479
628536287
792584499
670825244
604916491
648901325
680998261
757114265
762852053
538260923
677817682
647464058
653897045
785857368
643080022
666918944
673899505
678306988
564694682
711478842
775812583
594916287
771795768
695807568
673876681
635814166
611234829
596771873
676775181
633169884
610660008
556125474
667429440
685506867
563446094
783494547
803705490
749362669
678739293
580816394
566882913
762293554
738464221
558651568
625742726
799468893
554083152
590768832
652223080
679729070
588006758
644494281
564124232
715133707
706950109
776420352
750089101
633106529
787441433
573363228
781788261
617080201
545139016
684857230
560339282
689905977
602805223
561167046
575930921
600662921
637159712
740509130
646939542
563195069
666095959
641021342
803101738
779550678
609746950
789299793
636382225
697722327
722064708
546777288
736378575
614042979
754258411
575907047
715940379
695294090
698664623
739165317
598465357
781615878
649345804
638148696
772375922
633942554
575489391
575866614
718317364
668795999
602312999
761508975
734010619
752346145
581543512
564205016
560787388
540042816
669941396
656236143
581187799
781520260
750131728
631356184
594688651
767903139
753173380
593372280
628364855
689508754
681939505
665717076
679464162
804771316
572552214
666653749
726921227
728920184
662346460
760022667
735801687
611706771
629833245
790883157
623777663
569574576
570577001
650431373
770070910
599111707
714980607
769941450
720082602
731139894
802508866
756400786
539304475
606921642
724819317
680025501
569833414
781833318
560155755
680791778
781103848
667761539
723793618
624309807
673618810
542298697
684104074
566921220
725815837
545467957
673666963
741630862
655892934
775695570
560465530
679263575
613107320
619110327
621793528
659154173
773361204
800460505
655050960
683713152
666506546
635024689
602867319
697601708
708106229
642305002
630383794
593914945
569387244
730581925
642108127
705356878
752007316
714206451
676721624
701360070
639566129
755375393
743627298
636770748
790703712
726111756
569681387
712145505
756421910
781143522
559153459
624324730
620921048
604858028
641356964
597356225
738678119
567309021
741797970
634230432
598597683
708611200
763850374
675058346
771273343
747429680
769379934
730569066
540931043
765964679
750070707
568564756
789586103
632372311
768274476
556353130
655301720
601234740
787488417
564222387
543398806
590703181
695280335
776607416
768076562
626186914
666921724
571168533
739006319
776661077
570128102
751427464
786819673
581740870
693868752
550252316
642007460
543125264
766769616
556277125
687322352
747580018
773655045
702248659
772295247
632167656
736574812
730955181
543148731
708307183
559793399
743477395
554573633
771803453
775406103
619320166
546092923
568309989
758843343
572719405
554736644
646057257
584147239
635555544
633892227
695878229
761961586
563367169
760604091
663826956
668674262
683892207
595233469
605060798
725832089
545079694
644547884
681592360
727092189
561147461
607995745
577376749
632313549
658849430
656810489
653871381
564179153
663082936
764644818
560973239
690728875
685032957
710540412
793879320
562129442
652854353
741527018
702262697
547280466
679876133
577408885
623021621
795595039
565573234
779938728
626670191
624201803
756648856
601475730
704854509
649117504
550476405
620020015
657114438
789746033
728164278
571354675
758640150
627621681
763016938
540624273
582940091
702164761
779289331
698988470
700459219
571814659
775780118
563087364
735834944
691672431
540396984
779345350
775322895
635292203
689813500
774185596
712757386
704994657
769784574
542702351
696892666
704348393
709383514
689436804
707448265
764597133
772597851
655695744
790438081
686948691
606519607
636656289
620985237
671541381
674212199
564077658
777912765
682811717
553117613
650658545
702710198
653335621
785740031
723806093
636956222
548328350
702801410
724667161
736433703
569712302
660240132
641412334
799364319
622475753
566069884
673193973
800620856
589459633
671649501
587701540
627391867
694572102
753453909
578024867
635432285
643789681
595496538
764509730
689941811
605367870
766540327
543860200
561047443
676207339
627087693
571935899
565319151
761323228
553547275
537619140
661411413
595557408
787932842
719828855
639858282
785422909
753301270
617871829
545736410
621183434
678159035
793565161
758021637
664783377
700558140
786473367
748198744
624206201
716210578
574127564
684451095
626160289
746579959
578599472
641754295
698682037
689301316
609718015
557463405
722549487
586830022
732863404
645303904
698177613
756459549
606142258
708193718
723416158
578011997
646446363
694166110
785908448
675567318
759690556
591555603
555533185
537162623
779181189
720894697
653146846
548648859
722560682
732842022
685366074
572530982
629836258
566466493
546728784
577525587
791680497
579981801
768416757
591652879
571548759
799844380
601897439
639996346
622426670
562577033
638403245
709757129
668478688
598421459
784691894
719055456
711941764
599595206
702995552
710466455
700082943
744081147
798787581
684414226
590693029
619572901
778130329
678168497
651896828
609914490
706335421
709599813
744521977
758031099
664769208
768029467
581928053
674306829
549396819
754538740
556449106
752391627
683919630
600719357
642462225
679042680
797745073
564835124
675448845
586059597
602342758
573298542
774136329
737237354
699789743
735806460
588923476
594116846
702128411
710327631
587944685
795156580
703584188
766835693
660835994
603495253
783462794
565014795
594447655
798615884
643587405
542202905
636190766
785893200
715875677
584304407
596435630
695090293
763671325
565948026
671573146
745381177
767087996
779052976
622127855
615908725
681990083
651441022
578162353
546895063
705908453
561392756
771685299
614889814
581916573
690404870
563682206
677601555
782612213
793852678
653142771
675989403
672250577
696702458
719466881
722848977
737424925
685938160
780870949
643860571
561177504
699991175
721555232
669000838
633374720
665021419
684056333
794265523
746772500
667382362
682203291
670021931
549216320
627973089
732168914
556784375
792104583
671994068
547307439
642488488
643627950
576984599
783810549
657845676
619856134
674386454
605145331
678372516
804722320
695312240
643653890
573502662
555777318
660787515
573739164
676291687
755611322
776826914
728619292
631830372
739061051
719389084
619376567
786219534
797113551
697820371
615982185
606131532
695278762
549369653
649229824
545073654
636778069
681537636
780254574
665321188
748391335
581149750
788246951
594638303
635086589
727946881
678011203
637126618
617716216
700704554
679135236
710755481
588915378
601128939
713177397
602516571
588907142
738642696
800650134
649351830
672876322
701901212
580935015
557991950
603176492
647176308
679187154
543776510
767012315
598551524
600449410
561499500
567559390
621583190
568314010
659289159
774963921
713562370
566519997
687421013
577998659
712841291
791244514
692350557
754086702
802217111
660468029
639519808
635824305
778469695
769744624
638264364
659327283
772748654
753627084
738924949
673354485
651902450
685932361
608669092
599835100
605149709
676386288
576538439
575066430
619837604
640851145
635406721
725066633
665969002
567223541
777999408
538818769
802266303
747664131
802166954
568416628
714130092
776451475
725116814
551394804
694939240
773767185
717629693
796629408
650628642
570449959
584527393
616700704
662637432
724865663
794250552
800659930
622923059
639975545
661718012
736142432
748429717
604265618
735466671
681602579
638564014
580705329
710475020
568840111
563735954
559166533
565647898
652093633
743360598
787455810
742225255
578666676
647038309
730183914
666398922
607065601
689708072
684137086
714528728
758673701
693527695
570223276
696115755
776975413
798733126
592303731
574398690
677465686
663564893
651911623
669482270
723218921
588853560
600801284
642440746
584945394
703557672
672381939
692337632
755928645
802285507
597311181
615719855
650768007
635869883
786011036
734470625
541713643
560018628
702848747
609601836
628194910
601653194
796123169
583210378
669272133
755161717
665852469
695610445
666483474
600483407
789152085
712246363
724751634
790324317
615459334
666052621
608219312
541930490
652989577
583425118
723073408
772278077
649546634
662341983
578437632
637043621
694933039
786304384
540670205
649663990
618451876
768177082
662056934
633734822
707952925
629391436
726197992
733407778
663474860
780847978
630142614
584000727
580273382
584428507
772256083
668319960
672296352
633417824
581806280
542540263
741918661
608722906
668224949
733240801
638902756
737965225
650231548
598974662
661728356
592318945
788399648
569249606
700375888
764246291
708236245
644017874
699720586
580742476
564738106
586533093
661334906
736410271
624119797
630831253
746128419
550891949
760168592
628210402
545108531
654105579
560455209
787158293
738460819
688827472
670356773
799488088
686913653
681992064
700078885
733693727
711218961
796269101
776807464
769075685
577174508
696619462
757513826
774602020
674578817
768268837
639109462
623543013
651587786
696856809
796742338
734676365
623857348
616512279
588056962
768225684
762524710
554489746
606366342
768258869
624342301
747654297
769073273
743873317
678227317
665760963
592939161
785359351
718661926
761353850
603033140
692030606
718352626
659887455
692702905
740331246
796339848
604474336
668444210
537671507
708325976
630377031
707698351
669923266
786070028
628452120
621956534
623406876
629476278
692914040
669803187
720220087
537653951
795711435
624119237
564861986
567746848
721261698
661071763
618426082
712740284
562253724
679628279
712152517
575043922
804062356
617674733
610787226
795576403
550400747
640828869
689370531
586075043
798975441
782524235
802448756
573266193
772071299
569649018
697226288
612527729
591310355
784486190
590956450
558321696
599984742
738208748
678556072
566350513
675160345
651441185
778236831
759463391
547151475
652865700
691413582
635790004
673427508
681769149
740301612
733044655
661940879
676324170
763015927
634534331
557976385
653011391
607768858
603244445
723617445
585383889
716893298
680814505
688802417
597169957
601284349
661111712
728362229
545223936
640379580
739242178
538679524
647323932
773975249
640707559
656981737
658032444
597862456
714838204
623071314
705168106
790469115
615006344
600854647
737378958
648613904
619366330
786238702
640345660
789361668
642787290
723607789
614550085
762986715
581810749
641730995
725298321
573075326
697621515
542085755
786368517
700853787
653234600
769801841
601337401
600419877
799727542
761681322
779699313
720690058
757946474
800531373
559718164
583016920
751655298
787014587
692409633
636015163
779912221
559751001
742144224
663600591
543944228
598827287
690798182
695711695
647668999
551526304
612693626
764293108
575946522
581252392
646606327
778940470
750446019
635126488
625287949
595871677
698962058
728796074
579719187
786852652
803214248
759272315
610819337
537458252
695502230
613933338
788924467
647281828
766753382
615576634
682674168
683594800
798672299
618275420
651837913
727979427
755698949
795871990
797536030
541989913
565789372
793662372
783496866
654741376
782835967
739448721
656360354
704815084
638734833
702951391
681099860
579113639
728240260
594791781
680285668
737840543
723135861
620955081
549195045
644305808
572477260
789877915
663333487
640767616
804186830
754455170
604196372
544920185
621252550
736987212
666996644
579981433
686301973
728732217
663189480
623220523
557525180
650779958
659969213
645912021
733629916
773570824
668128227
563343368
649573523
744736102
668026091
786688653
725072652
609936766
724281059
729484676
596453590
681616607
718057724
742598360
682954428
804416056
761710464
750977011
722126467
675745186
609056021
578146287
696292019
561662321
788942334
774156863
679058962
732996375
723125098
755307412
704904391
721239767
641617414
794779272
759320694
576538762
637921854
675449843
616805400
644790052
684252220
779706338
576182081
624743147
554633804
563306775
712292625
657286471
567993084
661525030
672992301
667404585
799366356
537776727
674065102
614984939
711931118
602873046
633442239
616084592
778334536
768098204
635407072
635219602
622468398
650453222
728758655
754427191
612222479
559226926
758714653
583752218
556545145
739608805
644524655
737811251
760950485
580155313
770734115
601673505
585599554
774824113
709402056
576136589
630729245
606937601
638284838
639730394
762513692
638803932
738318810
724584331
723870566
802469333
665598318
655018824
634229179
596002630
626102408
678497184
682151228
578126127
592853392
686390109
633537586
539173688
543570180
608425389
601587441
786581893
719354494
739892942
637972186
783384994
589033947
595491486
662234521
725355929
682213961
787136133
790665995
669097587
542586771
781213395
715449612
779371105
665054932
625920887
666309405
617189460
654800744
767576703
774739295
625849722
612633242
541655280
549189039
597096042
657786891
550300948
697058255
622310295
627640415
581445138
667570591
754531892
683232298
781381882
596061138
750503321
767342764
741255827
615666681
636649858
664821352
803627051
625317395
795480873
674654787
670364095
803317312
618534061
751189475
649101910
689462121
632263308
803541317
698865474
581426742
706939368
595541489
671068517
622479792
720436385
740886583
602086084
681602710
707246974
758761412
690851923
688201798
745233734
792186172
643704208
566083534
606766990
662069051
552529919
693012840
688338795
614115661
640805287
553652890
548510559
714742411
567725229
608517457
544578423
699056120
574417794
603112394
713435326
631480124
687032606
569701960
612453172
545242380
775650128
542933838
675489712
670721007
653106473
612218527
700201760
672452041
709987369
637034955
757224500
736261486
574746585
768416015
706323226
557029951
656497805
735826327
588869336
801892191
629374348
607383814
703502543
655521042
662969867
552836641
728218568
667956037
790701954
786427015
798110654
609418347
726535687
611513695
779311839
658646687
597325239
658510773
638325558
568864713
677648529
700091563
568176595
737561810
731804098
648000149
793601017
663294007
611058666
742180862
641958789
804292403
666973918
648927598
568939531
718760442
588534124
749778400
655895414
769281941
586828366
792775466
598496924
621106196
736810038
670324353
716107982
614358130
795617021
769018102
732134123
776255594
565064177
625364062
577120256
747629536
653758447
614937384
612767777
763111121
559199439
768356209
729442569
793267338
734913923
761549312
589316766
578923492
676421278
575939222
737172519
638156596
769730971
678022675
619033941
597183956
710131145
714248434
726312294
776277773
666812103
731325598
697391910
561637118
659516834
743078226
540102600
637917432
802331269
654795081
633495152
667834034
619085492
572389831
789850911
743779473
541090717
692364164
594111487
674570482
669915760
568352374
757310009
572680317
728651297
794879654
730787796
608931218
637805288
739168387
787651401
646460805
619716428
681024813
554451427
759196232
772782126
637275452
680515776
649825503
787142451
775061888
613239880
662000441
756179100
747931336
725211172
794650441
664475304
640540238
728079184
723512840
602969835
569567447
547268828
721409859
606962842
715905547
616966802
558593000
687383119
737658622
549303942
781615233
693935186
653374707
647005326
551416126
803648989
599570889
605790701
696186511
588984435
760372743
623354881
658457164
655203372
668410149
666437644
686401955
797631664
708611834
570165952
658237816
728476237
712193122
673828128
763311082
715384804
742470680
637240785
537107339
617235007
546408207
651191716
779461252
562152761
586643069
679807018
794647710
539995209
696004186
785586671
640956781
685283245
699143711
670573367
719226746
646243008
718247082
664607782
691255413
733192461
572623042
629568781
801930786
596147214
740373318
727290536
800116861
641103027
757896626
777221881
754148595
760429330
649405226
777272901
666119493
544402495
666491753
629467522
683329659
786648655
558937016
735719985
611584429
570551890
795796111
719353741
800214107
621354355
694180967
685447042
610222123
585401398
537078859
567366967
709805052
722206383
650702916
786512640
792584673
591054922
567970275
547144314
746370478
791126664
598886537
678048332
596490844
735758103
783491306
714347515
623605419
707636663
719347388
713189268
567074264
643068016
659141237
615560316
734479185
572021960
594869939
795031979
621223189
796818508
664500710
702214081
716317703
786538079
703438530
670245334
767369997
689513499
581485575
680153328
736178533
791381591
662471820
754605375
788324964
542175957
799213143
599402497
603643114
688770491
790359585
747607376
738990763
609442748
703549708
751985174
744923053
580727620
760886845
647517969
621577917
673325365
692344823
802826871
556994533
717398483
805245765
609756464
625249133
778101959
731148074
701760769
641118341
544975310
750141329
625368842
717726164
597433871
716480679
705235175
707341144
761858536
796903430
747747001
592288158
539955743
693310573
618271223
715496138
571439186
582259048
749463271
632875713
733515689
555359998
593131501
713166548
726250790
654014568
794379648
737621198
650567062
713938099
549697445
728877432
553373958
746037531
752942711
558593137
639701197
623573695
564572622
714694004
570251260
652905895
724305086
682167346
673220584
704640288
634638577
654904881
568531997
780611889
549943800
653717913
803981837
717711157
672258641
801980392
780922069
638591429
726722230
673918679
699471087
556911727
775624507
586623062
640192964
730159348
767747325
730079595
604822802
580560361
711965619
676739969
627415069
548620870
568423791
792988591
573724849
561006750
656844516
601444896
737326273
706632785
759509100
721747554
638516959
714613119
616094962
550362175
742697743
621837674
595417285
775169114
580220378
791553319
617528446
578083613
693878243
711505597
650892340
542867093
753661962
612371104
654507410
696500312
721778312
753348768
672586732
603681450
683194218
586342693
633633889
613352378
584784017
631678681
611295446
736674241
572189275
721216045
737491485
790938678
689581744
803445523
656536259
731737779
728652010
577344354
639016448
789698188
745130242
692110910
803971589
733410008
792606426
779143063
799436951
642562843
795606782
800682334
646796081
574672553
619808725
775192498
540671766
557049169
742311316
596637878
583417474
596795725
769780454
802269497
656573291
633112575
743958454
703249511
641080339
575601019
797810810
706539487
801060666
648822384
544458706
798783867
749536386
690201453
797398457
597237561
540786859
725609329
764016084
772301931
549263807
776004413
727702720
584010302
736951590
680219939
799994252
697372594
648901671
599260829
722385687
719975941
725195060
685656200
733451035
712356614
789286790
795882671
679169112
567013496
743119181
541498989
570250700
608296045
697353675
713352135
637666953
545549038
575450293
767641256
764419872
705621124
698297980
621884050
715705824
571148837
700800662
782848569
559087563
669452180
543606518
804112125
554355254
574433168
736100637
590593288
798891186
669167600
710461251
576664517
704291540
627899899
801305056
607456352
621727214
757240828
770475828
722344317
552598409
580089842
648062284
647979285
594150321
573648413
689903503
556716750
588471783
668680068
797463976
670987841
706353210
546308808
744920591
803401675
697030634
720636951
644787185
545897149
731999611
603949040
630500531
615026652
596009574
784901533
583824809
728657117
560209164
646863708
598787482
680672663
709526058
656104304
725533130
782913566
561884830
685360389
673295634
650779329
539337703
592475287
577182949
579735141
723702452
591280433
682101682
693082136
783000531
666218401
700513614
663858575
608879983
730267488
598837541
805015809
640657189
697923049
713295036
794388232
583626798
554994761
712369592
581996606
765558284
699687774
725544836
770639113
610043346
594928587
738534777
728035142
767934808
601912302
747712940
710804991
790984849
540355478
679809593
643243038
786849618
649337909
594395077
625266960
674577043
616681115
758315308
665480769
659703956
579694985
706372732
658963188
692200360
788937890
594293576
751626184
613717446
748123266
603573584
609833541
602286972
549841749
639957227
707036625
687550992
802780724
613496360
785586849
570085500
795513896
790992085
610150034
623498859
641883149
735566031
655810024
642737427
605585651
539836446
654372083
591598726
542104308
678672822
658080663
587814963
748943311
787053683
737734818
780483697
539603241
691201321
684984807
694804402
709315199
639930481
565630589
798506933
718171851
540227182
622806090
732570717
601009804
777621454
792984263
702190890
749051109
735419758
557172236
538873806
681562324
758231861
608520603
748190629
781866522
754274654
556288019
800819886
711901038
663275784
664629639
724304613
787428032
740339892
697602359
624481801
736636471
758045681
566429180
542015318
637787224
732792509
598002856
555102469
781395744
542792640
552985126
745279843
631588056
703429517
702996290
787681136
594835068
580812083
552852720
777996583
743260168
651005422
791722028
699790926
659214163
545425083
647468266
774165750
700212128
551411067
766352852
706727711
612921978
727497976
624863021
592352767
670528363
691336946
548621856
744078095
660230296
645441973
670999656
672355949
607300700
631235958
572637898
770463001
565535128
804082527
794531840
703264096
767948132
738964247
743494019
608918189
725916448
775335349
771669630
641582803
785299127
586584997
558333926
766746085
730864020
777858090
670037111
720090750
782656948
577651857
555299069
696199349
698332292
547719361
605258319
686064461
714904288
610900324
643353762
704815181
643578852
720779286
701068663
689596550
698625730
753145413
637896448
538757112
651762500
619955660
783102416
653074401
754750377
662278076
770996369
717045563
740107760
560100277
675593879
705050759
625429810
733257865
721328100
554986689
655388227
744761365
784868518
753219449
799034085
769994964
545204154
744273935
661439337
736944008
793259846
657859778
701968745
732494583
731128372
569070342
717232698
565698547
703483281
629099926
620503544
622770613
679750899
596420076
771931343
758965980
603424431
655026486
791299915
543769308
614287020
786213720
592413235
641885285
788434880
583894590
537861410
563001144
659883563
783361112
721006881
715138964
634211299
540297799
587073374
566302929
637477351
590688908
593441274
667051506
699240176
613895559
772225317
732713402
565855168
697300467
733005408
594869650
795122429
541847346
604772191
579967865
540091386
601862356
711738057
766811010
686651376
663757168
700995919
724187904
800813349
757999978
735694679
768529117
793062339
643463042
560603542
619215210
682684925
747659152
662531034
667519113
668593104
577323080
673174378
726839924
719089133
654034704
671796670
715939666
649981372
613435056
601859128
777752755
635210487
712212154
726171080
655750490
624220243
666365728
590540260
601176207
607042642
773135762
774819740
592365873
790419478
728052744
547475740
541851518
574085169
732919510
613034824
632699964
721999553
564463426
674025810
804221282
621603075
684328563
662031806
683296024
804927722
725300319
646563339
618580396
693046225
629524827
703052248
791905147
693861308
635134861
650507147
783217649
562552027
719261134
753466994
661791754
778378474
716609404
580632624
665221936
706786753
804031484
663732091
604532508
556807881
801125909
660428668
783112531
587529924
728620387
630493384
698272792
577093587
764118334
740833418
623102497
598631662
665800234
636142858
741784839
688546975
805014233
662138266
793719587
559984449
693496316
797565209
677685994
574786672
688919566
579679912
670150313
605668913
652231728
563829579
588676522
668184245
729274082
555888780
538295928
745668486
717281291
575426401
568076484
790446498
726620088
684112266
684427922
724834490
565643229
678302479
539752290
788131775
593611620
654726738
590977970
678813421
604465429
707219065
693204676
671425323
692226413
736191053
717578705
543017435
709220257
725719750
705318142
642756334
715956704
613277215
636485090
660648403
572210099
799472342
796706469
774628713
774711553
795419238
771698594
569377677
615683084
685062267
746941690
617791681
659788957
618112460
693986355
564227914
664493054
605385369
764597357
660477045
732233211
708815605
712410545
691616647
726534622
585034893
610787790
733916460
569063910
542250648
671395076
718189604
639235003
667008132
630907328
619598348
546392045
766991265
644872540
693769672
726134548
686959542
784708009
675356773
741404656
558794701
540786334
770500202
545166413
663216543
556740412
650578311
654035102
628193655
557177623
654435827
740506678
586235434
657177254
783661234
679514098
593575552
710443570
621471180
594976074
583804808
557544388
775520884
765742492
566793181
725380329
629227465
576670013
611333549
799316262
772384223
740546088
765551274
736849323
692944213
611489380
712741187
665421135
745849882
721959549
683483180
724830800
707694735
793517396
601852685
699045001
768062124
666914851
781118445
612857355
772712416
782619055
801059150
782318130
647690406
789009978
797140068
749683862
704342318
555969593
717191554
619485070
661179143
583656828
794452145
539126233
701606853
641050546
666169445
673690290
776091982
688204856
683859468
602992864
613136444
741609626
745988407
720678949
759171939
681598440
619140886
551879491
797489762
563283224
720608093
652438037
697248876
595747143
650520569
685297743
710623738
593803379
653153135
653273532
786366442
654989111
722228016
602543800
760566354
658786686
636097115
685385026
770334194
604645676
782416671
645111983
732345974
656346183
755128408
589123505
729125386
804739297
727743673
759439128
621488698
552153981
679278311
768681656
620553397
734902081
676192882
651173586
586337424
571878300
663767177
722240618
664139253
644284823
703202167
733725280
801719773
625611313
734325988
613425717
669123342
602699765
726828951
694682885
618959126
686513222
658767064
791738131
779996673
558804889
548915452
599127198
563066801
720654276
665430381
783596176
558473240
570395549
587629618
626082574
775400336
679190025
791710370
767661371
721869428
669234281
554470885
674614995
576667793
598475997
551013450
767627537
679097499
664101333
643761957
600697131
612281002
651091080
598374597
796725972
705182620
605488569
681608594
649040888
790786647
646945583
610676086
565673411
778808407
730676757
612837674
676570458
662703571
692606491
604594689
637315455
679975400
706613988
615979101
680556046
608845838
623191038
614908641
573143698
702986155
801283647
804071503
546939647
620702132
707936382
550003547
642853298
560563950
648104153
699765331
671097255
785496400
714676910
761588413
681268128
638091599
586810045
609565447
724804131
721426817
743236695
675586999
767649118
611710953
598472607
559030684
710944099
745792829
541822728
605793910
763622086
782791004
773890410
616731474
546166390
641894986
641434451
734718243
612983001
608773734
621169217
648704606
674771259
647947901
545402562
597810480
635120520
590674605
698952671
681933475
555518779
782550086
625942127
780788468
712890204
577525124
583099829
542707657
788525259
600789853
643037341
737629318
723813794
796991233
763054921
580975501
767063958
724069821
724120660
573431165
633905646
570648910
727238818
758323591
543561588
638021533
598931791
758611621
691864087
579765219
570452288
622118217
661497030
628175197
659936342
579548788
781260033
797810466
752415181
790454929
786449780
578978004
765286603
716886481
588775287
747364139
775840418
700683317
723772668
546979729
538445423
566130582
641272488
752049037
666283080
784067167
654134927
657224473
663081344
674288748
781006533
538067696
643872478
785673975
610200550
730307210
793626890
788707631
784966487
774622900
628547409
591462242
582500304
735486865
606941454
680626285
721837565
738195787
659547123
580965249
549660933
692616754
696737684
686503745
657699812
739216029
725957694
564329339
699683772
607072953
782503349
545252180
572231937
798077508
657101209
564768642
753343496
596881576
691571224
712587861
619997823
711582515
735656938
758289460
678406991
567946270
607576925
794745926
775075260
632276172
545272567
792130567
792054405
658405178
773681799
687026882
686518292
605212566
551928962
727524227
690290467
750880329
540216338
545171805
614437607
667351712
759339040
727819900
648899761
763375094
561652836
792596008
689599329
653041243
690098938
555939186
765443296
580090958
640787794
651217201
645127820
623826648
540992320
757807587
576962615
637359344
539596299
775035018
597978295
701873523
609054953
766983549
642250870
736968814
545842098
668827225
636717424
635498666
724159157
697412663
603379679
638592417
583359282
789107530
620442822
627199435
720243787
580118572
713399226
659165004
682122551
739959914
683334042
562843937
582797222
560854009
629417902
677879167
538248761
805262962
589753471
687813181
672731917
602485938
765247187
722100379
788867419
642352413
642564040
643057331
654868568
753861691
726859607
670474967
779034612
626453621
711060342
591061331
599715993
745440350
775083710
583553387
638852691
583047577
557989469
589056107
570367975
760181106
613441232
565794884
592191893
667458540
626194370
589356708
609831856
577240757
706240645
761542998
569321103
638622253
673804310
624486801
804406459
654901714
593285388
769544112
791473564
574052589
574423772
780269663
658771250
649219737
764945759
736439479
780092086
666521294
566645834
547708419
706331772
689010932
684952741
796788956
710573768
680264026
624563703
651844841
712372622
597364366
769918413
621346112
602789524
564925677
754121482
647568808
791130903
793094812
721981983
678606784
780088837
541034609
785372401
803217984
552322284
597691826
629577230
745245046
804612678
719879794
559994955
673771699
670159820
702847276
758424540
552479853
756514483
668734199
674679412
717977735
693595704
785700729
751156844
802142025
679684430
760483347
723823816
730662563
555091890
788389674
551571550
699173521
724484086
769981961
586974199
674869071
756064283
785732479
650845143
760164460
718017188
648627867
610825398
775335679
646296534
703096516
784118386
730943349
757443742
753163624
698235820
607377037
746113700
612075502
794213440
668247587
643344403
662890460
544007606
695582333
752972215
644409026
557989721
636285314
668532962
565511979
738340782
768612986
553679701
623179963
765115032
578508468
714307346
756715666
621144880
565623583
699440435
719344233
802442959
651199536
639604741
669349801
593863868
681776362
770446056
762789527
566321317
709039296
770584434
667783967
630288647
545025385
719567445
539077210
542563341
581708014
591478975
538638490
647314414
720479807
674372147
703255454
763642755
739464956
539595275
633875515
717070310
649977300
581417401
635158404
709000702
787366853
736687064
659284776
664625871
681160895
792016913
610883806
746639493
603750641
562015347
695017746
658448282
587080786
627643200
543839661
711240453
723292355
617394253
737547472
622908254
561627273
565103099
789037803
633626042
573685881
720961203
537701214
680450924
585767644
796364116
590419586
693607133
742139690
729721783
551108508
553604746
784921339
718149338
783177611
718252801
716469806
592008780
590626120
706608703
596277590
589519301
559293810
727638986
600298754
621048232
680429330
735228030
732565256
686309349
708934501
644966261
769920055
728820626
799763902
574232493
682825439
612013499
687591390
676402343
581263215
543343658
654223691
538985355
804467732
555969182
684887649
694092626
632532158
702951392
590993614
766163470
602039713
605471796
702575332
582396575
734533737
632328181
654655092
745982831
765960908
637508887
720774920
787532163
702254853
771268679
586050722
643124587
607238592
628237092
709398577
689295873
555521283
646523663
558462073
677345047
776667828
733724557
785821365
572957338
748904444
763855088
572404850
676817774
586402599
746287585
726289137
774938252
783070247
705375939
758072173
665767707
652254209
768807497
662072020
758010959
733338421
749062228
552164113
762371913
799320115
766720886
794702589
544226779
661313107
643450805
772328863
573989181
561959604
580391006
753145984
744033949
654947272
691461525
547954054
719698306
728571112
757206558
636190291
629696371
547546973
725566400
784449942
703961233
543728856
612397426
761821403
649500547
598932586
611692332
678849930
554554174
779129092
615418366
575399935
729757553
775305255
730026238
660621298
753113277
765724169
613742806
637820889
648741259
565012878
655098639
622462237
736484206
694524631
757816784
612718446
561713184
698247066
665140983
757590764
586690242
703287752
760361525
729389745
734761262
664314754
764600286
636796886
632999844
596216955
614926778
585103923
721591936
568373881
650601357
581440801
658313731
673772660
683506278
551613850
637826745
632498927
689936013
537898434
629953830
715333349
595492440
574174757
769917506
564367681
543370203
602852588
626904566
711414272
633743649
785034315
575290965
537260373
766673056
734043733
578107118
584648944
611450230
723783115
764669435
752131992
608106092
723400817
578896812
639352849
768756203
769065874
624817939
573538367
591604799
671280512
743950663
732237312
557729189
541452395
702652055
667061952
724792936
559562770
593283534
591184408
766917905
602069565
690837174
801064151
785794822
631199675
647876168
728336919
615891801
670834195
709468228
713448146
763784621
632563683
684055810
562949217
623688986
536882244
614921236
800923329
621275016
546379385
562527951
706782598
588744230
666683006
677472830
752465780
653461080
628071732
552598773
557695695
644622044
612909186
775070433
608524789
639515031
621220990
637098698
683483710
800830222
571115199
729505781
615891332
769011613
604803629
575587474
558972975
632240682
580780937
785072072
656576554
795082092
583026355
744371981
644676363
667246302
774338170
753080262
585877540
650175197
682234753
803042136
630102242
553250782
712430664
678847040
681711863
671521435
645929503
710501319
697065180
562440154
604218700
598838258
779021630
591598123
617513222
607386588
698446455
646433863
552366964
576164368
580483624
745025268
573475948
784068409
742720814
598782596
790837130
631788893
702648828
712646956
622484746
566469819
791406223
772143361
656105460
719484857
753259964
631552111
746208964
803753478
715607735
550793124
569034573
740087870
583998656
676006981
587796499
700943596
567384440
682916048
540496736
677028167
570266553
646745419
799658688
635942667
789718667
758473867
758256857
692233716
780492128
649048888
691223645
560312967
776760087
616748529
629460197
538092757
586267842
583851038
626316595
762853196
757664459
568217287
719225153
659818352
577702743
713864331
538331179
646088293
614870993
705273090
604666685
783551638
792236888
615015121
560542519
598700126
721805935
717557008
611784666
709473942
656412601
796484540
794147513
773259534
690721040
704887972
795526441
579872344
630913419
686534136
631645204
795012275
607414558
662731969
544944655
706054371
556814533
698726777
694268399
592481251
790092482
759524235
678032171
601901932
802263732
650466967
676755772
740222150
715193477
609540904
786164673
799139252
728487451
677479486
732770500
560258424
716578962
775801577
805002715
801734973
727073431
689370477
681186542
621815237
645991914
589118763
768097620
727778434
598320587
544403661
649985900
789955467
542202943
599100394
579476350
780939268
711248726
714471591
730709857
678275933
694152452
793389909
694838641
611639957
613384267
675176418
548798230
767791241
723716129
634008482
734806948
652348548
751306910
588187507
733992054
795991025
539137315
650705478
646549714
751678033
613979689
686865149
649377567
720614309
645039924
648125312
733044014
698184982
725347002
742861198
749742722
672535097
773404778
589308097
788127259
792117628
726135504
580446510
768249294
628832795
607620162
774488776
723453338
762969692
760887636
757345294
570696539
681022803
642331742
788180476
548790596
586851439
790820962
776697468
649492739
560730295
582126117
607662543
581320607
722280891
543022434
721745638
653111867
677451265
637623919
656280522
606445092
758721470
553301359
767626853
629579110
681234483
569125244
664372799
800125356
556969535
538209276
695905065
617943358
676987689
570576604
756350171
668969841
658700538
701146515
694449279
696477466
740642712
728102635
681941164
664614015
791791710
566736443
679746677
741875063
565919332
735931760
763222174
624436521
618082578
739045926
796971500
729468888
612637956
672106615
787976175
553654028
656245058
804184883
783750929
538126578
715049178
637344442
726618627
652963928
788532110
618379080
738630533
588167624
661103730
727063292
743698749
679480155
725121126
646204638
770748970
752478002
617573354
719132941
663836179
778376466
579455093
704592991
617723543
715556126
680072548
639110786
779539543
613479338
668695864
731337180
786503146
681313606
565764350
782529449
773301214
626262189
680660218
767729347
634525739
772975231
640107242
675570927
716787175
740328062
578953752
715997178
664162135
723685974
591694784
671042916
660983261
713188537
658999598
572792786
651243923
792590715
628211870
765194274
666075535
684757864
625988821
774494672
678099647
750682910
606870686
765257234
740197286
602906058
590451008
715148845
663080404
559648780
721945980
712977862
767898896
797402411
722279893
789434250
614855570
588166327
766768840
797872596
755129141
641703137
560922065
560130766
573911719
760279363
605600104
729632519
564699557
558580252
660002525
603290628
586009264
802097921
687798147
570842367
771743466
539951844
778050614
610527124
593753406
657887143
780294620
771294096
757385902
595457861
660366839
715787270
614890836
724235406
701587331
620455592
741050172
752653834
714923189
734475353
767398539
741837785
751709378
623278438
644247037
772561175
759390015
627085320
598511497
786326748
547947329
643331414
760242891
745332518
619292509
609411258
705994228
694241423
758467720
775698136
673164234
669869269
575551737
773416490
591620146
754751983
767457167
793633001
668643959
597942629
579623780
613509510
547585769
582209172
709991054
671800561
567730865
725727138
551188736
786570253
586606857
676377945
757778354
787520708
652367922
651117291
566452934
748765908
639722053
790502564
659223524
540274996
603736017
740407430
668984899
708213792
737049157
722225946
750942864
695879749
585243925
565904410
606332815
708696106
675182731
755341083
671908405
681575248
787956433
745981690
545985870
620521300
795769277
619222108
704291613
723545008
787188149
600651752
567133527
768851915
567335746
692601361
736897460
788125254
610432167
650728034
596582727
545217008
574512045
783600225
686000873
581549072
779373496
709121534
780474836
574626283
783036010
779283470
709283907
796320456
751776361
783707019
733125075
728910699
721174327
777168446
664368094
759962296
630770144
737816713
601016679
665104346
606079618
775643797
772302443
619708312
651260006
779384060
