651198992
669186670
650666534
747107910
749632598
780734661
555752441
627151388
586697656
607559206
801550962
634999618
636638022
586379502
608239756
537922719
643947237
572383296
566083597
676418563
552368561
733123115
571739146
540050703
577415021
781138660
754878755
612365934
704281956
582311327
565069561
644549940
796701903
692423634
605150835
669636267
566164041
747973654
776922856
697885111
788416975
766868466
569041808
777801629
642087569
577244644
745099344
629136102
575329358
558784414
771012190
605584047
606146754
555822306
767159915
708015329
707981842
578308545
546180591
757881166
784808124
642011926
566024024
728526652
760750074
743398947
757234035
760299287
650271001
557362247
698949544
648254322
796713858
608892329
762241636
658785665
706501019
792559307
743183359
748776917
635914560
606136496
580032323
727555257
616510629
618416186
730352625
556375193
702216236
622741971
618755300
712270889
658018674
629945366
765293924
594777650
545058044
792011950
692309713
601656022
792095380
581823344
658213080
771130103
650508375
604119779
714872097
741027529
582427419
772128382
768181605
783052619
620769402
546206664
740304198
782742473
711465902
765232455
668080598
804836294
686419429
607000858
702856369
767396499
803662843
696837642
588005170
605175682
566842388
660962226
580150963
617028565
790602128
547122356
696500551
618609586
754811352
603122348
785961366
586725073
668646663
653165502
739865418
748198458
666849332
602049072
686809544
721502410
802445544
672009772
646952475
561607912
781192543
780845333
724361916
660838001
669772489
630395164
736991577
573760328
646514627
721885895
700511809
694835666
694111757
716238866
672971281
772042517
626108574
564521311
769757972
615559645
659479537
570903706
738665813
613998031
797029507
655875086
601972332
796169252
571792673
600321724
792972695
695856897
589602289
800054441
757771201
706871241
725489532
677328624
574605056
736138122
676507689
653271246
580960061
701368766
543900978
799542583
581718129
590145146
764101579
750538138
700840585
592713742
718527804
583902438
667613984
572669641
730522631
670278341
793623704
778534859
725129137
782038607
585296574
761331036
627537247
537863901
582726829
603199742
736875136
720055001
543320634
794307068
647740004
734187177
625698526
651883521
686103782
733869563
673711431
756184207
633107693
705730342
682942600
599691954
567432225
618004134
674858550
802304987
700960419
549134176
598015202
804782723
789475917
768663895
569613838
602709763
621855114
663920783
742472868
602825957
709870009
756301909
723533810
623770091
590697074
663751599
612340336
556511358
625553885
606527804
759810325
790153602
613345085
699639595
770232040
652303450
639749287
595458079
781112316
696982135
743286205
649732174
564907258
668259496
587242923
701724167
732677626
554871848
669291223
633619424
663453160
685438341
598609957
648910275
643436083
611345018
583630135
702959604
569461764
710918147
672054889
587137490
796931018
778998373
713538956
692424563
791114731
640445406
580569380
596707058
593945509
797873095
761911751
557778476
563341056
702185650
562103904
537829139
641761245
705603776
734582069
720392040
780401992
560229895
573791180
626354280
611145975
747764053
700049893
662357840
737776410
639483086
704493667
629633544
658820554
640221236
653771784
748954548
722510597
682111946
578196925
661116080
606988075
692643467
663839057
710612810
541257687
761805583
595245970
578828474
763626484
738340924
670762545
676214568
760655440
783005718
640453824
547534336
626760401
609896812
667635246
584780774
643683910
722558134
688325167
604655870
564506599
713235690
642264307
572506624
634961482
600062894
765654836
786233492
692536915
799120922
755011886
768839631
644804593
558009303
556143673
563413266
618864438
773506345
629726364
711823938
794905372
667738189
645264103
739738173
556395249
697714981
595381709
726931231
752146530
615018811
790509487
605281629
785720105
629565414
733099907
711253366
653096799
596291515
601403990
542728652
600789883
688376420
625986355
623004688
798753797
615444316
582776713
718693265
550971926
719005069
553140401
754082637
609165143
601967172
763635899
773411002
794039499
710375048
657337363
677976983
703424217
645351621
803762988
660806470
666146200
760394811
719659634
632089153
595666270
715951097
638110128
799503659
646632146
799276547
735427966
724459664
805043480
715104055
793403809
689559012
723670486
551425734
745174208
736046897
697864834
789125212
661622955
589397882
658279537
771269663
758393007
549217411
707770020
591784128
739451613
713733097
574422216
669710709
689947163
540522096
791373586
666908811
751932101
660019428
545150165
700259724
608205322
568150664
623611900
546113815
586582847
750404864
624062981
592232759
562633595
615787904
590121067
587067573
705807892
649479695
712863418
542340372
612197457
797574456
548330601
676573280
615822449
675382757
668963974
705803108
546591032
628428515
558111482
613288392
736398511
634244664
570517294
759838263
644338164
633918492
590643578
682184537
677129910
668440667
656376834
569613813
658442755
631143850
591304384
699582924
611858873
760033161
713684498
556663037
708778731
556469446
596821210
555182664
741125716
567447411
665694371
649497939
697192718
673445649
642358820
696688101
673879192
703227956
740162016
785811009
721158165
559782373
675845487
565548448
673143384
785345225
692939352
631828786
696363927
649175657
676003846
756233452
650762277
586480871
574223517
658265104
713015372
610936852
612541545
623639500
668966755
567064302
766716908
611510495
719568195
573635863
698930528
710683315
565900078
600923644
673161427
674821580
566772997
610724896
681034538
733670994
620898207
627405158
780784897
667253143
627709428
727790294
686020027
708765164
670489553
553895994
751659806
699372128
759301723
716301695
803527306
760026078
537853699
560920766
570142996
789968324
708238980
549085628
719811223
733695597
673678608
799139310
671271987
593536101
600616342
637398209
774886755
667194916
615858303
781202186
556015495
769447211
709911076
731018184
788675500
548460391
737729838
749831002
674532733
751055208
613376432
566882940
796132299
687443933
579929821
730797588
586902594
680154602
586659380
556316194
653141868
603584922
735951505
620718204
627600086
768375927
549062042
795068758
611170301
742626359
659435967
553086114
731153513
573140983
647502154
789603047
677238631
599540300
555846909
601393996
802021869
799484469
680772217
630608406
646199341
728218041
541662544
752388868
768415655
764626882
576556041
614888648
583014576
721189647
566993269
650334285
672071376
614526929
772206159
546245908
583713074
779768984
605884372
758428562
770446861
635870365
690270418
762654726
692135839
694031147
640324791
556753843
670671501
597953892
752389296
712653396
762105153
625422165
595459184
662398120
789170748
727054177
602057658
722176797
675530251
746979386
622354765
719948842
610131490
694526192
798922845
782023975
730398915
754540309
740056262
627832495
774674911
640851251
670112764
676278573
794131350
557686464
771573754
750883013
603905442
736330041
696375522
590914913
727774024
655095296
692251145
784177030
627319269
537130828
633379868
685751103
693706922
590266006
752356266
635441282
794300731
653907639
726537023
659533115
715116374
693590857
546481010
736841019
618439833
563277380
580986628
797856460
749399590
738005732
758743239
688228158
643865416
639905564
547380865
543356081
543243634
754400070
736251686
625627722
584071347
747395517
701496056
572907207
627078672
580511047
770774209
664888920
785426579
703150209
678349608
640548733
757372992
593795596
800304756
556898721
588184088
804776404
674499461
640237086
572692636
725082470
779668814
538352764
597964895
568007796
747639601
646572183
644167271
753487000
646533240
542188173
782023598
621295301
583908557
796709279
601430123
538877860
745126314
785256389
561416963
628855377
742449654
574395860
682713774
745536257
730318737
559966634
792438254
778364821
667031337
538106673
540453763
690208897
693554658
554724044
797959003
639451792
591421248
547574156
565713467
741081496
568671242
767158327
769691496
710976798
801947812
711190633
553584421
750176702
776556036
620296037
777024200
541335387
564939975
591452936
624963217
552846209
638342140
670842871
727754338
685276926
578639914
667912250
553762852
764403186
750509207
759576232
700374765
665492961
687834479
706910988
727708968
665788096
789372807
789529175
581326597
630473426
727544895
692959235
791169771
645383741
663146461
799429911
633886739
561504506
788131667
670858186
728465202
693747245
630547120
773413782
615135936
802967811
779122244
657268291
705322713
580200968
714564362
785201165
720884784
570607703
633002454
682805689
632609621
748187654
761971270
690362902
802958696
632047469
686353790
585891653
635538473
761411357
689696654
763775062
743153560
663129101
762945037
658404678
737511170
610413004
720786793
569143463
721766466
753069903
804312925
680443313
542648983
804416929
589193083
700081536
546876355
782853507
802631384
641989176
714525117
797551470
608137706
696989699
765915877
539011110
570815207
575810817
801087741
671566900
710603251
663424541
577827711
721164269
654767101
715878477
794461492
783690202
667859065
682913382
607209127
556665852
785440099
565771183
778633357
554960581
683776182
553457899
804411398
687037626
763099254
694152333
598990774
787242751
548463320
572846698
572069759
568454793
672621313
566143291
769447896
659277676
741983384
610230103
615255145
579883399
709904976
695943810
633883147
696523694
718780492
742342582
601507840
634427360
783194676
649200285
584744584
739549494
563488264
600152540
727058338
762055192
662392193
618904327
789842393
676496988
629928107
551135113
647224131
549962526
552874791
538073431
588517602
671672082
576883723
801175050
593899677
650206942
603661766
613064953
714510630
754473307
651753815
542184685
741055549
689807061
715278926
547384305
537772571
688471787
679781047
639246211
712195856
622857854
594112171
616961086
600867591
778129346
776105935
634867320
713533800
727457172
625621027
677712429
662427107
602245625
585987836
772313047
656128452
757354760
626601615
774434685
738309891
589433185
706170333
608771260
613235921
545295376
568873433
777634778
620456746
737591458
574217128
588336794
710593874
619104477
763727354
699017711
710265434
596417289
634159083
768189339
676174067
621816502
573768386
792384112
722458892
735205391
697183480
557671155
636068806
605880427
592245683
721408945
690535523
724811984
681236781
626252753
604768197
607141705
699506429
587747017
678155800
572492242
726793496
714025482
715827362
700127706
768365417
770115222
709944373
646217976
789223939
577117613
588934185
788893105
797348488
723146854
572545540
596565888
766194756
642484187
672782771
593817294
765024808
660605833
690113967
763573646
607142560
687414331
565568296
705177052
669119504
760900615
745399112
683800299
760642821
751050934
781511197
674316135
662622410
664314258
771927147
614386023
594950132
657823617
804129745
692564970
545258326
589764143
603030860
618828856
614937252
661238579
745375813
701023614
771019366
789452704
617985642
750923216
569507327
707182060
541652101
658346537
742216900
786115645
774997067
572458530
583847662
712294760
697264034
680852129
543755626
769103301
601788059
794256122
789957716
642083435
671502835
697619230
792790219
538998124
605646956
794857976
609341481
784036814
636125062
687665836
740719995
559629128
785063480
696488339
620394446
659216150
537118926
667230254
560079369
582841271
718712474
666782359
719489100
643927128
542424530
617292042
692560546
591665161
782383975
634626335
718000621
668377374
772764507
699403716
615116672
756227032
551157389
556930114
611609309
572119387
699683585
732663508
751244589
549650011
659647525
576241226
771476536
643087498
606698005
752995647
603760485
662821420
681340735
729827049
734437762
575494551
672769443
790864529
554130978
715646662
695324654
615100136
579378290
796030660
773849205
700542949
790705882
740156284
706083385
742009869
798551313
763976751
784466921
621671182
607834003
577779505
742078425
782885573
546874484
618280611
727055289
586335304
635604805
738119256
787430169
655636746
659230615
761138843
768794355
761118622
672757795
686900950
726925461
691844118
553692592
724630627
640221976
674159460
616757351
579104420
693076090
691583126
759192579
623478104
596462471
727180957
791131423
678370529
722008456
560722798
675475731
726310138
599831520
681368923
598939785
664184314
756931252
599319021
541712373
588643773
698670844
775727477
617131046
540652101
626078398
695868925
645838498
621932829
630352574
694629583
601039877
711190250
707341410
695418526
710718814
585118943
542991305
666668725
768055332
565411818
580579529
779831267
582475892
661166110
773526711
796262660
672734653
713181517
744619139
748877005
554582042
672177971
580303632
670332194
550803364
767772567
691266669
612783095
722364849
800998181
636549866
659606410
790885816
758723477
770554278
554748725
777934326
799073175
667723814
676463908
680263493
738517651
612916495
756815245
749852197
753402940
780886146
579398438
640967949
627258909
595246524
624615411
716743440
757081925
715166265
715344150
782975099
658017745
667148452
689771144
726246366
662088917
566687356
622087667
579874551
538644235
785527221
660770959
616999400
696574310
635769441
746023150
671511980
734368253
573161519
611420251
639864887
651454676
674999635
558180086
676960344
552385386
759865708
638355542
627370079
702355598
605729419
784837131
675450683
727485839
734151980
724103602
543227069
749645880
654542909
628488633
755251566
737119644
799931209
637424015
611537441
572706959
602124163
602650857
592719369
706573186
775018828
589814161
660201548
729890499
767122592
729191606
539252413
581560807
729886509
654590519
709968811
558754286
751809656
748592562
619100890
576993858
771931570
606808674
781295299
595114590
674718205
785314697
557806707
634810954
705515516
592461517
771795484
572474829
797182982
729458510
659923446
724567353
777492194
591586393
659119940
662942240
796585820
698231978
556987231
736289488
588827908
734986628
776639896
770434988
715109184
736625805
606083398
546524723
569173651
743406873
595598685
624310272
795656510
804533572
762035388
697334158
541820405
779855068
723699516
722422775
788324795
689840015
731129687
725593204
754214463
546410899
696118330
728493190
729520455
744361543
761973522
741597637
767438071
755543636
804540760
595512478
779022128
747401948
761540942
600078830
595483456
574376446
619706169
765806644
550784773
593400067
678912861
689295105
741011631
710548596
545595141
654488193
673692127
717316402
740143659
714858691
583680305
576735064
542937215
648232218
657842837
768573361
764002072
578725383
736754446
722082331
725262250
781143254
622158460
749476577
587267834
712168948
728758667
797541553
780569803
721745676
774501209
701026359
749766922
771360180
593744487
685845669
691753622
737791083
645878883
613953393
698540891
613409386
664882248
568779206
739963066
624011160
553257692
604905307
615460304
685560064
656993064
748131292
604297424
566017011
570401770
724991977
679150953
646577206
776457007
593049273
545926537
609150019
686526179
571322940
677606539
768299040
774764754
687731461
769313792
586486459
653787459
764286459
572092630
645160261
636230565
765134110
743817512
707890993
672280774
798238787
563529828
716650020
783070464
751092415
659262775
623749860
659835234
794389925
746077357
653098182
615722920
652528865
708085859
636640721
649613217
698679228
698575478
710320997
694849435
689557243
691825651
607282674
634613015
761018756
627243677
748183493
543844051
581797111
778892492
639848019
597414228
680123967
669546065
580303409
710727503
643252232
625606342
615143806
748773035
622659932
712675993
543450680
550953064
634589817
615042743
542820263
641804380
707338585
798756334
634277521
645823764
538553251
756565720
611649658
754379445
721343892
718516316
600814528
594400872
553724221
608785044
637104984
660978271
621061974
631041585
796002245
622669280
792784482
667434338
775919521
759786251
582263621
766821470
732664005
668075355
783644342
736884316
777982480
569550651
622280345
682615793
567405745
624057041
759644046
779231789
607497562
783984346
747714517
646574276
597223308
780027200
553498189
689635262
614223140
737431619
571618282
560142838
694928774
748281345
791789207
690076039
557753243
582230302
729808565
752677341
799963894
541142857
635918079
604685964
610605363
611352114
760605564
766899108
728496113
564487876
715868020
721816701
684108408
655000450
718954596
685485326
645920078
617767496
560853866
768011026
614543155
596292275
576687290
736165822
638764761
749457011
752884277
708270845
716120887
661025564
642353277
733771136
650320046
750228893
746836097
799038339
732403540
789263489
714310651
763090167
779828571
629529617
759524990
686937592
710854339
790972105
637725081
762246805
564716784
555931913
750631004
732978588
776148495
753284377
577780672
551348375
585821586
635074293
699262191
802335422
543164114
609413266
545044487
731545834
557757373
602369913
683787192
730077464
541367133
683121443
656009120
793896119
603764165
686862187
621777767
553885786
630568757
776239150
575272121
684664536
602494000
730129071
717904038
770335349
788143874
633648693
608156116
562367043
715086697
536998427
551623053
736663116
639865536
546158967
719263371
730576544
649772098
794402875
792936842
570114618
729968323
720174380
733551737
596982948
599817473
673764241
673946630
602238419
769734251
646470089
646060230
748721358
788442374
557321046
588309652
779337082
703189434
602851016
659559597
589428322
578969044
702994823
617959816
781964154
615722792
723595904
550703101
692308097
651520220
723424839
692592102
675583836
687764481
538671424
766712443
698110705
547256070
664942043
693526907
760033216
700778342
794067498
792950335
776232100
772139362
665977200
742273763
704636700
586607528
799436799
791444153
687242256
790038279
726726389
649245142
736285577
543826244
578871582
701260722
798977247
753126023
797565634
781854205
635571938
680323807
712621789
696908639
751930329
687402030
579096901
675536983
555391397
696333376
654058589
610792391
610630976
567088555
596718927
686429005
801570606
703585962
704627158
680950650
617664956
700669067
547349066
745735247
770196405
548400629
701533849
684701166
785441657
725253306
613997867
802288107
734558434
538957112
603795922
794037082
550032519
543803729
601765515
731637269
633358225
798765189
674710877
679521473
665157443
712594376
789130512
788418458
630063146
552702685
762152661
687599412
661918607
799330651
667910730
738971179
760111888
733757747
670122605
670573659
701165245
682640187
783291713
699640848
682593725
580403827
752855803
662573091
798956653
666497307
564762936
609528969
792059883
573552237
738781805
602849351
711211031
797608260
738910448
636957993
569401861
580715671
756910862
694673054
781259524
562665908
537247379
680364898
793961141
703407052
634089049
687941988
687063890
669799033
610746805
771935764
560376154
689119510
543602727
753727239
542486147
783035881
566833753
680631757
579653610
743359594
756982821
652284595
768571389
804471803
742546839
785672008
782764328
634906358
727824660
755474738
645724543
650468278
650676101
629772276
785214716
696370168
543521299
685425709
790033765
550303689
797313650
661443040
803763403
782010475
597600890
555596500
601348608
654338909
548563414
646106000
716592983
748916198
593004778
645105504
672077533
694261459
546223942
770910546
652078701
713219127
631146287
690691803
749076536
673961136
722177739
628749521
576592889
557606554
675956480
559351018
686860539
667713506
575373921
631192570
571159500
627253995
713219831
634341203
770230450
718709285
741666717
541445352
645699946
641221209
767672576
576907099
619421166
654612787
552587309
625940830
797915975
647074199
802157739
742924869
661989942
732079808
799839918
646322867
640240993
694590179
544561198
793202436
614399208
538850566
692329213
789024921
747563281
662154800
668902229
795884243
548473747
558598121
661894994
787333970
674508941
735562114
552367397
771078108
595389156
802362840
590378347
781116194
644018429
614745798
585361823
728581523
626525884
768643350
549616571
605538302
650939429
724882016
670108476
763353470
649298818
588933503
692289887
541326225
570859284
659818061
698305866
784289800
682463543
607004100
667719930
661820103
548306161
578911675
543731434
648602874
617330104
666991662
708045363
672861586
615448405
773267941
649149262
600183540
761395916
649983062
642934602
646109600
787602171
715324285
693491324
744218814
626488464
562173484
715698095
746399800
753194857
801774548
719401898
547279530
588363572
622152477
658212723
623048737
783125728
777192269
585187462
678737451
780826839
584183923
560278540
632397686
787374489
767819353
655712547
661337053
693150548
620066375
770011957
701181431
611616761
550292877
748579886
606949427
736737824
719659186
748975433
704087826
664782412
757362632
725518211
677032677
734398293
651494758
710907427
579901483
608342250
602966157
720118080
802770659
708480027
732715425
598401530
657675646
654244727
599345617
715485968
779611667
725002632
794877381
584653065
742800177
571964770
738038053
662414741
737094692
633367562
699452503
601314338
749264289
775972250
719311035
582016304
628205518
784093643
705427921
544039385
597843373
675728133
552011175
725708892
689569883
565397858
716843023
587620221
639774568
542921386
545448751
644790071
602326452
624546037
574011781
803544384
602089096
555164181
784152601
635478444
645879687
785159732
595634876
765641545
632305364
666240157
773365261
581622334
672930969
747070030
683705284
703090904
549828759
758311670
684102285
640093544
650913687
609506197
661160747
542699351
771539518
730666854
720812276
539246077
631733355
566373312
766276894
724105801
675465361
751330743
582766190
723631654
663144324
602845805
645858883
601779848
600039070
679967296
775939538
703318480
558128533
743796528
568106344
642976494
758917968
648233713
595320426
803417316
797367134
644836649
609970713
697447047
562151403
585437219
615235362
625555655
681902507
542238334
593098558
608924729
648307057
676992555
621877522
780754246
767951056
632717053
784144231
773442110
760516196
647285836
568461394
595347586
602963554
625104205
716231422
647592231
602544067
726205686
579285764
745628287
596011889
564820066
581719225
680977385
611673937
621723860
738689013
627470299
668844710
712041789
578981239
551034722
721424201
685085606
655921993
596327832
796804076
669512133
796772938
620697742
724658246
704489910
715709258
650313675
680558722
737570138
705486221
709340097
574021223
668053273
553652650
597197728
549145108
652484967
561635515
670501755
655686076
590471607
787192152
536901321
792020898
761185065
652358006
548817099
572113602
725586265
800249366
751568942
548730995
543401065
653073785
693222730
775776034
660251924
575863624
787982438
750492954
787206406
695023598
800250532
652338501
760660593
690302184
638148045
673014172
636408577
712983587
620803300
769259080
670833160
646228648
608883376
556378400
796636056
578148797
671375716
667581789
551329475
685178316
800804134
720342269
793270466
668407670
795629452
556643264
714074659
762450081
735367057
668056080
644433406
674879244
756442912
746967886
595846773
796520329
616583710
706639477
606866834
618723342
666086911
674012094
600760580
612737700
656704815
705650818
649564258
646567384
747123997
677521139
712983870
543560381
754990454
618108233
602007518
674366227
791439366
643004839
713989859
603086853
613305201
783140333
689291412
783138232
595289813
638691604
572364627
752003735
707767896
749481744
633767652
538600425
607304318
588205352
655249295
770742278
569116210
607994987
767396996
696842491
752775065
653435970
735129202
715470290
682348465
701650291
801904929
769638861
766116464
748589951
713746337
560394404
709498690
665843637
773748936
572288134
733335672
756167396
607712108
601377827
555247484
647707339
585227881
595923758
727714003
731052370
683853488
694658314
579309762
589725701
734415992
775902997
555020734
679907997
731876444
763254064
756577610
669781150
585229409
653915475
684089735
696944214
577650317
756370345
632117136
692672503
791582447
693497381
544003854
653071343
655755915
687606802
614724058
568248160
579626090
786317951
624764189
790079665
650699515
582591088
715832129
617685204
715804502
630344050
688359949
667256014
713902885
798656731
579064533
568692647
774432207
661608222
604277542
620951388
648739605
722670738
609460353
698127583
605259954
648616428
607089939
569971783
609365508
734844545
696746924
792815563
793653896
573522933
748451421
620525590
801168072
571523323
751562353
776481374
560710356
791397480
803332764
603812996
657171432
744228191
553145547
580394233
602855950
640822308
764989220
726269001
680608856
699564111
592355824
650173821
626763646
568314718
600417819
668043362
622153084
622488458
747380959
775069495
614176026
686698213
684413731
650859146
653521376
803535279
565101389
756146383
755704475
554871705
577981272
594672899
546500023
753709406
648635896
552777988
547591697
788993119
708474993
646401563
726523245
600671335
772276662
769984069
613118802
726634364
708652718
595342461
577072293
766842914
684756172
706779563
721819419
645883728
645369730
644356622
717507205
620165833
563863244
747095296
633428596
675352210
626645532
612133208
589320890
707494202
666387937
708511312
798369670
647351356
743426850
602098440
738559168
663250157
542181955
688904577
669972715
777342515
737998530
651839772
553590683
557578634
551527431
783529029
722760915
691587271
677058287
598447842
616500623
704162438
563546997
662854280
697044272
764810642
554565743
609755539
538655411
645391574
624709059
602449686
561631170
800324641
621323466
641743291
708085255
548734772
664951226
719148294
551555036
782063213
778810453
736952708
607952862
712955882
724619081
710209553
752098708
772794151
602618190
651688885
675273975
731085034
718376982
696141742
539878903
794792696
635857999
685288430
704343101
700255047
671572276
689229772
772878386
606330924
763163202
756166170
637263169
598101213
751213330
577552746
586661081
660253173
556537492
732323136
703826026
574895086
584620561
719699358
659690593
638414775
684332033
546501774
738413083
610676363
584703008
718377007
753031141
738154061
717024196
793208804
756335289
776622994
544207538
622268727
647422624
542170391
588051358
764050358
746016459
600179060
569594963
730355750
793519442
712517775
700223166
792634306
555738125
743267544
783439697
786763999
789288821
796995100
735158542
628099452
688514532
624148677
636832395
679456270
706075250
724221283
635519413
573349742
712428300
787023630
613407444
679983934
616756095
694132018
575256928
661640635
759947436
743551415
619322837
727935738
761387223
612361002
621169307
641641062
758517394
799820458
605045873
790115162
738418239
553583414
771984513
537077833
762350491
695791510
567957557
761611462
671620061
725132412
772452521
783501234
750440093
775162573
548397633
662817225
676137259
569748203
733462904
801537053
598527772
761151291
726795211
580548052
703955880
651444833
543977616
703852167
768698587
583167477
801291674
626550067
653593507
740734337
637635662
752087434
650314833
714326866
612945232
771868890
775310392
583918620
560883751
670895694
582215918
706438534
722307073
600103264
713906140
712054461
546357165
692038906
539561181
576276266
576528235
725812011
698426315
689871720
793725642
599911155
801898107
681002573
670317892
547334870
587961056
562418866
659840156
762583729
624790239
759427092
642277632
728877083
646465691
635134101
657424922
740470270
599927076
626021690
606513268
547726088
699556057
599771578
564432735
580985733
651887910
603510003
651243264
707942493
709787508
785465184
627393554
615299586
573051438
630126248
720622454
553428400
758576938
547511733
625171716
613116352
624496768
645821043
599933581
758643882
775909141
634534141
726121191
609229451
780100479
743277696
635305389
575053461
726545729
739329359
596078825
599228104
560140555
690114873
657220246
784553438
725174171
619049635
653727649
797826311
773134168
769902169
611317568
735226108
774053719
756853002
666034085
766518053
637112710
688094949
538885599
556158166
723284278
739318287
572524985
793849336
650411735
567286689
600950718
761047389
717655628
585112380
702308944
626499547
569986669
650925912
683252228
785504401
608926477
748957463
604499976
606623179
674490691
737569416
693108364
784491595
647178705
596571638
699063048
606454298
549646599
558794155
574374221
697368620
770990980
655205047
741908392
637737095
758802271
576657032
747505710
600640780
614242671
588330312
798598354
719054404
664000762
805221901
603999529
699786792
723447321
749486129
565840017
756264634
659969410
572669605
689648642
725721267
592795410
541759841
770920663
622811098
719878824
581458071
718995182
622521066
761630817
557592248
705944877
703565557
682648794
643817418
634976616
621165809
648800973
560355225
668304527
770892037
789582587
648836245
671876590
782335936
775855131
711609220
735357369
795466822
644315474
711734624
661285629
679656645
580465724
717727560
731326633
797857542
794972361
779974089
620757741
612428731
586299600
794966305
714012135
659554552
666066992
776000337
619537249
605963460
692835714
649197795
702572731
545652466
656085022
557883825
641582035
761873687
585619856
648634996
659760533
725657352
791742573
689758078
663801795
804058164
777278046
537731673
683477589
770106443
784887444
546223411
631466095
645703765
766266008
708882848
755062762
705988313
784818484
676383912
682101574
647307976
736183837
720159918
564284384
538417021
676877480
610927058
654039783
540248848
683945887
627366001
538922464
564444203
694184720
737171613
762217391
728866712
615447641
611037528
543144344
540752227
548929025
633039286
602332518
762452792
693762859
702214413
542059646
683817978
692536259
690441261
776461776
698075498
730117926
597156231
549686583
679398984
778601041
611057164
732499001
707972170
661989766
706932084
634758695
687615866
719186638
616311103
553974835
566711760
585682764
722519168
591598249
713586242
588023422
735478282
767476639
557174695
743975698
786360139
726623427
669893120
660184037
664326250
566754729
596915408
714776283
577042850
759067059
725522915
541732708
682752827
591840682
759901240
555289032
676579844
640664994
777725243
767920868
547365194
618509345
599311381
638556948
778357936
665811614
718802809
682335393
647909655
712021420
610747413
583580834
626901740
577981558
557125057
640843788
693563123
764549886
744275167
735013083
545988624
540386954
682001686
770944736
564002354
736125248
607289307
671230994
721521330
660465485
718692892
676124020
609471531
648141801
546340302
581341646
671333764
690793121
642247523
635299039
724265203
582894474
689728498
685239561
675613151
766169337
786583118
604196145
586948137
637163883
616295646
722211320
697810965
587557677
559227130
544914784
762910008
581491438
547805605
575245104
680204898
572611373
712833616
569488280
782932934
643477562
634185713
568096749
704058405
580355646
748086492
625726013
652525462
615239416
655128367
739898466
623243639
777162444
692144970
563365618
605353345
774457552
611808921
737671182
742300834
785005707
615758460
579759696
785754491
668314300
636679950
618471307
686185873
668337723
541997794
717382415
799495342
790639979
672172402
770115708
802312632
546282541
651800268
560538569
733644504
542723423
652509620
754378656
574479841
555657882
735177343
643769737
634070491
794704384
772467370
657505960
632625728
706804383
699886060
720725775
703686026
588588022
642138709
795962602
583186087
762714374
601219350
605511664
562411749
772999102
628799431
670579202
655149252
550272237
711507705
715276737
590927189
553861318
792066083
654846430
618792164
550536970
645099117
754960213
786453483
642568613
554670234
558910202
788752619
633394111
617729726
637258839
616575279
577837082
703292618
582936270
553038976
728383148
636939980
739205212
787702354
629109916
644616948
552513876
584792734
565650739
753973841
555230484
788880128
560076592
571924873
558246732
672257881
686726650
624808550
736486022
543110265
647078024
713635979
750930223
594614692
746419432
614206148
587036274
574303740
537510423
716490644
732435741
762446576
769550645
567380650
639819341
677365158
761450635
614130553
583891890
738231823
760949979
548903557
653160173
797093979
680017669
584627715
688243880
800317182
588100603
633251141
627538797
705190337
745187060
561349242
718149502
784327139
773525737
587914818
786107646
546820061
570551919
692603575
663371928
667909637
684359669
784256210
679615653
641945005
641018876
581075621
689927950
639861444
760888455
616081737
605244282
646380690
751857484
612288020
677857593
624760374
618174578
575702676
655638296
584289058
597409308
794495157
610503441
754658604
798146397
735332462
719400831
788322748
621829729
758016629
763863608
692017476
556523690
764004794
591971702
733145486
592241046
631580793
708813336
695391397
640014988
607123795
638603397
797291742
570350898
665140845
659967763
764034516
713601161
670754226
795267365
716100735
632227727
748256323
709950115
661431502
705739095
644365318
785183934
584015909
696050953
692669619
697793134
694531086
781080962
572059885
745654988
768448822
556517626
539196690
592545749
663965259
719142897
667511496
596212300
702176963
787022169
733193676
639435959
648982448
801582492
585199585
757291737
565350091
648186920
646919322
573333310
626643631
801848555
654078490
723224704
683507705
646810092
584818854
637711921
689409347
617899631
606175533
539795649
678973794
616290426
663987374
797519909
589924616
599158361
696305126
703808396
613639461
706055595
634153236
609485590
583259621
723643294
799783164
784154384
576424428
783945444
555256104
589987026
669416289
686358214
789758459
789763876
742137540
759247006
788060039
621656766
601124591
618931416
783985136
718266397
621931362
702045063
585079931
639161350
684728704
725569881
766438092
750927341
688447451
576700204
661958305
753138826
680185349
700914243
714799226
634817604
798953534
802221337
706115217
553693416
716828700
593961040
687117168
577896291
679181319
554824387
667695024
766772103
588586364
723940959
751820032
704412516
561364593
578061566
766199646
706885304
709314365
757700538
733168766
579974124
751985817
800446013
754882886
572065962
607849697
746017337
773395316
701214568
752209635
771715527
673292948
753932086
675882064
801828740
706454254
682767536
745661824
725911457
682001491
561507993
776628234
738168913
770691814
597445434
798559195
680494712
596064547
545359613
584152285
598769090
718239474
799520899
645651020
728810041
706964312
552991119
661437304
782497384
646495190
547589678
593603462
596404137
550500970
719335904
790747825
795344583
675086259
690092630
643148435
709543218
668474161
543757902
543764804
582824659
656448290
789524132
654455490
774181286
590798011
771716342
618872947
759025664
721074625
730603691
647604869
775005995
723356703
726328827
714937693
619726050
551721685
720479186
630372774
790736586
633956083
644268666
722704463
740353655
562677029
775599547
766282585
540845062
697493665
713429467
632364969
649140681
716854309
784272902
743723301
549737453
610510761
786660219
793984837
617713337
754135892
665908758
771388888
746216584
805006284
590120708
586044571
794291077
785232486
612666405
641115195
614206172
797173580
622086292
646663556
630468269
602458113
731139468
757310097
702968500
646715894
555419512
752886832
594750453
755850551
540547700
703976333
618314184
598132577
737864724
569147470
572730252
724263292
555333215
580897361
703785338
640867245
712460423
585578390
643170715
622682335
671805490
706431852
708512309
634407824
599357066
670965600
620671626
735565524
704388992
791822618
664060800
769837658
569250759
558077754
797306266
580612447
558444147
584721774
655710260
547464386
779920538
644950058
799170263
582596521
710701243
705878754
787838097
745346003
701756876
685115039
605956695
618481436
574025243
586446235
640049141
768964066
574453160
624065295
764400686
740717559
603212488
645254900
663380159
789148612
690590110
789364882
707916218
593678366
760208486
672501134
546382247
645350108
652245436
767136129
614418218
643046018
595443503
595146348
563268807
747351794
651477816
641607889
685095337
799038805
561620019
647778613
776437399
648812157
713487671
795036926
632539088
794750929
783099274
787411851
692813650
670253906
634131510
611722774
548336507
734509997
637472441
682196935
786373752
687345710
620758161
760226208
684288178
593447027
645956400
638566367
555139327
717668995
613578440
595651692
610018236
579144696
703645419
649115326
769879992
754221268
669817241
786195123
620609913
759443716
751986875
571359833
721081281
698030299
758776215
752986251
579857192
594126812
804902165
543456030
760032969
665058033
655247831
727552934
621062037
709679104
633862507
800661216
781859564
649192900
786704497
750494087
644496743
593632774
596105199
712694733
698140839
795044008
803089045
747024569
620061614
630962794
621921169
722276205
785632819
583249249
559980142
803862419
796521898
704618732
582225280
671687299
600941704
558170089
764061002
617169602
589345593
719823219
795948205
646874065
606339932
715258000
612200798
662463417
647236103
543517237
646557533
625706877
651142203
761465059
657449664
780649968
661809243
591751141
736442949
540348751
607078565
610132549
785088741
586103695
723868277
776558423
614932956
637484913
775872538
672652788
596580200
579652746
729562602
791260558
554463554
767307460
771614237
679202314
803950292
685608280
643222509
686150340
603677121
617626765
592530152
581993221
577069467
673031067
741935944
719583933
738957508
633217813
652392167
668841211
773795888
741954342
616128557
585650414
600642213
746845453
599346481
725283002
538501467
724863706
628434404
592236383
750342979
566975586
628200139
560393829
772852706
702167287
707768260
795141724
617322545
665794153
641183229
734047374
675531952
766514417
547704661
776614913
797408574
788651010
630820803
740227093
585171725
723052541
805287257
767624765
748414117
774592240
703703415
680873662
798878746
541954117
642385858
632393125
608788152
659171123
595435625
767280247
772446542
690788918
586377945
672368045
728353932
589381416
675067778
556693374
585132442
563040559
653982633
786626679
668838227
758914176
737922263
697272084
804508762
687233355
634493960
557918498
708291214
607588170
656150443
715639791
619784756
574690553
703222330
719827452
546984163
639711626
685155172
690140932
582275594
746703068
764439990
770290106
671870330
606455843
543014983
543456722
785903115
663306375
761136144
627860453
652595499
637748769
741623231
615863868
538461906
747424781
674771455
750195441
751402018
665522259
735571233
571199259
766015416
591075774
647138961
670194824
642112795
758905356
691596046
762748980
550543075
624957990
693136436
642627478
740557303
784543281
693525254
771016257
736939047
546620243
756696719
784330428
763974760
629683845
604555992
774080035
721848282
639366837
539139032
666148588
710880235
666214439
643129870
664602036
753565236
552068807
589635854
722337358
605330275
731752048
765879572
794580167
742701245
592966863
796839478
696680305
537439251
789201132
600834609
634809540
643813253
685800521
759623355
770765634
661134839
551320846
711588446
619884130
564924401
588767337
679881658
682090028
658374169
712501366
768295763
675575071
750367602
738628244
763439490
653398287
742229412
595939456
716267296
695413281
607423881
678366150
684438782
539732205
710780684
783718250
736935246
547611113
648650373
659229444
563686133
741554333
750892239
776984422
577982390
667293394
540799475
594708119
742769778
617658751
746092430
584612056
611365615
642284367
598742310
749911644
567920074
785402767
590403320
587051175
592413025
689840602
553657257
553081284
784600295
716929815
622018720
645277764
593796581
637008601
679644813
636925609
751506786
715908019
548007452
661819122
787592881
764284441
630982458
537965096
788365159
662268521
614673470
656978710
677564822
558649349
557715059
679161527
706702427
728227379
608482278
580296746
805061433
660671128
657891711
590489071
784832499
716559102
771163452
676410460
678353131
657523370
654876348
566113895
687094724
599074660
678278978
547506459
686526148
674272538
728820166
726275227
778642934
608599747
601351835
660277722
664246016
739841100
723274115
667138276
625608652
800248344
578003460
706291461
546615843
777092256
582065420
539085803
693997329
669769912
786277689
619019030
604524687
778794472
557748172
689747617
722262383
804005021
725895994
760067633
732204770
742499479
770536975
691585882
776523280
707967136
775165890
676866020
587580173
743262490
656573353
777738315
623677127
584189310
782808653
793834722
563944668
564227890
598676282
675998155
610231266
589746909
558058514
732125317
705446729
767475939
660968531
606837019
652099243
760886747
587648726
792591935
669799649
632583973
800148927
757897623
745263663
759859750
674788233
700856058
715081447
804183869
645788093
642221784
565037085
753750584
618614204
646805894
751328417
799564417
756721150
795227249
746557676
724933402
720541882
609860083
662097806
796356891
761850571
622025656
756036662
589171272
758968311
590968768
770803362
750877255
664618213
650032851
717188889
601846360
662489775
642260150
712739514
640921247
591883479
715012683
623093019
545040614
736260975
765867456
765394766
709034305
740426281
700293242
559994430
542084589
600280409
783130100
717468817
610138619
724651602
643569785
552394414
619333989
537283893
750347390
551870310
594198263
705203788
545691526
545949755
675579408
676575498
788363334
645484732
620925818
735960052
752185270
568894529
792473071
635894427
537457556
649989347
608952775
693298020
655921768
704213802
756559956
708116183
767469462
658319527
662278352
701146370
652460297
765579182
687849739
586081382
743088799
691463563
791937831
542761952
797057870
596483166
624174557
748777506
664403509
580267621
752702756
764529601
538792704
768052974
630441497
693645811
645847719
758365026
729129764
547208164
781401707
663615321
720098683
781816704
620715506
652691447
700557077
610646836
623048621
785122879
711293230
565641177
785760341
594198825
667222013
754556197
745809281
551874099
564441312
773648940
720209565
763771928
638427135
608589950
800554616
614451107
551413241
631315325
659481263
694518474
775853326
639556677
672830090
694492307
611259994
591582249
769531674
743997621
547008966
783759049
684225666
551132948
544639050
774857146
722279551
779340446
768133716
577402620
779746994
618274137
674075412
696982039
622828777
792864113
776567726
736795446
538056215
731211844
682037210
572165989
716667544
538292156
665755734
779915797
761568020
739322373
747888337
784589504
547230267
566462436
627753687
620328317
693484041
790141846
772211566
759886538
624735104
694060777
649938898
773616435
560113168
785613440
734988058
748449666
574899880
705667624
674487739
618627498
610267312
752805196
601920437
555979515
672137110
783196409
651642160
551568229
670690553
586930709
696717837
738195671
614756099
605939314
643557798
568330421
592616755
641003112
802490240
805000362
758516644
791293934
723472223
573363945
727318265
603490020
562845699
554720175
705733970
803487000
693779719
539637007
607515142
731636934
546362045
762571442
750505104
750255655
547317384
572810492
538634646
743988658
633449725
713839550
728229581
560649908
546999321
784867028
674268347
569180730
613413817
769487499
648053457
575262102
622073898
545296391
561844940
600135335
671935582
617910834
696126331
714267003
560618566
654084706
634511142
741771690
581956504
672626274
604799376
696746680
574285370
595374474
551173085
652919134
639289932
610626346
643857480
801035468
581791425
658540059
592856330
762232876
751419398
756930435
555875224
626258886
784562064
601416628
679333708
553367699
680652449
611217258
579557762
542423232
563765556
798153943
610254114
626979254
553731977
548242490
741311344
796898328
638672787
580016577
761692055
779618867
803520695
611075246
767463553
678328490
592171224
552888694
765184020
782659306
798314879
624503253
592919034
798105848
656455109
625214824
741867268
600496317
776805860
796793331
609207731
721898802
760037023
672568798
683041138
692668716
616714189
641935605
792358805
634068776
538253762
660504997
778898803
560704918
612410298
740756537
651047957
630207530
766493077
557280851
759991225
710102264
542553257
653962512
654828466
609268352
794792653
562590597
744662567
758413777
747983667
744202837
674299312
549712190
548397401
801589594
683894786
773520121
577206965
736014157
610118474
745769595
626081112
621860177
616387378
750621581
602746896
651825917
783576780
775919768
675224721
652245907
723638769
671042639
575940389
665844151
670604119
724502387
637353067
710016908
575589693
767390568
633847146
651915513
581906143
698134156
578009650
685510781
783915872
678541335
710146988
784990724
745643697
599753799
716131610
549075749
680920881
753160025
727197982
576689000
657298450
590567367
677678184
708834288
608837871
701300776
748611169
554939544
693868534
799077845
761458027
549139604
584471805
773439418
717688629
577099697
786462172
543539573
802807227
705242493
804065227
611975883
732501401
706643290
638856325
604966886
591644973
651412324
668358309
784480239
641655982
663311681
607068225
573365427
621865470
695246734
669326236
565756687
553017897
670348504
571147247
607452955
775262217
555038069
613901670
627352492
604971975
677576377
637916745
625689521
671402059
671716595
735976508
573834142
755800040
733918635
678697983
543017312
695216807
714157969
554365239
565915270
658525323
653053972
795779781
686109785
737707884
796669335
566618033
638937169
650883129
765933030
706503726
760776606
753087194
663324647
780569337
687318012
712137943
629394219
549439181
690436633
591386588
716837078
660106112
642886802
701899932
791874146
570429878
667687217
751986970
572847209
666198462
719571426
574387319
669210733
710838720
542321537
631729686
635657059
604960452
546239413
777198435
558493631
750712826
709190720
695534847
767470911
756165712
730476352
626379510
719094549
744774117
577785903
600099055
602704812
769864259
542494044
575965580
633150382
576568150
606386576
624290101
590548623
763504451
547330927
608190530
756158808
633705446
600136395
638916635
762073666
619364291
803278808
574394427
723153480
727654207
632586227
637686066
659078584
723262291
664753867
653083291
713339449
620944786
781890011
570367306
762449186
663073949
632137931
705818463
579515788
642764784
652910364
717795163
702345470
731185481
601493052
766083403
660623110
691911566
605154960
692323008
667789566
677152926
767938769
757518288
736034919
677327603
607426681
634845676
768864091
571377434
678998329
547934709
562144092
750593501
750282966
750195583
706451576
781011340
733649612
714222093
651016655
543599542
627292738
784627096
544923128
697952617
779379162
680334721
728489425
593220638
747537165
726580568
794064926
741685212
756998535
712444290
542842314
656858898
540300819
558677712
619368519
633809768
749047894
597929662
631581062
707222758
795498866
664349459
794361289
573912400
698715076
776293004
607502544
742860050
695503883
781950385
613453688
588091258
641241527
711785184
660619760
649058981
694963036
643945447
608918310
658506596
733179823
587704206
758662120
761329609
752637200
704497312
743120841
692770048
721971490
612847905
601492403
688467685
754582325
770746437
583984794
643900499
733900820
614354175
650645011
630275083
586386279
573270576
602194887
621888250
676842164
669354657
612375974
793151975
596786078
665940060
774471524
580039137
779105765
589837284
710708852
734202837
724229278
696835793
744090972
673420629
728815736
703319189
611189313
777191675
672787249
622842832
557022445
601543583
601998005
681394604
552192175
633613718
662934445
744559905
787846995
632622622
655211490
796969604
759807950
720066891
540681694
599851545
680516197
679053180
596763533
605998299
778017914
624204926
662238293
625618905
540643385
719365234
596957842
564473326
714599937
737930880
740395401
643640124
736969798
711962492
705494273
564489826
626119012
757808357
627977519
569210324
789682081
727065421
546941511
641486964
585769837
550316290
571921721
704231163
745674136
581894675
714468268
610792317
681052169
703008358
764026514
604810494
614502074
571480303
770498090
572746907
640175730
790220764
773127522
801323848
700229893
749864658
761268911
603318078
540168967
697498980
643851005
685432078
798483983
710417646
774852542
711006049
643872935
673017363
672753114
555076800
744593302
769255353
623323798
660847790
690923719
698190266
574012830
706419752
665383433
559784746
765796414
565455217
567013094
791584759
741967375
592363106
697771161
612634005
676041695
576440764
777292918
717343836
542033792
754149730
537168058
599744024
595159420
718018296
676723221
672370281
653870507
804233103
652699869
540723264
660423780
675779761
618138719
739367897
719988253
537291367
654205398
653078015
584839475
684534735
735145698
684122327
599037609
692746895
722319598
585882104
538704444
709876043
748240986
735566075
790494902
587060870
721057455
706569041
793883479
539921184
676966671
785977676
659066312
651718452
788681540
641368137
565347278
613835954
561510898
600706817
655504646
597908050
660969996
744673844
645112661
612481578
751331570
550745541
783222331
717609931
726948207
662822468
790461550
575580309
669839270
710877292
781354581
581514004
783389563
700421946
682425114
755473299
569798052
541905778
624281720
777787700
794673452
556542043
646473547
748472735
714878862
648925914
597270948
726614811
703735419
661046890
703116880
598077437
690519911
562547807
599241521
790864696
767647327
579092062
646896970
705771627
745681640
634434709
578575321
580476575
571878835
698295418
566997128
647066226
659616266
761784566
546359199
725702134
595177129
746515728
734131175
734821639
563769586
686671861
716085889
565459240
637304582
581180481
749626540
714183257
541810884
565791410
633001692
682223240
746860216
746217684
538951696
656884349
622968435
604976177
575446571
705063450
784314889
633877572
739686351
705533177
767775579
642978165
582581605
596934634
726597320
723792604
760092722
714748640
778120215
794742025
591665815
580640333
745243803
654261699
684647832
678600647
790578199
537111927
613919772
726247512
680752628
559606223
655031872
705191309
549738647
699667909
640085614
676094817
543322181
607216993
725453259
722153084
803150046
698627079
665821674
659830617
620336235
551558427
609198378
670936449
602644033
623167166
635505879
696177431
760088478
706813907
708406738
699267656
629066577
685147586
717415861
636063844
749080439
736935745
697949285
749831877
626342671
733364857
742324092
715076797
803876598
580435619
804795453
690879268
655306559
701626322
640841871
727627333
694330991
583533127
614306990
717381487
572022874
579179386
663335793
643646026
752704180
698102865
580788414
707305995
613179794
782136471
719117641
713713330
715645735
784436569
675858377
631018710
660639208
803256450
559894469
702120037
738872112
616980325
632197975
719125503
657634434
555242881
739291572
764569913
563943907
627160039
635383349
557496178
651431893
789113031
579312091
575928775
791670103
667428654
661697034
781892103
720933034
790161277
687628544
708199016
580235555
643174981
737693477
756065835
687397359
779226245
749687869
639509910
594596830
787664899
762427545
628287204
709013631
547357555
644615811
801151234
684298969
648689599
569188612
575408409
767781685
764794279
794715654
630182229
672026094
634802100
803749399
681699105
660062757
639193928
540417701
682301530
665095136
718259798
623678927
543404385
755925047
646026904
766746886
766050307
727758844
571284776
770722445
670390431
788459930
606528864
576931132
778066463
747931389
547477907
686622941
697861123
565537689
584057537
741120517
541961678
673438165
538418191
649946049
621918454
722026142
586455097
724513282
656309507
804957530
588277093
655833035
727316119
796940679
593879305
781284910
590563720
561893782
620647317
775582525
721394974
549919176
745562652
625012272
696089411
658939033
619502148
763063276
749629446
752346105
592751767
651610988
648666854
747022834
559496380
624894628
772996360
803470735
755543773
557601387
588835281
743208334
749015799
797232587
683175489
701848806
780223411
755413281
544131525
693931965
759206139
777091903
657487748
565580301
627033727
689757912
558389505
763653870
765838752
619723459
682010327
685420735
748406783
607629517
701300136
765474722
746263294
751679629
749551416
766574622
621031230
632319975
790510608
546394740
688436454
716598471
605250076
643748046
644746309
756643776
694814415
626427537
754762619
628006092
753860660
636867639
771505637
615505179
743553445
629226108
551740500
695431243
649197728
778613349
548089768
649946125
661610274
705904861
684867295
715397679
792269182
690798468
729781374
628489918
675261182
778782688
770519880
700870679
768895025
712303901
735659445
685929762
715556192
780717105
609758839
691688988
679383495
801674813
586463298
655092228
559948261
728402847
760245851
667792619
567193099
592512877
723663045
790228811
787455659
588063498
564860209
629945420
647268183
770705942
619942866
603908478
723013123
699713213
566332087
781443392
732082399
558838170
551910723
566637920
596545023
591726948
794855160
786262632
583375067
595118455
724094370
595090409
566170942
567478568
600057182
586947089
709835154
668174826
653166636
800519532
755149678
703483829
576594673
654979657
653128487
690935666
714064626
798895457
742046814
652416619
733713159
721317773
780958817
585545207
695031407
737360562
636269771
553371635
601037035
743212073
620153201
698640644
603144462
740371330
545038587
554121828
772991677
635700612
626795618
670397148
618946066
653047287
580284735
652641599
608260626
606197668
729079086
696881651
770544165
683292985
587623088
726089053
798636846
659342580
651869023
721175328
641664819
660504933
668125461
694022343
619407168
775818108
705269368
756356814
615738779
692256453
770054195
585667319
799278276
540764480
755333065
644813249
704961445
713058077
774888149
799446837
741249610
689262668
761996176
723283825
717841787
745084161
570266503
798541918
601536961
573913352
786515858
701375589
540226076
753547356
791334170
711489007
615771879
733451574
669335064
601468359
567668518
625226149
637498182
557710760
636439246
544614246
789732701
627799938
563021883
778166785
667991299
564110010
740247165
717366208
560926099
750585088
759286970
787421788
578267347
703747314
740415318
612293152
677834110
615481736
592392045
630490894
703626122
781524776
659985698
798589872
594478937
601123872
572613321
676095437
617414303
672403432
786828018
764479122
799768566
582678251
539728708
654080289
733928156
711694248
653568565
579335139
680121012
639348480
747740114
727195890
563807021
700589321
620519221
737976187
648455770
717399541
582865437
790220426
612644287
646544808
623596353
658975207
711928928
676666237
782188548
755720144
664519822
763703903
734748263
676471329
701419616
715208686
741766158
566374682
721665590
746393464
606380636
679691567
782594468
765072636
800436045
573846162
699792959
614566757
727935057
580895383
750580121
651215433
654883649
720867627
752558475
683454770
731563091
619872324
779456870
604509556
781212269
540089682
633771588
783670338
799347809
739979102
560650685
704147925
703588584
666716212
720998066
749993688
757481168
763824911
552178125
595109128
721426702
621224268
761313475
629734135
584284259
564234095
653454030
633238575
711614026
769900799
626749978
590390788
587587450
612053823
770868220
661847212
799744645
602177104
664176983
619856537
736469752
681283838
582913776
774861338
781998146
730682338
676166283
741739223
571730750
794481467
669427273
624099165
728208200
765717891
601494191
601319260
790973873
741700436
606850453
794353751
728496059
588492243
770914037
588482819
690522972
537577184
573166723
661602097
728328804
595285206
639094953
574104586
593011607
614228416
549109426
761034901
689641911
638243785
571644088
794707314
631196388
564795700
582585671
636375104
772879508
575986551
772775792
603811211
696501668
694864990
588874081
701202169
690005060
694398392
796778520
697559753
654678689
651275696
685347228
690909145
730889677
695120535
647616520
665168422
798901750
714464428
628857153
584011035
545157729
623749510
652227661
768712159
803933404
776306476
712861042
540969483
562201157
649131176
732153022
777525411
770255598
709718722
803993648
656844314
803408458
788868416
747273371
739391075
707860159
706588073
681851089
571139516
598231796
665587489
593059415
666580358
764708535
589206320
685367021
652143599
631946402
803400623
789555029
768460376
652343028
553812450
606350994
626266567
696129132
631602724
717837435
691506957
586244161
783772671
720574801
756922007
747405936
583861412
636290172
702394691
751360847
537505400
578888054
627913041
719384439
669494847
607458120
640837946
771450884
591863640
763320107
649347656
594717400
741901237
559402782
702119390
702828202
726815093
647026063
688186512
566362454
675539108
696896881
735803215
768884285
678220346
603505302
726159091
621327059
728267123
553788893
668969317
571661245
783319614
743135884
540206840
551326408
584563830
715476328
783785008
709190340
576359056
776449238
588053599
774285963
599634947
553720412
655611542
628590737
736391052
633724784
620590594
591323739
585562822
590374564
745987033
655059316
705302717
626089908
790380863
783218608
768948687
571628341
606989552
744311694
770419460
680236712
605486374
621975101
720169565
628415783
651356621
798270554
572495363
688253879
676265536
637466571
771417230
662289310
643621647
664581463
552185736
759179139
747738623
605044792
552259452
606159540
569368314
609805541
755666117
745751919
549091529
708102422
636801439
581352815
742809274
799797758
693860545
637857826
538538911
581060799
726585111
746219134
667689423
599753151
669194444
623438964
669649794
649926471
595333124
606752471
685632046
661313742
604433520
769776011
794194980
586331471
740235741
716177012
726055699
683278977
607520554
738948855
674778263
784565763
603629187
709174173
595775061
736029336
560554890
671851136
545193174
566005077
744052322
736994978
660360369
785574633
750276236
587492365
698496272
672357842
749781387
654916991
755810325
734554580
578402196
639366518
732088418
773129952
773714792
613638139
592069847
732748839
659458103
703133789
574508646
584943270
640001935
707502347
539653965
631400639
581121350
797785988
678744654
646338975
642752292
673058105
551664627
779429980
561474067
794083157
544466786
751289098
599279946
620477855
685932600
767126074
578350673
730150104
662440069
558992023
780492103
605736252
577285928
747028968
599420723
609118754
631955204
601597304
764165379
781987621
590135461
581057082
622810652
659494538
634804950
688903861
798796364
606721746
612631163
559311402
638920495
578989005
590677796
722476349
571121680
789757623
704388673
703203345
722290403
620367480
710104020
703908024
737830869
748968139
570459426
662408382
784262653
580419268
571302407
652714552
690761971
718840348
789163718
707109189
728699114
794203451
699132736
744867869
630377944
638221893
802110443
748235190
737394476
628160047
562318614
728221033
611887440
610236351
725876425
757348008
618387066
566653251
784961931
577975517
773031969
720185366
768776969
725778386
547979315
681417861
674996194
754120921
721890193
702648235
736328604
689211390
619396760
593291690
555089086
699912323
740659666
755199476
724826884
572012035
706145815
604611746
568692696
672624406
689936190
648871007
580691271
741281929
754370965
597147045
658253441
789163823
739475122
743760228
675411471
599078935
792131513
661497381
537139210
651597116
725036308
685208428
620025106
707342181
704718565
585961706
667207219
587074711
730275911
736669690
752757581
719489532
555132706
731018883
682574868
754661018
629558425
667578798
625435464
706892741
638600027
565174741
619022535
607304381
672569716
553407756
541983095
661215473
804400539
769439078
752063746
652235225
604103379
658742722
731918135
555207657
594969781
723521222
635307310
559807337
654457901
687759509
741434963
653539251
541339105
649778861
560957935
575252800
596808546
656548003
634806453
662371667
570205477
664822543
664862363
604826355
674655975
684697351
634265187
736204843
757607468
609423704
546784911
783610514
605250305
541241122
609323677
750451792
712874954
581928996
798764373
693337871
579691862
687482158
729244087
560321875
544396591
775969300
570444011
634404512
795297658
611617172
588423172
786897519
579704375
697938263
562010860
789369606
647172139
719378581
695042775
598314732
695303666
628398843
598707565
746657774
594664053
632976782
563213121
667396197
553917033
649951587
768070335
648953777
803603460
779277632
578690439
747462723
757174674
545873446
593815893
560079799
650681842
760714908
795466549
692396299
541718740
764272904
631631564
634214277
668872075
592228359
557280017
725092362
720954194
683054859
664698399
650792980
743372481
554424591
762532854
664199477
763614014
788028473
658723656
687322601
648676914
662298406
636694826
689515538
650061046
782782875
547626611
619912550
557903947
563554317
663959597
662895532
628971288
779020228
776910650
619098411
553262660
778729963
733071809
544197301
706949536
751423425
565653140
715674065
734931582
584678584
563679548
597198997
785109742
679522255
762468684
660386989
740945324
720147937
614638547
588918350
780295965
567886711
634964965
704314557
733755207
578781064
770621446
587222770
680661169
546465728
653595548
743923428
690900945
651449513
704840162
548073423
763514441
718658635
641884957
600253379
654726791
554788953
625414733
654689923
776658215
654813949
762518229
801314415
681522339
714006745
537086033
569751985
784557421
608897404
719001486
541036413
743112770
770312647
733215624
622796391
587061027
751843736
602621223
597132657
578864224
638678978
554871607
585545426
726671789
575492918
644154081
644361332
630092651
571698829
633692284
558032537
552109307
775563085
631858803
752111368
796825546
784214463
672484821
788433051
551247234
619722820
581244748
680461250
688915383
746463442
799316715
723997806
676163131
744963425
776055705
615764487
645864895
682142970
659858052
772653229
558527823
558852863
804763566
543627160
598574312
792755783
624236652
555038181
549444750
622251661
744679921
626679574
736350754
562620187
554499718
697584511
568383085
777440732
761798664
698763893
718782481
723311201
759574453
566119205
660396403
660646653
767382904
642438172
621841926
649191605
761135045
694668163
612353805
560663560
748040174
801323573
741046949
732633478
693122548
791196117
726783718
669505516
744772653
657264346
645373652
624538242
602654252
648352573
730527015
539275077
677465792
654388066
665819914
595126152
579160796
584441620
642693788
573157783
799102071
728969919
742915358
556418076
671726255
639041784
637297649
715942387
553490214
762356080
581282632
706811232
677050682
553762805
629032718
772336365
754168402
787715553
785607152
688199924
613051686
646739909
541153417
777863723
631123033
700966046
649889913
555484467
603598588
598564061
725170044
778457649
546188722
561902410
775466826
795740431
768114510
701883133
545949985
565827455
769114611
590410713
756754574
802656606
600366101
723508303
725843374
797232266
735389391
778856821
600386886
551682511
620907769
697674819
539258893
790247030
714382514
561003241
576577483
672053509
665292081
652623178
554950380
643533540
798490685
551002511
652307939
646657681
790539816
792088471
716395218
697528354
684982419
552156597
562364801
735401449
744671118
609932392
727756499
725546652
799744428
547203019
632896936
609118785
734940613
742256599
639364744
741309269
666248114
634149758
626649045
613662370
640968551
637828155
796688661
607048298
682447914
709642992
549696735
785118772
623748064
574619423
602884349
782392947
577370345
742801059
552103992
613303788
683478027
785553532
625607850
781392263
784134038
596872636
703631847
619870669
799255968
720097830
674156019
791269313
565684196
635785889
719244571
791099721
621942252
634744583
565049529
581419117
625731507
785653692
753819109
728051370
628347448
653316818
578017902
550534988
708138690
733206581
636527306
704127964
703092502
564728820
760015212
758879026
712128196
731189137
773792500
731280036
640578320
558666402
694209126
726420026
614615574
646337763
560992320
566073633
589278001
557779216
575151117
561596810
790227525
674686907
624900955
636800088
722656019
629870150
565647846
621142917
796306121
752117463
602031256
753976801
775391616
578618645
610199718
657207655
590451093
604432456
549296034
731072179
545853415
549902910
783654237
700106162
764684278
726785458
550470130
699704691
628792798
643778862
592673304
750265458
561673141
760040481
785708139
771267293
724925721
805245504
635178215
589479794
610868599
768136369
575385419
689618928
588860405
546982546
583300786
779644341
741501993
586135125
559909983
704788390
800319035
559882385
771326123
776447495
626755458
721494576
550164232
720069595
759721599
750699642
719087702
799333574
768259305
717837626
562016087
783440964
585997685
650811861
717518000
780065150
704402205
650494127
797506770
584687339
574018476
572411919
680153902
703643265
673632469
649433433
633798822
596787787
611839219
787699155
757780740
666784604
706175740
581627040
651120361
783157816
571571467
778281554
793914012
579418203
651570430
627888667
802640251
800380038
743947047
631285782
754076043
638356338
633528643
760495044
543909453
699672900
623264071
762266764
692546719
564619772
652282834
693407370
702208609
565886138
563494383
718023419
542497178
631181270
764543741
596040088
590947053
556182935
619266374
701846312
734828473
592287934
680033122
703708785
732059222
795036964
544372648
662837089
542677041
754276293
632661919
562027030
787061214
745329233
564947973
697728060
620654704
712973171
693036617
569599586
719563248
628673975
561975364
613749581
570629331
656764429
773105828
551787135
760612543
769059177
773340474
775217568
768687411
640316310
758672321
721961810
653590623
771429799
627189590
632643764
790563872
665263398
622281746
620014362
574032000
742820313
797468419
695531152
737076624
609127456
606163867
733711216
743220759
677192292
574067246
552379839
789308657
714542017
638332751
692842108
570925611
696364764
549242536
569951411
611718831
553162371
652776422
800928480
602108290
681011238
560114123
719478754
707073319
594263711
651014694
701899247
704656176
547952289
758083165
696555548
746076145
597556684
689658148
735567994
544936230
654657779
776111288
586481116
559883066
607139895
761664285
725249477
557699274
749952348
756945407
678373376
771942052
795564816
687763263
715358838
538095203
597783876
744074333
775193866
693961036
601978642
547894543
669301848
737751128
793795810
743388365
632717529
672733872
558677878
577104370
581944079
640709508
646504390
662068953
582452185
635195735
708419708
705311804
624836915
763706503
641982641
662026279
602359391
604486095
786441345
724827240
582397656
778586005
748033722
552367670
738771611
769494867
672062211
722822457
545899661
694805865
714088355
683395806
629956312
756173230
616114688
642230005
596463422
685339877
606448857
614419901
640046040
779937069
744579434
593965608
701451101
791800168
755877732
690823248
561075174
586697216
770848284
677488096
744603458
614769429
597502440
566539858
631578757
658107237
649716864
713768322
805292864
712522852
546686217
795299477
757501163
546346161
570063375
790365636
626606325
633305774
775412437
678365570
777173216
738949508
634978031
764455552
682791843
643440746
563369544
636480781
786120972
561744094
717813095
550398436
685604584
644223343
604658760
705636656
562342056
563767237
660676154
582969416
675299069
691509194
704686191
642342766
794417617
761225183
735346363
710873256
640184005
761406113
624630947
785422406
611797601
747677461
622723980
633987752
569057778
695581912
610283404
559645709
776550801
611032426
685691519
706552382
660454493
682422849
767014867
689326005
625401753
595691147
682053309
761931323
609870076
778511000
592255855
577484104
565958490
707755694
591973710
587688881
718833066
767729976
621513994
693142856
708813033
614890893
639444270
540765507
567820254
766176736
648241380
657822034
672774661
730092711
581122655
551381558
570661445
745735303
569887795
702217076
582795673
595586318
657477979
630099320
589027416
771024078
561069749
636906041
721110390
719840733
593699704
726720453
644448090
786316387
580986729
618950072
582792112
638229161
622523075
613940919
721228879
634871188
795661238
696459937
601237596
752124129
647173625
761443308
541477898
609943355
649108074
567078308
670834533
787837673
792335796
734381530
628248247
613305913
707699754
707387277
681117163
625724847
748760747
765554870
765490032
757239527
616718761
687561073
699804370
680592844
617749304
735715713
789222018
716993571
656081109
691832156
656187188
652176263
801474219
580282933
547321521
801029640
637679984
700080477
657923215
710705049
595772792
626500852
773230893
746303901
752527174
625090908
649668864
662367204
773491803
552525715
666271309
553937605
548498461
710607053
761981072
789770579
573146779
573573091
792570624
607612033
628853433
791237523
602279438
637418598
688753688
751866256
626957458
737024654
567006715
643595654
754485767
653900428
582335294
715943096
596113488
662232747
768774356
611354170
543115669
767022962
635466450
565450953
793968364
659650772
673809366
576043586
729841832
599558188
596896064
552115530
703532523
580882653
648298302
797463894
593873597
636573446
618689776
585342862
559419629
627877003
542387692
547437546
725230843
708179718
745313189
591352481
747970668
626229158
776276326
646550413
755448707
634915210
785298260
639986644
723170588
688050226
753954751
683458194
544025737
776550383
789782405
610381810
796757240
563965001
634740230
727048241
667053015
643922781
785609364
583859545
596159297
578023697
725843512
537942975
709647117
561735201
804695321
788484568
766290930
732203688
543665365
736990130
641488025
644931946
586683209
633274075
561292127
731213042
735850694
677396804
554128972
776983332
712365860
746531017
716856829
786120734
638993273
762120303
642969801
608463440
591330468
558037602
549118114
788486820
751173634
610980362
666334113
720806001
676886694
592694431
794303764
677895973
664407857
543790272
745434159
638948080
704634268
576505720
703815680
576640368
624742766
772757505
644536955
783063001
731110174
746369837
719218840
687586160
589143695
689108621
729158831
730062054
647591421
686597654
732685134
636972251
731742551
659989310
802802204
673128276
790650753
737035650
738934321
586948860
764512516
734956787
556007607
783740528
659514139
702863701
575795637
698486526
614362375
771640636
600198827
732999007
581595693
579718114
584956576
802725683
602198562
629666139
581504680
619667820
568346371
588418255
679772866
646284547
688236173
601903172
713270777
801268649
565405632
760662854
662192062
632606128
671148022
751735808
706930651
548012132
561210488
646530215
782592101
553289273
565789333
593440870
673960732
775664603
800627542
689117417
607542826
607012349
661371105
602623920
697198408
709250671
549504980
544760509
623587610
593752493
668480784
644849412
775106936
543379566
706803871
579709818
676702530
584863563
705146173
562097902
733435635
709490461
762089520
644485673
653051520
665548199
658580701
635533144
636831890
741940054
735683418
663266813
602887804
776815141
673707046
544798198
702186523
678171321
667979658
703552299
601606635
701884410
751170163
789006023
768329663
712022153
631254132
576788462
677887580
595489731
564661843
643900890
608222243
662927190
591636405
716284528
720191019
727699181
738418741
606727530
639074304
689751036
711682324
617690794
668694211
779522210
585594113
591873036
756730253
799806771
555324816
795257470
704253026
624359048
784876831
801550193
708604710
538070505
760239160
594427328
566564585
562203016
709202510
564977525
611315951
596158093
717505536
701018603
677710567
702348571
645346204
699587493
654754326
794515784
698682318
582084953
672631879
628901672
751884019
606659976
599193267
566097430
606561617
588570460
570264029
700677158
803783018
701468014
704836137
703011272
575918597
740395512
670540985
597962454
550248982
743984208
790094821
780540054
789389674
789092170
668272298
735395070
671504314
669504255
700130066
695383086
552027908
552161373
786313580
640915743
564919696
649391236
729825082
791678312
643457401
557712516
665820981
638830721
733161711
629165329
628648217
725935414
660819132
769573609
539518428
716073459
758012867
563799456
724900999
670487938
683953509
562583347
601450105
589995091
614948792
598931959
735773979
801519853
570149123
577948376
613749414
749399380
673686480
792073316
669203378
642712516
568291474
540031187
636336701
732170554
769298322
700980073
572952857
630438350
726345638
630938097
774411982
698640371
715546056
770037960
661722444
667047997
631267720
643550352
561415847
619205544
691248933
693807230
760765092
716475592
585666776
614955761
605858063
693926741
688413241
595300360
802475118
706981868
638268919
585044466
791878786
588247272
704425245
692631681
696416727
637701826
671359094
537523184
764039898
699247853
559149758
552355608
695075179
613679467
594419382
655450138
711306106
771258515
662219417
672226361
609067646
740372753
600771578
589050893
557855927
562579490
671983435
595407756
560020573
538140991
574664405
784676077
552592106
783957421
764819876
761231801
614724375
672693012
629528063
659372498
588501860
599880773
619280335
579710616
701749262
567934146
691407227
604550523
644087478
682854363
623181701
766738240
672149112
659943594
600866552
770068277
600215458
640838936
684132930
654359398
710537124
685571556
594324362
619289390
783249314
575474782
788369501
658235624
778447628
552930577
566201038
565959494
686277493
701758050
667020882
787937435
618810009
719633495
670994670
804278433
791347111
669353391
797932411
725196624
660018876
717372910
640849213
737721849
704412322
629450588
630986816
559032666
688479634
801785384
603826165
726510404
610382873
627058301
588271211
663744745
555808100
649903720
606767564
659534380
598884031
594302316
713136213
763578757
551523149
606927308
768003573
676203303
575798972
539158445
716016684
794996484
575426476
665019341
665225248
764146479
789033454
683017922
592963162
733588739
682913656
713210002
658249824
747921443
735150209
713077627
707099519
542408475
799098118
691823846
701741781
745403038
574345742
762291096
693740352
666638189
606966632
543981819
708419512
574325283
617288798
788959738
590897634
705008209
623704320
619350171
611908880
558597941
648320353
554192094
692755779
631070419
790679780
580858508
540238801
777918733
551196809
788031021
716555301
561276257
721130726
572519361
660353193
693535930
585103872
742556660
609960510
722756917
729013287
743512448
564488893
587526952
624413301
695130192
596892713
706138876
746504896
674153119
575046126
748481506
550816016
774928477
759557152
729693358
686798424
597420743
613211294
586481058
609725046
737565329
659429363
773084022
667815048
621059540
783815493
699142787
741586027
797203245
628365472
749194610
661636042
698509900
759769614
785382907
745905943
779437278
606865418
741352187
581865021
648928335
752992957
732350660
779729591
639764392
571376624
752497138
685652809
588253216
539329680
738078196
676709688
679211665
690727418
598938110
605863724
735553807
678376907
737866072
645111872
672149103
570400760
746916356
589184347
545336119
804672042
605956701
684896568
539820011
775436475
669512277
648629770
709062802
658257431
724043640
553092658
720790182
779214448
661622607
538099609
712022657
764016582
756058771
691948410
643517399
634735371
542739067
713778051
551008411
622169127
638708537
554380261
558945128
623443149
686947178
603373460
543319335
544206270
698090946
650647464
622819273
659395451
725444491
711096006
717115162
601647099
580792867
564892361
703066445
598802106
771277951
670663860
712169752
593203068
656984786
647081107
644147711
774730919
712207825
784659485
655124039
642968261
624175169
757407412
772646556
750651590
651476998
714556564
695902844
750534361
676466379
705365520
677317740
729784218
588116103
669678950
665185265
749371530
607612539
631223347
711930388
546677709
690423509
708310577
677612866
707486782
776797943
617389803
736012434
619227974
666577892
593641930
638464193
784874980
803068180
738131340
626439025
659163868
621813610
767282027
797099024
618472375
692780607
767516163
598810558
680239722
666099007
634430083
640496456
572442794
797100699
772979060
607254150
585776491
555020486
804673732
555292754
595979867
546032217
581083662
732965103
595939105
772992526
777664469
540171684
659939089
609058865
714025867
661132567
660402934
652419412
549815467
772615183
620085634
574300706
660393446
685523498
781538863
663256458
766541888
707848272
738776645
558427826
720433504
561994494
722154094
798837570
573682114
603499655
678740089
611141464
776609714
662458407
672734109
605052015
756363820
647511772
769113761
668747082
660880010
653656059
757387189
805089577
619652513
759906625
618207372
764364205
793434621
583190415
745426239
649258861
743497461
654903602
577495393
594054551
601949899
656117864
789015663
767949058
579481797
725999379
730834793
720840563
567465486
551457223
711602766
666674038
675629996
698296262
803788560
568932945
639886389
541429049
740942633
746184186
803385180
579345644
666718020
677701163
567698067
780389110
755655682
623303512
663949078
563150029
564370754
764477082
610012202
722816901
701526017
593487434
739527869
598056837
678076408
799667841
583477064
563642270
589348831
599643757
721123067
706393167
790154291
641622654
607488924
584349769
785288813
650258071
782130077
598501064
750887797
694116198
645474641
670948058
583768763
680226512
615286685
716580339
654345694
637471769
577748962
712938672
612259992
642921138
622605245
588039284
584761826
679242038
685922680
567865330
745132077
551570008
687738801
593805828
666512306
568466952
790038484
657794347
684119228
736427575
705653643
713536412
782158926
631431954
686612922
758589405
698541949
548518416
720144267
570509027
630319615
601601494
757678925
689137108
593587224
750904634
619339393
772696231
600409456
578377732
790924209
558263244
627603803
775771315
699663112
613070458
792419915
702331410
610684480
550077185
734868962
800328754
781742252
614258997
787085350
661359660
551133199
771157887
795667880
704611626
678294032
753361886
563467422
795964109
753545215
638453608
692304776
798526016
615476937
740290812
672530756
627995161
578892198
544835026
627227557
793691731
545460445
656463649
773825638
697236762
667287453
640606327
596336630
555875795
804420631
585141883
648024331
586945625
629330540
548011411
670417268
804692481
728384051
758117959
552700918
710067138
609128038
596343388
622469148
553262322
739966971
544094516
585050604
740868677
702196407
656964922
648776601
546402432
578158591
570377373
787289110
729188240
696127806
639267665
608779757
790443968
656159803
682597291
538686338
620658494
669245186
733396141
714066401
620383901
615498937
553235400
799796365
729394694
667386539
725554055
704805900
761662838
564270579
790113598
625616379
549354874
618963235
589805922
786172636
709321018
611512853
712281898
652584976
736463631
580952490
710232016
627985335
743487046
708874466
794478339
556639672
675619128
657561915
551060431
757420919
803041499
550567532
686431225
583525201
605061529
786993194
582456313
539548902
635268422
627716336
672460454
626835520
766865634
643655514
542565011
702093241
674646357
704004951
751867006
786967813
744808632
579834247
569813191
630521365
606966554
560454718
791418928
659528027
592526118
672710093
792721178
698193174
666136442
652220060
591569610
560598193
673783586
559367860
617025246
628500824
804306736
577742805
696510073
588940916
633228829
578286525
712205101
797935595
763313340
723253493
546871684
781000955
632739881
766425824
610772677
550503829
729678123
545726293
561701158
579780870
754093462
613280818
666051986
743538682
701050158
605956297
785726320
593784748
553887287
694631534
590472591
626916624
767785136
640583088
717638517
641922582
801529614
553270015
548057217
658432441
545881658
748294163
780541770
589302911
538283445
643039292
797448481
595947325
637435427
662998124
702923090
763063489
684969643
583838805
637909604
624760439
575134814
728101527
589602493
616169232
694740696
619869510
627204473
770602410
739076559
541659774
706101781
574625996
572439861
743558691
559709128
731023687
551287877
658386598
758820310
757948506
799857611
700054882
746436283
757945336
568947648
738278365
648940093
546987895
747686604
595291501
679530692
694908173
591366933
591308299
659051390
574347868
635667374
558101392
599451790
679727670
757674568
559305159
577962936
609369722
553378214
674039998
583637216
757882560
650524373
680146024
637278427
590174325
700942955
552694248
745351511
634205701
646179925
789892507
593675177
578852054
687821420
628532890
754170978
561263226
789075853
685967197
764705953
750390053
581610563
596087483
709324951
577954638
607550709
747278969
727139040
564923636
582681962
575323257
749040549
552998037
660877155
761162576
703325041
641488072
566956523
804395280
691493371
729130373
564660690
683490265
708264026
726092697
656580605
