892312706
917699181
1071085210
805436398
945481206
858351519
818177846
991293357
1031890060
928145783
1057806999
862641742
816366050
954162979
940805748
1034208549
1006602645
845597350
1013272546
964467353
920156509
1021990593
1003508112
1038146325
954881276
882651971
943904945
1043049877
899443920
846797919
984083746
1003887251
974378055
1063489837
843690760
861258702
1011743303
833434362
826731701
989450416
980892841
981223279
885751742
805343862
997767525
1055279101
812012784
1049047356
955094463
1037114943
895726312
901991598
873970466
1022277860
889839248
986980133
920426003
903058904
825146970
838755027
911426817
1062135064
1008911366
972807447
880618390
1067401925
1072837892
975075558
910451877
868417956
882856943
834412363
984456149
869077230
1052965011
1005304022
907247197
876719992
990677177
999263370
835527975
943445115
1069639806
970533951
850793207
1008795166
1020981884
1010541118
897027837
1013197732
857821977
1060848393
956302356
917965447
903374019
959762146
834153190
1041035736
805727199
988131392
944125808
852784982
881543141
813710041
970726176
1030617446
1066087720
1058178320
1070921170
923688589
989777915
1045212062
976403046
1016304527
1014875222
1060891167
922908830
977427289
918618746
993510928
835493583
966201511
972410096
843870366
889528427
869267373
1008871075
1002291787
980312024
962743627
945604330
868238894
967249334
996026732
812567853
1069509533
875634116
903843455
917917777
1000969192
837148801
995510372
920478672
857823532
887941095
902865464
984392646
928348245
1052512397
971316144
1000704544
852786827
846735420
1001089998
870281099
858346667
1024579294
1024485404
895080228
816376386
916466276
1006141964
874986607
944731630
929872675
875154105
1041872375
949592659
1037456822
928983642
875920736
836284296
821764379
1034688483
1052615377
865877953
1016494743
818256299
885549226
818362555
906521610
882925660
949863546
910250136
941602545
963294507
932213026
826730962
1059349174
975266917
1004351060
948443636
1018073429
877827996
901923558
863550544
874050534
1024807275
834408885
835968735
1054562226
979084617
849583384
923900184
1035292462
876049656
976692498
976155192
860580165
948665160
866815356
895961845
875753753
851132734
1021672401
910253618
1015340843
944096391
1010350212
1029824485
989012706
891480925
975955543
1021898359
870509315
904665037
1014963168
858579570
950022269
916831082
913062624
919829830
905299636
879145547
876223472
907330230
1064823157
1070960034
940631322
899771445
903580064
838666082
1055613653
899584519
997026998
964739224
930975542
840591621
940522998
888273007
832490208
906797206
812953669
874214598
1028209997
1010683790
821408547
1068494296
990146819
1049723419
824227381
995599706
999442464
861969950
1041432775
971651366
978296731
859699946
1000299855
997159212
1031855529
1034695395
1067529990
1004055806
830560252
929968078
1013394103
892809359
1026052611
954737861
855601605
1065901976
882870733
821408499
1042132758
942470679
958545459
891713481
881414189
833035062
871247311
842196064
916309250
962492281
982656265
1042419568
1032235551
810521685
1036148562
883067624
1061701433
870019179
847341620
946840030
1018129938
1057732012
918618762
981882881
899526867
874595546
1023398912
924663411
965824032
1010854316
992150715
895836398
817184111
817022837
898611047
1039775939
1043605371
1021977956
961264406
818958769
1013635226
961610823
1043021883
854000115
1000315361
1031859055
909182851
855536985
906459244
1052935097
809259162
858935051
990466373
841825402
814101472
1041313776
1030946363
891041772
977367404
1052449694
942902770
897976455
849339237
1037161925
909017355
1032947403
1020970235
1050248567
866835465
960805756
1018314656
933786307
1037238893
828091284
1028833016
1028191737
971310310
962762907
854415811
1002680017
859453544
899399132
813831707
937785410
844612810
843045548
1005552841
973555647
1022661663
875604101
814786318
872900792
857288672
910555979
966351851
1055359000
940842045
1061179676
949689064
1054779168
1062040926
840483831
940343678
819837300
1064171210
955998145
950879005
841595714
950245885
935413817
847688354
991448944
914746466
1046697411
980587808
1058293891
956210081
913843046
856754553
824715852
916216146
1019850258
891223003
1023720458
914248561
886856092
1062423864
1039535065
837235978
975879859
869755420
852641478
866409729
881889938
994690502
916473660
884718628
1003511478
927272295
1056862640
841729296
931581858
924826728
849810725
993963971
807780974
848618623
1031184777
880572210
923677394
1039144400
1016017080
823450346
969978237
1037022593
1016693214
946331073
818833854
960606897
829422836
830849816
966579392
946869278
868443590
882328841
943220003
845600785
1071201194
1042750699
956802050
815784141
825900183
911625212
878178358
1017503814
840179778
932621486
879285893
937480940
840340906
834476206
819471540
1006779861
958211945
1024171118
1012159083
929333804
887577690
1026739516
919534488
821841450
807341973
893975323
1004377140
922971937
1063235955
881703550
868975163
993015486
867223696
878591104
878083723
890510408
922609192
955237440
1036918195
991415154
977624683
963846902
857523375
810158505
973448772
969595682
902384302
1003656319
1006574865
919932360
912392472
1072884847
917823312
856232254
978508659
842508521
1064045385
810366488
979679549
807600896
939273481
1028107790
895511730
856689681
944592215
1002877234
994405463
953024932
1021378699
996754813
996993674
842618670
821799620
994802964
864317099
1040565394
864773631
1022704978
1022380090
865168730
1014841067
961466463
1051908039
1016211251
900037143
1072587632
1041922369
1021399591
924521890
937714454
1014647362
870272837
849672657
1046233887
939939298
961809425
963340009
828736415
998744563
917207789
939987365
1062951814
1030802322
934028174
949401795
1004736134
990937885
933059564
887881065
1021309154
1040870082
983737706
945139841
886199050
885580366
956471598
1045917937
806797845
1055296822
1010560775
852872645
900331000
818225692
962421790
986357072
930656787
855289373
1066663523
935286808
979174767
1048527286
943486585
888252180
1052500300
841830112
924734009
982915738
1024394845
1039986116
829118369
1019476919
945445665
856413823
950953821
1006435752
1009822702
972129645
819229402
868221825
1027924164
907705083
1022920108
891342784
821067113
899779937
835894612
973687678
992788352
1071427540
955277534
1059102888
823936675
815374759
877631060
910586445
954574367
1035953458
807979104
915159665
863838545
992867134
934631373
846467379
1026523918
895640773
821497478
968708221
859491820
958229930
825252169
817283133
1066307701
1056546424
832102503
1052666942
1048108826
1009156690
1019440554
975714715
932500882
988611748
896751459
1069579006
866462724
983611784
1031202110
808208002
1062808637
1007658520
839915175
832285427
1002865948
872172256
869394769
1004575356
1015895915
1028389531
818807514
1022548282
910371931
926738926
1002729304
908321483
1032594412
858759112
945533509
1036884440
919214377
868316435
935955278
867533955
846738237
897090077
930213765
822118671
991566816
987579034
821204351
1056341793
1000050446
1041562467
989330641
837818925
839537110
1069799801
845003140
816741562
961949068
893526630
1060033563
831752388
872902338
959330586
949039915
980274236
993491325
848105049
942948554
808865341
1011138762
859910468
811315749
865640668
873685338
836331165
936608731
1018257561
995420923
1030627630
959455807
872986146
903738734
855899643
988688451
856384328
870731733
1021684826
984129019
927493681
820468567
1060604000
903493435
1055122608
923360751
852732638
824094039
1022342946
959610762
838411213
971474838
871149316
980387833
869912644
905995101
1067469416
1049682417
849242283
958837450
818018311
977816331
1047522738
1024169245
973072660
823221012
893885288
1045365544
1052002339
993926546
805594024
926022935
932423092
975630753
864942601
946525226
939256947
946122819
811031346
1010782680
883670093
954260762
832350369
857745097
841607714
843992929
830978105
1037759677
940952085
924949148
952851704
841800095
912364163
1021592184
1041491457
1019540668
892839520
962052603
851256937
956064462
881720227
958322912
826539907
1008883500
959041504
836210009
980152404
1020746535
828496768
987436406
1009141690
827816015
837140608
1057684277
863526582
865469200
869071032
821857355
1065586647
910751679
989164173
1063117641
1052477419
1070049993
921724824
989727865
884963647
903267316
994247815
957754878
1061504851
897861045
949401350
1030932242
1058561159
961682415
900254362
938973743
816043033
851600315
898649100
887182052
966821516
900523290
844292045
1057531610
881292887
902683551
867699143
859593005
1005122581
942809389
809364991
840652723
857772065
983252087
948173059
975483287
871565248
897976817
1049782584
849383558
985733295
940338350
1024196766
1013544240
938583426
1027652484
913841607
875044706
1037313988
972420848
949452687
863384333
1073181881
818157769
1018618774
865425548
818489598
1010094093
815757333
923900786
939120846
841623467
907359099
931024618
883066509
1015054014
946304324
1058028718
948880397
1011123531
923387793
990861261
813352755
950617281
886552976
885445087
828818767
902493851
1051873216
909149872
1069193977
1051100203
1036104654
1011928951
965682026
861674592
807104361
1028104283
1050290792
1040072818
828923482
1062697911
938441475
941253204
951137845
1015003873
1001520214
852180028
811372508
888212714
861225225
1009487057
963339147
1015616450
1014400749
928766908
870395101
910765958
1020843886
853884134
968372277
955887920
1022070445
993267337
851726923
874008006
902667484
827504696
844940299
903367189
821099523
1006120408
1045739090
873413697
962903287
1042938776
965012295
1067168913
905457238
830696295
837791741
883878348
859849413
808896325
941381630
960170603
933355708
900235126
872360340
828196978
855450915
1066739302
954642017
875275590
1033710995
924875627
854619553
829326259
808221754
940108606
866899117
1046398069
945306891
1020541130
882624291
935416639
970772802
835703373
946953932
953047909
966319075
923245331
1053801995
872256489
945116360
991686969
912964044
921666495
866287336
996457432
931585758
978101703
875063970
1033284187
1063272374
918827630
940688350
900435091
1059187078
1067595486
969797560
831659840
985364324
832814431
946301057
1008315721
962321814
1055381632
985638883
1018006102
853072839
993106556
1058528545
1013985606
856011379
850471802
1000088154
928993414
912877429
947921890
852446388
1071858979
1034072769
820812061
1053593116
874512877
891327942
885817579
982747121
821911051
944063140
819178410
966308113
1049174906
874012666
836937951
1021982484
1055284785
1056163541
901739449
1073084523
827526301
980601755
930703015
991718393
1057203409
968772221
948721027
996422819
1006184696
1070631067
909608940
940477586
932356455
843981923
983560997
1006452872
847808611
883423049
883018539
1058903003
890674695
922859835
1043165252
903688614
959248309
962289931
942694964
987936701
1029415835
819011131
1073228882
911312596
829013343
1045939722
928314348
1029295608
864484599
849389421
825116999
867135755
939430124
832738794
862058134
809336418
938589993
1003823252
1044768128
829397294
923351383
891738691
835878976
960278870
920973038
1043182996
897118201
1042610122
1064742261
936339531
985752651
870317123
805894784
807768017
1063953917
807552241
807679248
842149730
976835211
910919352
836205870
1008877023
1028632010
1042872142
832684250
824449061
916680271
946474491
946020533
1066308285
827941185
877708411
899235311
923348208
935204544
1063419329
1023603726
927227720
880979291
1037356921
829422275
808046876
977631822
847819464
852737723
1027368151
909325557
962626673
990559877
888504867
942518088
862416737
839158306
1033120366
810860928
939323943
871808449
1057455517
830423643
1069149972
823322405
981657341
1073502855
886382996
1069275222
855497439
846383131
1051820951
1004649807
1003555227
1016802489
812415187
1018996332
884233584
861746671
873273254
1037510312
945118678
1016380360
867061416
810207535
872655808
814978396
1035622794
916425272
828746076
849009474
1046561481
1008200688
996901500
953781052
993432737
951970621
1071559457
1058528174
818922947
981153965
938174619
1065846099
1071232801
829393610
1052490555
1047588511
1049460460
877258347
963252036
993836044
923375881
815850175
860031909
865618934
1026759507
892073741
817577361
1062509555
871623070
820611788
1045072902
1003960231
1008482827
818962143
1040981380
1016003807
836233507
922657579
807111604
928392958
906404214
862823521
897617253
918506883
890578069
982840904
958655059
1050279552
981265520
979015258
897965519
980810495
847269165
1063661850
815575342
868816382
1039694330
983706449
923197204
1042672768
975873562
925153769
881966016
890886696
1060919159
943641243
920159771
808316486
915715896
1035547717
1009560616
907886084
964237903
964200540
1026803837
917536717
972873223
939598270
1012223517
807146919
947766806
829211818
947116416
847061189
971629002
973873875
820215295
888494556
857145889
811931687
1015751232
879416628
993025360
949103931
938818364
833734948
910265881
824146631
1035136686
844482694
993642885
1034120929
1050372996
997311023
965077974
912097734
945369467
837422923
950390636
903079481
1037287592
871082208
888565413
814996616
1039738520
1016101811
1051957867
955514344
871889366
1013629000
915293233
877142059
966394804
916606849
1007095220
946156778
842364353
857994023
1000018258
860200570
858697106
1038227595
1014892188
914611507
1013655960
1068346120
961702438
826789257
904814847
809595479
1026449848
1057990862
1052898627
1007087234
885986211
910355862
923419186
865761401
976421114
844240049
816804510
901987218
1034687930
1031789867
988837362
997141612
1025283048
871373496
1015286471
1014952115
851635835
888073177
933244352
1054868396
856664078
832180093
1070368269
938796212
1068772843
855192010
1001437726
974527711
842261071
842530195
1034280298
922203840
1067664987
909190070
986153393
940644244
860652583
968899524
834002739
948703177
830757505
1060376471
999524160
808942677
995590983
834738655
810987703
1056543198
965049390
836202133
1003047371
970660893
831410729
905526259
865866360
1059778427
930776283
1013360563
846641175
822531294
966849646
938341940
941522476
821343666
890687441
871132981
832274265
868312177
875842407
976589348
988672960
938840704
824970365
892311226
856224578
858726973
909628882
1068545798
999118920
977160515
828619476
829997953
809025017
918611166
990015390
846433234
1071360108
1027410496
1037197635
919487760
979336463
982406936
966654425
968470289
869211458
974267422
818112153
830663590
1025708330
1056955494
1058415602
994475018
959126731
860502220
1024288743
807318114
872840637
810047778
854729808
945721160
866251437
844927682
1035862756
850635686
833332376
892290599
864597799
1001675817
1020470597
891159835
1069524387
1046830775
831001044
809456929
1007365491
971164360
831422760
968235012
1071770964
848959113
989974532
892037449
953886390
1039915199
1072301053
949669132
843743554
940031308
899957446
892061825
1013811686
831549184
841856521
998167334
840053271
815407022
970946695
881898618
1016034986
955140860
874669136
985856603
1045292444
972329904
811077815
1029646397
986622705
907398779
1051815661
917736058
989512808
816396674
847105845
887585917
986024830
852933093
852693277
888156745
969552358
1009544792
954874634
893684715
1024932269
923582364
909663856
824548903
935502361
1001542289
1018741870
916006128
890584515
1039437464
909524849
879360017
1018007041
905711192
892321793
932406232
1027914874
883866714
1035994774
1019342792
1072127570
1059655883
987366710
919730671
1037851918
960526166
891410454
900411679
931483447
967870871
888071762
825189064
915584197
914499257
1006955865
942196056
1065714144
824695108
1048024082
1011549983
901668442
1045721401
948863698
815510688
981864154
882080061
861651763
1054751190
1054802579
1009294234
833156989
944113849
908896037
1071846416
992278917
1054864387
869683692
892021410
1000084886
1056794153
988115336
885061394
873826964
955656336
836648328
891382585
1060253261
861722753
1010741301
873427879
938321297
1027454228
815836961
988134457
1025703225
861533256
850524313
890954981
933033169
1067106639
957450669
910883869
1066724223
903849824
991060654
1071642849
823788159
961472130
874968678
1026410818
848683087
993868063
1041126765
905096329
878309141
1048189239
811531951
1005310050
853282676
1014402073
885252436
1062387298
954513336
904077911
1013066999
849279933
956572673
1055955610
1013994666
891031871
1072246346
966904275
891971933
872110684
1021311644
1060210082
807185437
1069979094
806897262
993531232
884767936
842839355
811927146
817017303
809458850
1011584326
1069756630
981599493
981418733
877209478
1047300043
1013851220
870557725
816568528
810713557
1021382818
839151780
1028882871
977747488
971841183
822681833
944076875
870052960
1071164998
1019684064
1038058068
832054266
824388679
1016794728
1031078174
1027326769
997936678
971491283
1047492113
940623820
816658274
936613836
1065915807
1035261955
927035209
1039067927
927925149
888928227
872166599
993340858
1047478436
1005044778
988814217
1033961074
883536847
894356582
1025179829
1059281604
830168692
807569101
910371417
910690046
1052625809
876585134
995706438
937569050
924247459
1001045674
834634968
1055568756
1041645952
895903586
1006868016
811711095
879189442
866110572
1040424585
1025287490
816463700
857016936
827200022
968852494
824222929
896419409
1031019090
874071737
1028455932
874147874
922207933
955873951
844211369
992822089
1053756342
806590926
975669176
946132521
1018910292
1035015166
1010411089
860178059
968618435
837267311
1011853400
976959407
988238318
948510865
1024475569
992624140
903288309
929478640
860347958
968592280
942984054
921041382
967126513
913457258
868144905
1037787081
953664271
849278576
1054353445
1047938527
939048397
1016910455
846640071
821116290
1004083843
998794482
809776505
930041910
831357498
961337341
1008182175
955453367
1049683010
877205859
1049878046
827995028
996358189
1005798571
935217827
982778030
858136124
932770608
815245918
947891876
918720109
955358084
845250189
1018505672
919282590
929299735
986985134
1031923934
821581602
1037436823
877310699
872196843
927117358
818966474
1044273280
945338316
1069083685
845172511
817248607
952011032
1015588239
826532158
927775743
1060004890
816203003
817274989
1053040863
1056794764
1062238204
1072255436
1032961320
815649463
862484996
988625089
1024850600
814334854
835116873
1031304354
871282571
840397730
880430991
1051208789
1010616107
927201071
993053722
808181948
1059376330
969730082
885612719
915728144
931852269
1035979810
875538381
1051665417
854258361
842918577
950381892
831646445
836931021
870618204
841101832
936883117
922018857
1061976207
925693551
1047463927
1006005125
882714977
834390315
990592211
931202339
821215867
955292316
996285835
974811967
833655708
935471142
832486974
904969565
933912252
1073621690
939199806
899621536
994429896
877293986
1058589340
1072112483
957531477
1067357513
1012104419
916861137
849582327
1038984760
811120128
929941379
1060612311
988103851
1013686991
967102328
1026661900
1041024580
953216067
830381228
1027004384
829469712
1050822780
1006349099
845622332
1053793825
895623677
826472334
1030372620
1007276947
895351909
1034123427
989020674
1008766222
907595537
846334089
1072767010
1012833152
927120786
828993169
878278198
924602071
1036903542
813469981
825938975
970557387
1073400231
838069123
908900394
940547112
928993701
983094552
1071719837
917238365
887189993
1073723532
1034716987
913575556
863000412
1017201558
937265129
917069149
969710512
811115361
1071261522
845642345
824280455
965993016
1069027302
897780742
886933271
1006593102
989092752
808072788
926049093
929886901
977027833
952555074
953948473
911592987
1046102935
1028055322
911583192
882101894
1017404309
853568311
870454394
936357966
971464308
904356196
907946643
996390638
1014388936
817927566
856561743
969455770
1066051638
1037383235
950777991
875694729
981596984
884091541
839891602
851032193
961019220
942204461
814858599
844398412
898678491
826790296
822246901
1056797170
868887311
900677602
836721154
946347633
871812240
999572572
1065654083
953556691
990995459
960308231
813832463
1010828024
883458893
923528655
998022896
998250705
875829068
869594539
991432735
1051168844
861573786
940831333
945751351
930639649
1047798410
1012513600
806822449
965793860
1024929054
1063621614
974233519
998231622
855977040
877470833
992910958
997928419
849396639
1033329487
1004152092
980583654
1039752037
814182882
974692888
806866031
1062217258
910314891
886244729
972374683
997069821
815405586
913703040
985833280
1021087003
815190883
866410932
835386382
997166204
882782028
876327265
818026368
1035323371
919910064
845593144
815486767
899196956
990623784
974072374
1003705386
878929630
991033333
869458005
882851857
1070001714
984332811
1006317658
864981084
1043120582
913627481
1026203048
841168510
815541440
916166884
850181213
1044947639
980539547
926968754
941824791
913595635
1056874126
892633688
928605619
855614105
1033130802
879342623
907538686
909524087
862899320
908702264
1033098161
889108951
920440988
1069936754
999955693
835716882
879202055
810909292
868710812
891220961
976290766
831433275
1031104610
879693710
1046300057
852035594
839755989
884906619
894419363
1002599021
963739205
870404166
969544472
1055101155
1025822203
936976239
1051356054
1006720457
1064860819
829413636
996352091
978739276
956053532
1068053481
891517446
969649988
834227457
1069592734
952825396
911135206
834617563
843807667
918675566
950043717
1015500192
1019165517
1072443686
990074728
900709258
898966871
1047788723
972802026
932143238
819794660
914386925
917104826
993827650
1056523821
1049328641
967128102
993640492
930757825
1010662128
1011447565
965819648
968755107
1045425632
1004096275
1055032963
916483761
950428594
1045179059
930662260
1071021635
885339746
872506086
1042057677
860466477
948228501
970687249
996777453
930521940
945620225
915082552
873956427
822226221
839822389
940340594
840103304
905107565
890374843
1028271023
964530838
878022984
942530677
841708955
886518619
1030090415
844951825
1004352488
902018884
821439720
1058992372
990126968
897300043
973281404
867937969
859915863
956860173
826210821
970846324
820395205
926314728
1010826596
884434360
808673224
936795305
815956546
923729060
903987844
894017460
990769078
1001649271
1011344325
839946212
1059843230
989704741
1025294615
925428519
968325812
886444046
915730309
1038838561
879279111
906972262
1036054236
854400164
919465265
901667356
855470014
823582630
874364121
1047955750
831126017
861962518
999248124
993248305
935613787
876104323
813308509
964835167
978003240
1040516459
924355639
984966377
1057441185
856053629
860297712
945477499
846656646
1031399623
986972232
937246912
987637219
825415058
982702347
970592893
928946158
888077924
947580611
1029040031
1054730258
862003162
985422587
951105595
1050430859
949977880
1069499670
1050159908
1051673485
1005830624
1064487932
889889175
934659081
1021421850
837758422
853007256
1027465275
922717748
812792580
1065216535
868940163
883991564
1029360948
862437187
1035554035
936258538
867284542
844237778
866052885
879683351
875352249
972921321
1044738922
891594690
1059669312
991828161
868007244
1031013673
984113119
1026335609
883080120
958658007
810938043
1012824759
891274627
878959079
951216063
894416927
946943944
842412223
861289699
980330259
841727802
1071631803
1003152223
884820715
1018728621
952589769
853391934
821665224
1047347089
819255340
824309740
830661675
997287541
947945263
1067655916
805940689
846113925
895630384
840210020
1040486941
1052365561
1031653906
848561235
967460742
1056987371
1030772466
995791872
984755263
964079836
833963323
842653798
849924786
945113292
915778398
949732921
1039223277
911933828
835689414
847920148
1020397057
829420123
850435478
1057834167
1056912207
968498761
1049576480
904487421
995357649
1070030387
826283322
1001408932
864062209
852190181
844743626
938717039
1043867975
870449369
841877253
1010819473
904520299
983199507
1048117464
977136136
867018921
896336070
906130785
807143415
945113546
914229681
885306087
881097202
1033435315
952815440
900506884
894624664
825225860
907042223
853577562
862670227
914000986
996459745
1065404482
999420534
1009372972
1014729378
838810623
1031958518
992780862
864323457
970310273
844794758
922137773
895104853
912154797
1052615480
956603117
1027699745
888229290
958102328
965566787
919972789
1024359360
1011475149
908372994
1017204751
962708108
881222560
868471869
912732497
1066215564
1021433373
1072377156
819696608
843819133
884978185
1009959131
1033684016
997342478
841194718
1057210474
1018451656
1020956484
976503048
1034256135
1059276045
841416035
879363292
845091935
930737759
1038501225
1039324967
846394628
844004244
921433111
1018756713
1042294828
885940518
1002913852
1021078639
914991406
1019181830
940823297
899408926
867468476
825291865
882947048
983702480
1065383234
821369691
833509318
967894137
902824419
858296770
816770668
951313978
1047097622
1030807484
941903788
839545768
852424791
1055820905
958232299
1060203126
885804641
930526704
867807353
1053089236
850174389
1018679509
870627623
811579095
1023993355
1049766739
1006859517
1071357146
900968878
836069944
875063171
834371165
1005490013
1021822292
986606543
847688022
1062519902
980771734
829958013
942475818
1023151197
828425388
813205229
1053956773
965897734
892165103
834164164
825486418
1060935354
863628491
996700328
822112432
840713321
1002574155
944544992
990304750
956489009
987963412
1008002612
887061521
974893811
932292998
1020451686
1068869253
886884479
1014747635
880339672
900664571
913438377
1063878306
844202621
1000430803
982700900
835442934
899094650
958107317
966342106
862746245
937400117
1051076964
923679632
951340913
1026876669
981061709
902498116
899911595
932017327
882541524
853776817
1056847515
1064864801
1007504846
928960098
809598488
1016052226
832127201
939495940
935620672
857423669
843022328
872829852
922963183
887920049
947553248
957126583
1003314478
997382175
898421735
840662337
916597780
1052615578
816996375
822782544
1067515906
1012781481
864067322
857158441
1017680287
847999492
980694020
1029604233
1027472984
916852974
843191164
881544512
1018501346
929495738
811751127
845738535
877376591
807991391
1062603969
1053138305
828960277
961192938
937028751
1018487579
814441887
999207141
1011155582
888592739
960379275
1023948026
907899426
878725273
962904598
939984849
982088127
1054741727
934816916
805517437
920168129
813154482
982528729
946668554
826609700
998723676
1028771453
1006458275
1052225913
1015980590
1040278275
946030096
1030873998
826370382
887238023
878248672
857258330
1019745182
980509210
1006660630
947536880
1018952260
996412700
847497984
828632982
875449085
979136850
1041365253
854541644
834394824
1071191800
849455416
945782821
821867649
935300269
1069275015
918433920
888523425
983001682
874955818
1034662143
857766869
880533334
828235002
876960753
912463918
809679234
930004705
916447029
844146983
1035855860
950185545
884856621
839417541
987455916
992524099
1060411201
918688639
904640160
910935168
867263274
1009604650
810062970
952026112
1066456783
1060820321
943910075
1067912659
1042647530
862397859
945048801
945127278
1011038292
883985373
907248970
852120096
841556428
917604428
897025763
948612698
966888601
1058656795
894477965
1019044625
924894847
1005825817
980170986
816176474
894851976
977748619
847478484
997638023
892406591
1037773255
984068111
945135451
823536218
814873466
809084368
1060482468
942692540
1055090236
1000155176
843416888
979123489
1056846184
1067736081
827291288
987187795
999100511
995042630
1062572695
865281349
1064663807
951753651
940535309
854947905
838309675
842928013
903095906
1035055635
1071601493
926716155
988017369
920874471
969565562
836913569
820622592
948665823
1022079979
846188089
990280131
1054366236
1017038048
854505478
905415969
866548694
1048126307
926756316
939263211
853849544
940504045
1049564439
821757755
989534564
975872820
974859151
888667414
1017317501
1022238511
1047141296
878474215
990221283
966661057
868863802
849225362
872813244
940567869
940211542
917098264
1002172939
992509833
880657484
1052658916
964505803
1020825434
982909347
861647165
911144795
873046743
845107421
975486676
999882934
808110401
806907239
960909023
974527987
1012203275
1013457927
1019068775
1028055297
909684055
881194808
988873219
1045485870
835276139
889591166
1046703162
978263395
956274146
963527906
973367432
832993564
1043343150
898482458
934560413
917714446
970204792
850027820
965813859
857009370
1046463730
1026416468
896079645
914597283
831045009
951789551
1069609852
918103986
935388742
886957429
851525274
1034373202
826347938
982475163
823023954
961521453
982527700
1016353267
906092789
1037722455
1018602577
922616225
1009182030
1060520780
963935012
908433601
1040614425
1060847928
937150024
828823778
912613204
821911122
1059193540
1053251035
1073685597
850621999
815446728
847677221
1021549674
856820865
856872510
1004920589
929012192
964939989
1019136518
938344843
1027448640
862529193
987562524
811783434
1050484081
1032729374
906955222
1052576194
934561493
1066735837
853042448
1024669685
964088128
846159321
1033301556
851238025
862187252
992113876
1041469492
816295619
922856072
822764524
844023972
966098449
1018522632
839895201
891711694
899679584
1064213006
894099172
923605525
942698169
1030113505
927361903
942482316
924358232
994622233
1032673909
932312803
853770546
1066267856
960872885
808890407
933428138
1038745698
806329443
941516558
893850166
1069511341
829018504
929311712
970161193
964342022
990758373
930466865
961505291
871425155
868874674
1012038560
902100734
1014790607
908505579
846101549
971448306
922669602
830700348
880143158
1023629649
991012219
994227239
1039681861
824892242
1069063460
908957870
1031193703
855444373
897405922
843828645
883412553
919002150
1043107068
904876975
913508119
960212330
1059335937
880827596
854866572
916882049
1039098526
987823914
920133870
819468878
939633569
1022777637
933805924
941561939
1047922524
929436384
822812458
915945428
946484410
1009068615
951993775
899348760
919171547
890232177
955617835
863009286
1005304411
921247645
904270322
863377584
912638615
934215202
1002735675
938586309
887568410
948876319
959007803
959515236
986828481
1045315068
1052348061
847199902
987955517
995632636
890789565
843279134
951482093
892900356
871566021
991858106
950968962
1043959323
912114888
936439979
814479628
1071142111
1066470658
969729293
821260396
831985934
809784557
1051524938
979100334
859628269
930104959
861395136
997333854
898125542
975027539
809385430
961863292
986839381
964959051
806338377
1058414593
1043680695
883024244
1054526190
1031511727
843826598
866784689
831767091
1064838775
962966550
1066048727
955312125
973898791
807934019
911504461
1011007521
849830776
994136538
975283527
1021138823
932918328
915553639
884114348
980736342
832629115
1041036871
849939283
828471279
1066700458
1031709592
934011823
1021197585
871902652
1002452101
1002747807
954473099
863995928
1022943553
950766818
921677654
878314107
995884441
957545341
1047782011
905574393
912111924
944151680
943611812
921909343
933965478
939749578
858258899
995163103
835734423
858486088
972696127
1021753865
968157842
906665013
1014683104
1031169089
1062665909
876488772
1055804605
1028147856
975412843
975995817
980858503
980133873
939711520
1021746309
956366989
944114467
813564812
833189561
1043936296
854204578
907738325
1051444771
926238247
809519985
953847415
1044524523
809907919
958109528
900344398
814485753
964738040
982107996
878831608
843227043
923099814
989552313
864955011
968339615
951399987
992236547
829774837
948135375
853775806
923672092
893858546
942581400
950272532
925789568
830589854
882864654
969256083
950025351
867437206
966689639
918108346
879202064
1071708023
934500050
989796648
847361695
1010576539
848457482
1031598887
889448033
946753565
1002229588
818694423
1073697574
950153731
1068615995
820842867
1051416258
995112560
965876227
959374188
811466194
864972280
850747541
859466341
838478712
915315605
932357614
875844338
844275153
986517189
970543633
1019689350
879924322
1056818036
897377746
893499973
1056428092
888854957
854486195
951808288
1022802068
920715899
1052685394
1036001239
863946785
949163243
1063888224
925159510
981014299
1001430523
994431591
965965904
840854577
982797632
842928084
994692518
976419572
907666835
890665391
921579405
1036533000
1041950811
981738177
953820110
973923037
870778293
931522597
943963957
886730711
1061631212
1023418606
929322521
864968482
824386057
1033560000
880043933
996725245
828849217
946198878
829663806
986075289
882950273
1005960938
1035801423
1021094514
989110837
814242072
1037515925
1035804613
987236347
943614026
944911715
1020299250
959195843
1027646605
942841604
824586064
1019153743
922374031
1051086444
836344586
916278077
958087970
945991416
1048896743
964951912
877173403
923376637
860484284
888085815
1064332167
1031221007
895093092
841572782
879862628
959952008
1037946321
829348816
1062173097
1035305641
899933935
993764963
813871983
1063152047
1025311127
1046202420
921170674
942462752
847387191
886431660
976466720
952880426
888782120
828414261
905286045
881471722
976300372
901446837
830687713
878067766
1044809063
1027785049
992086744
867272602
904100847
833464894
892853617
814447613
1037589165
831961804
1051399202
1037587178
909598918
832020479
863696521
935550939
995501819
966960470
1053724357
1033400786
1048306820
1065486998
874604977
830025083
952664952
1036017014
844883842
902389818
937169750
1015381122
894031467
936839512
972710975
923847904
966015230
1044831700
992447391
865767306
996199513
1018598193
1024273788
897893639
872543890
933416662
1063588985
876490037
930969800
967575062
844844164
882577324
810767708
826273958
809626097
941984457
948543892
970249735
848600101
984754995
830013067
984323370
849814703
970819547
834004236
986360817
830431988
931592175
975215338
942324503
812838914
1014868151
941738974
1031163972
824759383
1004076810
827770167
924947031
942367434
1023286408
917434485
859349578
838675417
911442750
1041135335
816630441
877635506
899534214
897768531
1068904278
844538210
1042577288
913164334
896458560
828845285
932238670
1057627830
894247781
919707284
934245034
975942105
990644355
835058543
1041921954
954090794
959566278
914922283
1054261107
985573915
1001190973
859521955
1063548247
939932686
852890443
979084059
982733412
895244462
1007870693
836257348
963047137
1051938837
923382666
947120401
1010357591
1017004744
1049842469
832922282
874021789
922901322
1050611006
874208252
901110339
1025613932
940776836
899063252
844811433
1045202037
995471003
963646217
975057514
941663583
960707711
810605719
934290413
877435211
1044870876
883823811
1015665031
906278070
1064112325
1050978455
1065079091
893755867
1007560274
907916613
982562393
891640691
1072752917
828626872
920087259
941306075
917153106
1042528816
990547568
919604213
821606059
818017786
967727000
861774656
900614597
827663601
989105938
817136920
971416232
815560635
882376479
1020772436
840848994
1000716561
874684120
883805799
948536201
938899221
902488952
991273865
1009113624
1045751525
895341374
1060368720
999901307
833857550
1046140883
850787666
876314720
1068227689
1038283952
1061159029
838614232
814619327
807567903
907258008
1041375476
1041026050
946960536
969541412
826463321
1068538143
989955465
828786488
839650923
991534891
1052994127
1000154116
822378470
901676422
924069155
1032238466
942411473
948610527
908828118
1009490871
945620134
1056799255
870228888
999026873
924167989
978495868
938870744
810373261
865801974
876077541
963020106
961136892
835447500
1040760393
1055325126
957897635
837829845
824777310
836203223
1025398865
937740701
825242963
1004101788
877072022
871935798
846012617
920978837
873530788
830557283
805796661
865719913
863346996
827809551
846915269
1026987105
949082755
910036151
853888283
986182062
841058971
986380920
869076880
887361477
858199017
874218724
1035010404
1033837345
956076460
891640099
849428215
936187686
955486713
975504393
846226598
1040995543
988485291
1052761903
1034668206
821517389
921744522
992910385
859143464
1063845481
996358398
913858129
961813223
970647337
932184924
880458826
1011451124
828492765
1033472699
967785655
807474623
1054758187
987277021
1056868596
897677779
1064649100
813234785
860008779
1042704356
1041133286
1022932816
1050142584
895787179
894146146
993345057
885461942
892655379
1022849659
900333398
963261400
915658066
870748300
969247108
960616505
840311988
848119450
910920718
818267086
1055164731
1069316326
957842996
856898731
906980119
859982558
967618311
1053332794
946712456
948893248
837059859
919571982
815761593
1022221229
1039182175
836276847
1010232977
1002065701
1013293580
1009826497
932383161
884425139
934137838
816570652
1048964561
886397764
986284912
988826679
835011742
946157446
1068440676
889687868
914339580
854534871
1047506621
810559292
958147090
992386527
1069569929
892708722
931105980
882028465
1026815684
897492509
942132164
841127801
986200757
1032335974
906129936
980659920
1073360125
1001423714
1004981827
876175985
918535684
839747205
908730976
977885370
991617885
984571158
903484047
1053024862
993457510
967542826
902878024
829564210
901756611
1047856554
860911709
955353286
818029063
1016757820
1013188513
806932364
887031050
859971186
807751206
843234482
1013416385
882692612
1068190934
1020242061
815761283
872752256
868185185
1040747109
865984943
910263580
839168255
890312635
896387309
950789243
1063889440
1019914755
906900374
954422648
1068192341
839599445
1027783635
982878940
1049329058
995810620
1030417524
910528179
1030349730
1062510254
917004905
837955673
808654574
866013485
1028399227
950306568
880400906
921025566
995258183
807070583
863524268
874140298
933888599
909286946
890473367
814684961
1065039305
1003356881
977964323
881134393
879473040
1017625921
808552073
1018339939
895395230
966517572
1063179231
923905817
1004309645
1026820766
837760843
853273125
1052736447
981177113
826144601
823415663
942389396
869007275
998476035
960566256
981855393
969391477
853402408
878672539
812040273
812593185
826492551
832673667
977599916
863238431
1046557327
945758088
1027149685
811982190
867347463
991579425
973259333
844610333
972863711
958495275
974200667
998920270
833541692
1042563638
962311148
1031029320
1073733083
864906067
831921086
953878551
1054648393
835022657
1000079017
1028986942
884048872
1072055228
964864146
999820197
1056943526
1046826664
841943485
978667932
830192166
979591919
863297593
1001884470
1041438512
1047558043
816839537
929265650
820533002
857968898
912112362
1032067239
1029414319
864250140
1003497560
911381132
897362619
857335231
1021377890
930638257
973745114
992136506
843057059
913184289
992092706
978184858
1025890090
828948232
950418976
995518186
961695629
1048775595
868339646
904761604
962764564
910661702
973694863
1043441155
930288965
1009088909
823827943
890830128
1062870075
938793475
965823023
923905654
980675052
1025286246
1014786094
942176998
820881462
912175681
1059142564
862076932
942906072
856724620
922487826
1026259675
845384085
897644608
826688640
1047579720
1022076276
891233927
886342731
966113144
910115960
927000096
940413196
964852708
915750857
995778364
1052416859
815413656
1033440616
985514136
901400851
932141224
961737873
1065294290
979011700
927646369
978003169
812055788
1062930163
852430106
986129895
894919244
821289623
988998569
990939155
897571388
1039042990
847661593
1059029782
1006839692
849169118
1068367247
973534468
822062292
924219040
1033980956
872077555
953550041
1040435875
815416669
885305711
834573373
921080483
1022512623
1022285383
967901370
805669558
912112923
813120637
979829148
997641080
822375316
1044781623
961624039
868015474
869841643
1043055290
946404608
953152129
1067105115
1017918387
818882425
985141425
824426492
970310817
1072252116
1026506898
808660729
845316134
905255826
817070169
963828143
890466557
993024866
936194489
987555056
949820601
979169433
832150705
810802859
900233908
913331450
838036778
1062214928
984590890
882384396
996722514
1052961631
867955373
948720752
833124251
1009536790
1066161606
807465479
820306709
991128318
1047315748
886839608
906013459
1019584374
1024858455
831756782
849851730
853157740
1000968840
825257874
851493040
884051584
875169163
836554507
881576667
930550477
1034037637
845162088
945396774
1002331403
883013884
899386073
954923409
905610065
955459078
1037383324
991163001
866130945
979844170
1038456265
1029249757
948369328
1052684661
1050350661
952268146
927903996
815316780
1062065299
960757441
893499998
958013604
1047151454
934088778
1072870370
1020660001
927255780
1047054859
899906911
895080612
1057778378
953818378
861561515
1047959165
821419184
1056568457
1031273656
1056452843
852876742
805339756
809674316
1033018259
889465436
961502723
960011148
886088277
823928790
836937423
999204241
1065504368
880195066
812371844
836719463
956502895
873437084
1057759208
981635046
910511358
864803568
1029383955
853459139
943490640
988817050
1058162618
1069248186
936103724
981186084
1017431637
1041038762
825048720
839583637
1026923326
827236045
996396205
915561522
940830584
948912979
978022123
898711937
894573912
912376033
893879436
824622122
980266579
908490723
850290878
908417727
967800924
933398713
1055036760
847770462
963970400
843004230
1050132148
984066516
982439926
985641156
865474794
891669612
819444219
921253703
901415675
808871310
916754013
999584119
927332272
868141276
1024174977
916192949
1068666161
1028357203
925956826
856061813
888751637
881777209
1025403051
1016236661
856705490
1071626303
876165548
1033796527
926324228
857320075
944051717
892147990
846555607
817033358
894245806
849073640
878240683
852935763
1033560039
920179184
972629592
972975872
881490989
918170361
982582002
902384285
809429771
1059724575
1068715347
936969248
959874945
1009186038
826089078
1012359677
916202473
1013643502
1014466153
936070132
956068609
951662282
826365037
986693520
824030569
920530412
960618083
1049476406
866726473
901185786
992369093
893350313
840839523
1041386337
807794063
1037426526
1027069590
1053480679
961577030
901109991
933708197
850941131
913990782
1056218304
887297294
1049782610
880151599
916615479
937028096
958813528
1054796096
838167247
844213929
941073348
908819049
1069806342
1034553783
843494409
885771402
1026148620
860585768
1068085937
906863442
1069622814
895278857
959815188
840892585
902992640
972879295
1054220095
994387385
864656706
1045236401
1058394402
1035509845
904522577
1072911291
1024347081
930423731
811578029
836158249
911706588
868919540
898545042
1071905954
928005371
817203661
960726570
826132434
982424228
997985503
884202133
823937732
978407099
998438622
870161096
823276868
888649197
964626887
807678443
934806016
890761363
1032125856
859931250
954544195
944888052
809672719
953811610
888417192
1018860842
922338735
949335937
961027973
857656876
919754044
843344171
974214102
859458106
1003227372
867745646
1011975916
962679431
1019565438
818626299
888531782
1003243094
956934749
997350570
887862821
945334148
956588283
1041493401
817431272
820203120
925935532
941232247
902550488
939995469
948539031
847595267
1030988048
942893948
1022644876
936818570
903590199
969906992
981321924
969932487
975495079
1072980286
949635172
1023080840
1066033758
983509232
808699991
1045895768
1027120234
992489675
882307516
915624762
892329452
1029789070
900985308
845743550
847508795
1057025524
1029608336
935019886
905119459
870500747
1072829774
1000917771
878070753
956762948
817812737
991283514
884605765
983930046
1070324388
937569923
877592897
875153579
910745445
902140331
999425418
933818511
924888280
1049170946
935650745
1006034445
896901223
828160886
1070261428
870520453
1005797761
908427025
868707197
1036962562
953848912
806516058
1002479556
1072088798
961549752
918599141
822979518
926979297
928094667
840198667
859964664
817638961
1055978283
1044297005
987960517
950435517
1038706751
990964794
1014621093
1024876031
1013463244
985073824
1032218726
1040268750
1014584874
885561347
939492323
900956876
888655623
874113179
1052906898
814904911
896180881
836052694
838315540
930017583
1069845330
875875909
868490719
983899602
1017652546
1068128040
1055496113
973616827
943803442
954022481
912199073
821147028
821484644
986323446
1037122671
867640715
967076291
1036233337
813611563
888935022
1009735097
969125848
960222416
807451140
919948130
890323619
1010146244
960547155
889289123
899151963
839458167
1043688979
995840675
1017168943
944627529
868704421
997955554
814333321
895624154
1045447221
956687347
858394456
835940216
1033623623
861284782
952640878
878103227
916358660
921218297
997216851
1005305617
838715028
920735927
828854454
878926173
1028277394
987501749
1038383534
979525333
836719085
825486582
977225850
1033262172
828677738
915747374
1015378800
1065818207
809786013
990728775
835348704
1063058764
944269994
872903131
1003635149
991814775
868133791
1020294789
972021395
1066291247
824456586
930660335
810332892
1054694787
844123310
867038045
909492449
1029249839
885431376
936518317
820657406
1068452918
999945237
981223812
977150603
971187495
1024510044
921715240
885174746
863856790
808630852
1046649382
861778925
1071462276
982521861
964890592
871260833
1064916894
851747190
814094724
863528565
1050966681
951625095
962805232
980843378
1024329818
1007132556
841956441
886853825
976864880
1000201976
1035186825
925430270
1018197004
1003046604
883903611
1057848836
999144252
1066076651
907445392
833228122
925787671
988876142
916980559
819699879
836712612
827266800
1015942928
855072806
1069136969
837837539
857532065
932852170
854546626
818255415
876862006
958325393
941383125
1015278655
835604627
876880942
991545303
1010699999
866421322
810800094
1032148816
967027080
1046940849
1042179217
1032323717
972606292
934788514
1031803402
851088933
831806391
1068108700
847491479
1060485374
840197862
908053885
880473582
905890784
882725830
847638721
821432132
821786236
874262789
937869122
991127843
905797905
993331700
956186215
947184489
840164833
869187445
860623745
887315104
1048826797
961040809
906095910
1021692995
850945156
834857832
986838208
917718823
1050332416
1045675736
912309664
1043270569
1069671677
918916112
810987821
886766211
1001121531
862906311
1021792693
1040412778
815822259
904234386
836743296
1044837779
1029831642
909428997
935832218
876128051
832548130
1046020141
1072390200
994189058
1034094433
929738514
980912292
862396012
965440789
1010413646
922666056
903823457
924886230
872566844
833822884
1012702030
1061660767
815875560
927812999
815985885
994849099
961772636
1044152806
805588432
873694872
1044309391
860646113
879165484
958109620
869144212
1012797923
988548017
1033906117
1000185021
999107273
1027861057
883062497
971017270
1070517397
904084579
850240200
906998542
1006062585
859220891
897693798
950138990
877216862
815090718
823746001
1052231398
993418596
1011251287
888579611
989786373
886644525
870503190
905622548
892672186
825052153
915285813
1019308435
938823237
940552520
891107503
806510298
921505710
892023958
1063734994
885458645
1043671153
810063609
1023210158
1000520882
857485217
894322262
875702367
842368861
956476156
950765151
1015014047
912911419
808697501
824528572
948486388
821008318
934593273
900932684
868093747
951204074
1016722538
855899024
963078442
1006228461
1073096250
906891325
835218374
903176028
835902372
1003634136
821630442
948779805
959441094
908144268
879126339
836196249
815319886
813782570
1052269722
1005585061
974097001
997927553
984601323
899004506
877914762
834372462
1047925915
976311141
1058923523
834794615
995086858
938110668
946351362
975708376
992319727
981396258
984164176
935545454
832474352
1046468307
873865598
811641420
1022328343
875826801
962119304
900110137
1011287157
908135984
1033099453
902474930
1031441569
1033723632
888712304
1000528720
990152315
832452247
1048530339
885158643
851576237
894483326
816308377
977229548
1029215229
835331458
1049276138
938332637
1057514538
849100423
905205087
1055158476
989443627
835123092
972542221
814066389
885659489
878644196
846424717
903018710
862077630
1045213972
931773558
835710988
1038523051
927772104
846612879
965362596
816984611
1029733416
997566103
893191858
1072828857
967557944
890342836
971448311
1038137879
870479883
991144517
1009498204
1060163889
868271770
1029428696
838981315
831579365
865963544
1065914041
962792562
1002317263
849348672
848532068
924387607
990798820
1060720225
1003917130
1001876694
998217230
981438992
838852413
817790732
915232509
1000002477
817064847
1067604596
920034087
833627220
928507550
862433684
1058802567
895427897
914078481
980896988
1017515567
1011351964
908742947
1010968095
1024705664
937672193
858213729
892458073
886097653
805563546
811744308
846301924
849537250
872769226
1065861920
1002037273
988224010
1063744965
959120196
844177390
831063465
965849383
910662085
959544652
1066320063
1048852546
920269002
897908604
874457464
827932787
1024549627
1056079451
941888984
841073837
1071221102
838691674
850038160
880058294
844885346
940027919
990081829
956877684
1017976034
870289198
912205923
883567037
886802643
1049651311
1066732208
1008808510
855990532
975191172
1065737291
825876749
987450894
966136624
805629372
820806473
825934263
845836139
910076790
965275357
917354959
999011971
873438474
1010364283
873774327
958092895
1065081164
1006648095
952376042
895582886
899499131
957319576
974514181
957914914
1059315047
877635703
840606800
917366148
917098965
820317502
832849261
922216120
879262285
807136838
867240949
986217178
994286457
946055597
1068479303
1022483747
837955390
1023562675
1035245798
946995225
845598730
939162352
915416013
868733605
820440589
812638888
887082703
950049244
866568822
866803797
819110197
909471701
961486285
931395425
1057020462
884108760
868169655
807588650
970716756
897876554
844395892
863705611
905086522
1034037599
898905186
988399023
1027960813
1017021357
910291035
861644332
1062909588
921784572
815245948
822513742
1033357008
953405208
926722603
1035350725
811596642
1011711153
892229535
1002834751
892881869
998149022
965710668
1057039409
1035330489
861663468
909748662
838268647
1050107308
828017696
861511342
809346374
821080664
964397013
946710566
839549462
1000545042
940752237
987897253
876939577
1062586171
858922545
816690999
1048567108
916221030
951608886
965065046
1030159518
820390146
867489124
1060179083
909934713
1069000746
954855352
837797604
835032486
974396313
919917384
858058100
971538697
878727168
919243971
815931416
932423594
947290249
1053227007
871977387
1070408757
965829394
1034880289
1025109659
1027591643
916060568
1057280348
1049865608
910148209
1014585024
965793721
885348682
1061916283
973244642
923357069
1018642393
1066153827
1072679958
862549214
1021989309
1029849492
871326766
1033675727
934296764
884568023
963415854
1067571939
994248032
978354395
939098477
821130309
829207348
976087808
881923695
866640271
810707370
896971961
1001903025
939817911
915901153
977519249
875935600
961072860
1005005353
1024360031
872872900
958892863
860211100
1051421279
981227113
893230730
1073247313
833464504
851749477
1010156161
959084769
956504476
836132591
903790711
831502117
914659408
885142135
874777438
848266393
1011625939
910058864
953760956
874231839
1009177500
862441946
815391658
1015994416
1065067505
913212917
960089491
821404811
1031127025
927591378
907692296
1054517073
984939558
972504683
866070327
980451900
1020140357
839148788
1009277514
1039244298
850228523
954922456
852044442
877924890
981036507
986754066
894340701
812625122
956192897
871978866
1038622973
910795818
1065509205
944640946
995797238
916780516
1027513854
997490541
927994669
819879104
894093239
1013321419
1059146993
853355881
814445347
1059781147
1065948516
980755047
1064861668
881327007
827691554
978664340
861272973
922678748
841651573
1044511727
998360355
868127138
959564296
904374955
1005260296
1063975903
995817738
873068619
1027093638
954184788
1072061052
862017054
877851189
841876912
996031273
810493002
1056695294
826914181
1007475604
1072721979
1071462873
986522977
989087085
940910957
977296417
882114251
1003347242
807851368
883840469
986743821
913262279
841996209
900223499
1020117871
843140298
844249208
1031739744
971549517
945156981
1034106208
1018631302
968156708
900146033
839842269
890597437
861976127
907232488
905986584
808041407
1033272692
807334464
1050796660
1038978997
889950169
845181038
983700520
916217520
1017477826
1032320041
1056180871
1018772460
952232821
840662740
1063222525
872741502
996231749
1049157151
1051663834
1036343406
875354689
1069801956
946865682
1024224874
847995380
924759724
911349498
926464993
1043273070
1000080204
1007754690
975474429
806410921
825080228
856713971
855708759
832352495
1034723006
846496886
910574558
818140653
871157638
893262472
958979443
821075380
994002885
1053724684
919296703
873045791
912568939
985725986
872896205
904694790
1003947680
1023208158
1044625683
840669043
999325404
931091514
905534639
1047117797
911054728
897865198
965939263
1017272573
869262848
812107954
829352248
824812752
1045239367
971405483
928494784
1000718918
845375680
914162745
913563467
1035454093
933624152
878529209
1071929180
881362153
970461977
992648209
953917282
838533001
912054931
853596004
837468861
884763703
1026638291
875016515
1021057189
935350316
1026951789
1052443535
953632463
880496265
1059498285
825225392
1047466586
934922487
904136222
980155689
1045076447
1052530178
858913055
1010459111
906645854
1045825674
858784599
998433393
1046547109
927567727
855145778
990599679
1030108532
809997897
939321938
884563242
927867645
1032167898
956146559
1051162500
1049701349
910969208
1071367458
895956536
1028986562
1009521199
1024914206
978710376
945726884
1058456665
922296684
849955283
859195479
1013134786
862764792
960039379
1064132844
878744635
1073403218
1057241158
1001417042
989227055
947916972
870644158
925314799
947274545
1065904693
972700739
916447935
905343396
1043660794
876437668
980323356
1019586645
876180925
905361320
928007498
1030961462
926866411
901616734
1053710607
805693620
876521301
936656961
986045888
934009283
1052633201
905755439
869290831
1039075096
957841768
863247107
1067401889
840384858
813092794
1005834395
996697274
988361382
839681066
1025390710
928341131
1073317836
1009849385
946644256
975902653
855741396
837714595
1035870793
875417030
938543062
983208219
1071755568
829341243
806618085
875077203
1073732517
910428716
1003943425
885578688
869351810
1033814537
811868950
963426168
986331459
1058338979
913777438
987151250
1034308485
890128760
993278789
974468528
928437731
988632156
879109323
1055736078
997462535
1041917248
937395103
975754014
984491668
991276348
1023457159
832182034
1019804262
891622376
837318209
900931327
821968734
1010167797
836046310
952281787
884490460
887383382
886135069
811550278
1025866158
1016340012
991498313
1004432583
934077505
1068659232
810630669
836670314
912333328
819073934
914763222
971494712
879518046
919486623
854578254
1026007549
816669472
1070891992
923356202
970485797
939262323
1038281377
876904779
976547657
994095373
1028380065
826212832
1014798885
974913570
1063961923
984077811
829744428
906849125
1046211275
892120685
958578052
807685907
1066639644
1003850456
813978602
809520567
1054920772
846200720
968816494
1046547999
917259740
896516700
1022010007
937944028
1009942025
820015996
998033713
967545851
917062928
983387744
862080505
1044119321
968783464
1034734415
919119702
981570354
997762227
852895341
828142294
910449308
1056037589
841910674
1025429078
841169895
1016285330
959554438
1044918331
1011573087
866560305
1021795149
960301228
1018875924
1052488458
929069062
868270602
896577269
831729681
905518385
835925553
893189774
949214004
828442134
988226388
830595483
884499362
821549798
1001414190
888472008
1053906568
980112852
1018435371
1015157116
974241407
957133107
940406378
1069058189
1021503494
990177591
1051603402
832643981
934447458
806666446
862180877
964770620
906811755
824905311
869320619
1069983581
876636395
831806375
1033988061
959602471
987300337
1061074128
1005546306
987705639
969432941
979457232
874424255
953245474
1043290409
1036870350
1056027491
1070104127
899131947
1000562825
854453335
935221040
1066635681
993718981
881420581
1022177021
810883364
893427134
847875126
920176540
890695426
952828313
858064831
938071387
868258241
850097419
1052847289
866799956
871184991
822081960
923860586
886293072
895504168
843748547
989952363
916634873
1038282085
1018832742
876315707
909856180
1046794366
825696746
878641923
1023632223
928938846
883412663
856742029
948306743
892560610
876915370
963375240
1032767758
996255717
871777636
971161387
816018387
945470497
805964089
967984114
861598725
918917579
902620732
903704435
930224686
866643951
961519913
851465649
847853478
1064713241
880937489
975807871
839264665
964050220
1004089977
858611036
985935234
828915209
1036623998
1049557905
827826379
816439527
879311285
1063078447
1067437919
1053943317
974983645
959824601
940793069
953370664
1067223161
875736194
875434921
916463847
891009680
999707270
882652359
969243690
885542591
889368603
962633047
806545896
976364398
1028474393
1034778908
878577688
958794452
956615937
868433183
1050328997
996996563
1071947198
879434274
914437574
829557922
886565137
864152768
806309859
854090019
848557074
930772112
1024688076
1053727793
939949973
1023259408
1064326597
1003572995
826683604
841408182
1019882059
881886432
879249604
933308572
1014308738
826933009
1023751477
1008347286
1052116606
1027272134
995020805
1068518831
992129242
961749628
1001004018
1024827581
894071872
1012723476
995057458
834709677
1049704873
827540042
835366415
902286713
818244173
949667319
922632546
1043043093
955126916
880637245
984419982
1072851460
815356309
826507451
992877858
1003152536
862547958
905369762
861763255
999159098
945540929
922601992
954879649
874420397
944631312
1028946468
816985711
1038686185
1063067062
1070576467
879236418
1029429838
1069053190
989108814
1015264576
812942045
877710692
839534968
970907594
838459323
1038684290
812188494
1031996259
846920897
1028159036
845037683
978850811
1034107271
989567752
946775474
942838687
932140018
845770007
863467136
838967787
934084264
1030392172
878708548
989605845
837833920
987372213
833192594
1026072244
883900997
940975159
1011176707
981796246
954505221
1048603279
978813386
982539993
864470468
971814515
863143421
855556299
965047409
969038581
918617931
957987301
1057548003
844513614
850731614
1004575442
877100107
924207225
949825100
848123240
872045362
823050382
891520490
1001527164
959371932
1028504640
997516246
1067388504
934199775
896600875
929331558
833146031
885929946
850706563
974668447
1024980785
974867726
925560147
897465695
938065699
974205668
858036365
985646389
927856274
1012555648
932099033
870061831
865343035
912577743
1065614561
862922972
1007839345
894029467
1011172152
910086136
1049224292
814122170
1059828856
884209200
1064656357
1019338042
966802800
854928379
961439607
843367849
861630626
1029074805
1005321043
889928262
964292153
920872856
1060252307
856525384
810445469
978179787
871097540
1045058146
823046938
1052941063
924007944
810242080
1028436733
1030684650
823435589
874331380
1018145201
1018684643
960735956
903661092
1028586120
924414447
874026021
980648924
991711157
1045690363
917161367
952909763
835078623
932551430
1016513984
1042685691
882378419
892684045
1020923366
1040871161
994367187
928307010
863669816
919876464
921201010
1055362231
991334829
942362832
1036159011
869294454
999174518
861202603
984367308
881973325
1026923825
942777856
849199433
1041681520
1011935269
871849274
1005330450
807012835
925478729
954846694
831049941
954679942
863653666
927274709
863278804
1054597736
857223736
887671535
953725653
1004784139
1032756578
847958703
957157687
850679405
1058185003
856666110
873288577
818595954
1071924994
957320410
1013702460
975513288
1041405053
969584686
919528932
1067555411
908088847
989709748
973647952
1053546864
1035246490
904334210
960308188
819068324
817647151
845987634
993627114
1044358557
897995484
960697109
890841740
1016556377
834375092
852941675
921401055
1047246487
881238296
922579228
862511376
1009301648
807624064
1007259203
918300409
891204018
935251715
807344857
916451448
882355098
1011369808
920962037
1031413222
988981056
864386688
988297276
1012722915
996609538
837861242
1034134841
921105804
961829156
816411014
958526927
888183260
1022612259
980822580
936704058
930459835
828484263
900209603
1063291693
882236315
987007283
959020550
930382795
841252518
996216779
930786394
1027945500
1029430917
845888655
967770370
953405646
845108069
1064953016
1005627795
921740642
849995753
825790991
922573626
827396135
946784874
1068937024
877092339
824375114
864616481
947570133
1052879794
999969971
906208791
947815470
1033845747
847511071
840409742
951661164
865035412
915997740
884314696
900647532
822532780
1034032061
835792179
992745968
1041603199
991269306
833171489
830208469
812312245
949807232
1019858489
1045050258
994013471
841628286
955577803
977913037
850515966
836456101
1061340612
940403090
870727030
850098456
951289685
990803860
1059409014
889372307
1007136386
1020462880
1016549452
918090715
1070168537
939351624
1008708129
835490515
832872204
1067863036
845655839
926731764
911804577
907035680
984322308
1055086688
955793492
855716468
928218721
920670422
889636742
966849718
843419775
839986125
992264411
922634486
1066426202
1044397479
814878537
927440889
997001070
1018187069
985385112
910942309
897679793
871333496
1046455413
1032033715
954964303
955028229
906025984
872914840
899080217
924325353
867083185
1036119319
1056528545
962129399
1024816878
890441413
1039635413
805676364
869779829
846517228
1044420558
999852134
964825674
1067157318
1057716683
882785133
1055413900
989673103
992678734
829227785
925908074
805337522
1037703772
942947867
967942748
1046854917
1041206002
877436047
850158360
964494521
930670187
828049745
984415350
1065412411
913442399
908470411
1042815664
937604757
1011659431
1063477473
928488137
1011215582
1063569942
1024770859
860854314
952433102
887781178
1055701528
1058602867
937813594
805640236
930110995
1067765875
1057051110
859024056
924549160
924369974
1072438611
952793887
872695554
966080888
989535136
946031306
884127701
963890188
825216170
1052558879
919127565
1044777340
986612158
885215632
971961737
809102357
846555525
854827667
941420655
956417641
1040205149
1041722634
871769460
960382019
1004479391
1041440441
823428859
906310768
950680223
962913760
864297329
1071068888
906380772
1052351551
1047580225
932569638
973657231
982688768
1056333214
939874372
973081330
806699230
826367257
968499860
862416178
912256110
1067013618
864666402
1022567518
1064995356
872120253
1044826807
901069928
984239958
905663082
971643244
1047268242
978743934
996884853
842716314
842167435
877015313
1016371573
1037368248
1028988481
1025850529
835279305
858985705
1032393070
835643480
959853932
993849942
841349925
1037065192
877120256
893151924
941742603
819607981
959240862
1044690508
1053520296
1024380324
979679088
845509202
947327953
858900430
1066554867
946245216
1008492997
1004825310
969606176
923411645
899455867
873076271
834728289
1017607010
842799549
1052756586
863833534
1005555113
924732886
959138416
853800848
863946917
993553677
808828946
1041707286
918094752
946672688
864963376
873400496
1001961558
1066306308
1063828061
815161024
817611160
831840736
1018789095
976453740
1072015613
880533169
862435697
841385552
930618299
954740083
1035842940
881053223
866676721
1040154814
908199762
931333482
974398694
1064904260
993592526
1000468237
1038812426
925539676
966947747
979941362
812801036
1009394200
1061502044
1013742502
1071541318
1049698931
1033879477
871452591
1047732720
1039575634
837651354
845568154
936905541
1056860289
950904339
940440394
824585100
918121201
891599434
1019721280
1043844197
1028613910
947112385
935896703
955724874
856275196
1068432268
927960063
990053004
1013561902
866526814
1021970940
870837963
1022881045
1066577546
830759326
980442349
897798345
935019473
900250956
886157375
1072589186
815550227
1066969357
1000780262
1031274124
978088674
1001192998
922103188
977627674
1015071468
926853032
937430840
1048471930
998112053
940029924
875058184
991099560
1030198286
847617333
830606752
871497242
970349265
1059960871
919710143
1049376060
1059263275
903410503
970005610
860300448
985888720
1001825035
877494088
910496752
953104109
1026295757
1037557537
1002582351
1061208739
895705639
1058513690
985441126
931124137
1020330979
878049483
1054320098
895031300
976576315
850363302
947441772
872033531
969258763
808898410
871440489
970925576
1018700054
994209374
915769635
1031783475
973420936
812610605
1037359887
855876016
813725215
877870573
954795532
881409946
829360531
968674308
925000871
899772148
891480369
1015209397
868219414
913617399
867905925
876658611
948527952
897828506
866449946
812763478
933934056
834810012
1014733261
939707258
1007512602
992625659
838301896
1043408305
1005579391
1022193659
1070859856
1041245094
1071182344
949878430
983783651
1028656446
1020058137
994242909
957181078
1043488788
902875513
890726883
838967326
1024944668
1054769432
916210185
1020573524
923145494
1073422308
868787016
1071233412
1024325412
901978862
824698733
967563776
1007272588
981698723
825419789
848840989
807087824
980346762
932675370
982457220
858474244
865402654
1053116243
830790093
953183333
813255532
869241869
1067330576
900494221
1027417017
842653563
914072405
805698719
1029458952
843363692
839339202
975205520
998508154
821219080
990229860
996655391
908528344
1001850686
932839923
1057636605
1021890378
823872856
880676627
1030896487
903470315
869236513
856432812
986720132
832308014
995452888
858571679
1014396049
1004112075
1004449534
1045334409
821774426
897785843
1060216137
914121584
932511273
982087598
871096784
1047916349
981460002
956598885
1054829421
1007146063
1070775572
985715556
901548902
816719890
983546395
869163063
942827069
1027072799
1068017822
874309251
902903414
1054267372
1027939318
1020756016
1068949651
998556154
873480132
894504170
923388861
1012299731
978558521
926583852
974836080
823392868
939557120
949273220
939567226
866554176
931987167
979308332
998582607
970960061
846365337
820990149
859279024
977206681
933184063
889336855
996903174
1004639832
816948961
944302264
949879768
1040026591
947672256
825807469
939605771
846419441
958140271
964410666
923789671
919151330
868823163
907679168
937768813
1033830596
1051344311
994588402
967462798
872497475
813934366
847316221
1019682487
1073112458
1043719395
1055890255
823350369
1020943164
848774161
846393618
1021324545
943380756
1010486398
941088658
1019796252
877236466
1008664104
891963172
963994127
938020889
870724358
877624230
1041259747
871375475
1007714560
978561079
1005223212
1055669402
915477390
893324228
1016993708
1041367507
848768361
982464807
996990337
1028697737
895758712
838842439
973322671
863083792
1011311695
857582465
907936273
856412338
831872806
828733581
870746599
947749692
982670890
1006396014
973658477
1067260646
875486997
856208305
978927697
1057705012
899547991
828542596
886845421
994194694
1065013496
1072182586
813618404
859336107
1012928407
964938546
1000253003
862169533
1034631077
912618018
899747602
1014937332
812772699
888098693
912303793
836492062
1064225037
864419648
1059754213
922731519
940098966
951388473
1035084232
1068325068
906493598
947699836
1019444383
978531818
828850714
834064390
1032538772
840538113
904609244
1061314388
955768092
933197434
1060181155
1064879547
975484947
879234799
829346130
834991215
1041023591
911584731
892012126
1060279384
989723899
949815614
1000445489
1047929710
959904314
1029150297
1053050265
1061817711
953911802
859605736
847263430
1073290365
1042389710
1013939729
1023437997
933135562
951205997
1013311420
961399928
907885130
937698689
881073358
848753793
1000602354
1018853161
943846256
893700875
849378227
882868554
976213051
1055610802
1022488631
993511089
1058321900
976878270
900304323
1007894656
958880218
997405669
993889833
856370324
837475117
826221267
929081621
967500253
990718157
932746656
846116870
1061342360
961004901
879617971
891807881
832185371
1061102763
832547415
823566226
1068223953
1003389928
968912887
1055781232
1035906978
898249549
944060497
922146006
852908534
985969928
985708767
1027551753
981369978
838737039
915917418
902264746
855754440
881227811
813722052
822720863
900761658
1023440812
822387264
841317276
878633977
854755948
930864992
1002953309
827435483
882075996
842229399
951851435
977194148
995936084
959789224
900014248
994770154
986981086
883617071
907804575
1037757465
952026751
1032607829
1042208580
1028812878
1032616035
829581550
940764064
909568945
858491661
948192057
920010879
1054928719
957576587
979209647
1053982030
868249034
909665586
1035605940
976964203
1020264006
950214121
930944566
812299335
822289179
829626385
966746332
1022204861
964928873
1072734521
928308192
888169848
812978423
810541414
969967632
981697502
926886223
1036686821
937199441
863366677
985076796
945507536
967486820
860497615
874412381
1013538375
809093275
919359596
1021116712
904898329
919883791
995894521
930597817
878092437
905274071
1072712303
914815480
959969746
1000770081
852876470
1020741232
904404872
929348653
975074414
892686085
860125023
969579712
866581719
820626368
981329340
923753887
843684747
830028636
916225518
1072469645
896312430
1045577137
890499307
997429874
809063978
1000922600
992524702
817790794
935322891
1011047192
940429904
860610862
942443300
831523840
963013159
970428118
808436113
848433553
913259835
929876410
893443057
871778460
817986235
954342107
825518436
1044340364
857349222
1027115221
1043875324
988334395
906369731
971726497
1058801442
901601604
869575508
1053520568
906958630
959212129
1037107894
862861992
1035444745
1055731456
919370192
938317413
886308818
929830182
1035474783
962184430
845325197
824910990
889330628
832365231
809774602
863370309
1019322933
848938039
968782248
847421181
1010842146
865815370
1050611704
937748269
871664205
830907071
838461025
1011312754
1024616208
1030774628
875119492
1012915397
849691757
934136210
986589410
1071649430
961227934
1031358531
1023785836
833311276
890325813
876407799
870925237
1017305784
955065653
923520490
824779092
809296791
972289686
935222760
1062484494
1007833704
915220096
988413043
840907268
888911937
813719389
968712844
828742593
823314507
942224366
911305848
946133610
1020841842
934020298
989642007
1040007295
971967363
805878705
902816730
841486448
956194455
846571870
806168910
927520514
879565345
916990558
1027940818
943889224
993251352
1073713767
1024681348
838035445
992954657
969652372
862473292
1004399424
908627280
873388715
907309121
1060880880
1055820893
970680537
1009913505
996122529
933599235
908751649
841952353
850820978
905511734
1059169548
878765338
971518209
842512645
996805544
1071821625
819973696
925846831
1023408065
878068408
957942942
1037170121
902404054
810450557
888318788
1031952105
937055418
1033969181
921888372
1059033807
964092267
890709080
1024432763
810784370
917135186
974431564
1052294566
1059976537
895618624
1050920818
1014723197
840074365
1038646820
931746066
910738859
1033720409
985351141
833574790
992822181
969823321
941874457
852342224
995589452
915114530
806796833
863828786
906905746
868019692
995175050
1030012178
925337893
931944162
1021301744
924546629
1071144845
960645540
853267161
864669839
1023511327
930057336
900337583
1051046229
868885795
1033866781
1039683322
835352695
1008181057
897361762
953060991
955311914
1049004281
877217125
1067386881
944205857
965304812
1020249077
1032060306
879132909
828394734
947168985
999617333
963537942
1046734663
872083973
1037081601
923798644
830807140
974383031
817284112
808427902
908165800
960106568
857245152
955857286
978818487
948690711
865040570
828260426
898729163
1010990670
946615503
1037987236
830634316
945637178
979667931
837471060
822107531
837437789
835791772
964793142
832076375
1073566689
1021104842
1065957013
869220609
1056865801
1057757044
944784409
997697367
1039635746
858629581
824587076
995259426
866249086
907064150
1003974318
831374159
1072630797
918391537
921819267
831278909
822636239
975296670
956561574
884811543
994612330
1070333396
1063741739
962470326
847502405
987087643
925387604
870439339
840622956
810371376
998561715
894950205
913730022
860193216
912399748
970619001
963749837
980863735
822260167
931737257
899276315
1004886665
964583074
865327509
875079520
1031455748
1047268994
962693241
921762030
850633501
1048856604
809363373
862251733
856848351
814863474
1037256823
1054850866
1020835068
891923871
961145853
835158786
1014235534
817104973
921904593
832222240
863439467
986267005
815421804
913258594
988388589
825971421
1006328108
1062596655
1071166768
915584341
969856460
1017568828
968478295
1020168756
905687549
912714663
996730505
981202247
1034942610
831521419
832219888
1048084148
820291470
1024871380
1031477707
1051233893
832458703
953762724
916738481
943521600
971837029
1012738703
842454677
922749355
893851488
990912964
982848914
1073420799
907622384
950862306
944689622
1070880133
870491925
817849098
1037893917
852302380
913497242
906518705
1019682039
1067109831
918177955
1018499486
1024608508
1019906274
909356028
999167679
989514937
814220513
1031932634
1024344399
889005751
1014960013
868308949
890129462
926618420
879755540
957732813
1040153714
945485895
902023721
1041356260
823473731
939679955
817907245
991151177
890162756
1010849316
914226312
882463900
979732345
1021363791
914491803
1055170431
1072803288
1046358639
924807867
829647044
1040678839
873447844
1058614829
904226681
941561555
902476674
943874257
835041225
967119400
879905131
1007516407
883704754
866131434
845227199
850639823
906054579
811827351
1030019572
910536719
1009647615
879893364
881361030
1055196514
911063823
823050840
996737880
1020524652
1030124246
1018193721
836568063
1062036877
1025866626
1020350435
1032538389
977617420
836410906
1062243802
1004709192
1028045389
880875060
1056122601
945428623
1043521675
921401149
844287702
917012588
1073714157
1064672549
915296991
908262537
839559689
879001652
901028927
829420992
965158225
821252314
851649566
854636486
832599973
875684966
913737391
828456204
872041497
1062137661
877709225
977234542
921795325
898104561
972540652
905384057
1033107041
932632846
981711645
1029393259
932882047
1047890154
925552615
827849609
1033662652
825922884
930837684
941564453
885793682
995223027
1037622924
936992599
916008322
826445679
830227460
943794632
1020771255
806441342
969020041
1064975595
1036329739
998433214
837025236
959204710
1045018340
815153931
1057090376
885517757
1064270199
1062908836
960912028
823329406
951822314
1022006797
807283674
1050929595
933844232
1071878906
992857922
939007327
875872037
836198888
978671451
827689133
982420325
1035024965
939650978
837172340
881025320
818824715
996534011
932683905
967397205
913114639
1016562032
965884978
890420197
976015166
984168017
957130038
854435433
845042212
975966996
1045771200
816154566
1005491270
955540400
806977393
926465404
990290257
1046253945
904259692
808372055
1050852856
886054150
883341167
976514464
961808334
895832896
1042945353
891569834
846513587
929083716
948527863
1016938530
828217703
1016499256
1008919741
814088735
1047826059
943675170
972388443
912053254
820562736
825910154
931986857
1045518528
842509316
998918534
863535411
909649615
814635236
952911261
1056365817
879493576
981047340
842910119
979566524
1061400232
1072153633
1020298091
881766358
831569116
839547311
816188545
931285110
931589308
886847451
1063142752
1031649983
927462539
893432802
918975383
812638293
920460791
1072857042
1040458506
976136362
1025840904
1027418833
904587160
948063658
913709906
999615047
1034855542
933132980
955687135
1049826541
904647310
964837414
907979341
1001175173
995013771
805714008
948085735
887827420
870572614
847273247
1055596455
985380379
860693541
987897835
953450960
967067879
926113533
825951544
855349490
853979020
871643139
808932835
859817405
841805741
949187425
870256400
925452693
920675347
913077183
1013926149
872798019
865868589
1038952314
1052218361
838438222
990082877
857933920
1050392662
1018927929
1060071401
835091627
987676220
876908083
1008600910
991011478
1063586448
842659435
845427369
1054397552
918503255
824765115
1061642962
865884805
818461956
874199226
915352394
999692185
948944251
926861368
955451372
833222217
1025966408
863341210
1043760705
949215153
1059722932
861491587
1053156752
976850252
959185527
810626379
1020206016
970114259
824337069
895086406
1035310651
884264111
893776499
911883214
1028987991
1046330174
915754931
900304205
1033323766
1000665368
1050005797
848027701
912854584
1040500681
929267199
982357829
924454391
1056982040
1005165473
1008337549
929945226
1039335555
1043487966
1040221516
944749632
884999197
852220017
914706296
1026665570
1016033041
1016972423
924500180
873260791
906133035
813452116
907246033
1004439577
933771021
871944010
1017056781
932939099
853714613
1014479499
1058329708
867185840
1005254449
899454473
995575794
850912207
936462088
852754686
1050387690
904439273
1007607265
881208490
990992291
1045009374
846060598
887394805
940707620
988925828
893253669
970703932
1040448991
1014432123
1012497560
1058856205
879299641
839414007
911668642
811423877
852025670
1060417748
824635366
826551062
867303792
1048583925
994271432
879878124
955600232
816134503
989155849
963744740
951290269
824720768
992347433
832374338
866138342
819539476
877922942
811874438
991972113
877440550
832554642
960205700
831487426
976677737
1042501104
992683521
1010229086
860003644
816658731
959458989
954735526
902482635
875442693
1062987173
869146569
840315343
937010825
952077570
846696501
1023464953
1040716256
1037104244
1042841763
879333226
1011969048
834376584
903051451
928216981
911040461
1023631806
989817378
928236280
976343832
885967264
1018169131
970833677
822271215
936659971
984505954
938034372
822085027
909251506
946432897
874110111
918607139
1020891800
810280503
955961516
904706769
880289662
965102090
816896043
858445650
1071859230
873642383
898295003
830936528
946133158
1055592915
922415162
1061925557
963375880
976694534
946662429
907816815
1027798477
1009985802
878901072
911847393
930800901
842251177
864295987
1000908801
868212748
994566140
1051623651
984237021
977893394
1024911809
1034081404
1028892956
847778620
833113734
894756334
992555804
817469875
917861508
817467874
1063753330
953666706
1011131633
867431832
873653878
974125230
947811672
982830175
859870841
870431937
1001431488
890967592
991671157
1023683110
1008482696
1056578281
860786781
1031286929
1029083269
843274531
985646257
847124252
914676419
898617312
830202318
809632555
1040218371
930811702
946986239
1001449944
831240554
981224549
927335276
816095143
1041831222
984605854
909561812
1022202680
957725284
948094325
962150606
1038782517
825189080
927827319
996855532
991334546
869826874
968085119
1011448458
878758443
1071362247
883195751
845820780
1065008567
1049839616
867780511
819472303
867172511
930557339
932415157
1072029830
818799256
1062914542
860331504
952983292
1071703257
941040613
847503201
1063632409
898758547
1071934706
947775886
924244697
1028321789
885931016
992753980
976604248
931875220
868334358
937081816
1001553557
885870394
893973945
953552398
954930843
853778079
929263437
1040201875
902575937
932250293
958012665
873765733
941549094
1017758436
1060017390
957784578
1018447238
948020991
912391831
1009273765
1014947159
825487594
896252033
1018539753
1038442019
857883996
850213934
1073316088
889084555
880795518
1019569490
898607855
889134733
1009597440
1011499514
942581143
958495062
896059197
858632811
943160815
930467078
819353907
1003221398
843729229
921284590
848169602
1045392671
1040172421
1010147228
1020424221
867158935
878155541
863536344
816368284
907888398
822839702
822448031
873681070
1065441788
962137758
968825408
836172284
910448861
894754311
824777375
1006721435
891315734
943863873
976461609
899940452
835467760
972583012
1059315066
936881250
812354604
863349502
1011796982
888812111
949228651
848245150
990239452
839082672
809177935
868565122
908131531
989844527
982988944
984222384
856010190
843230400
1045839028
1011680208
923482782
918855433
957747896
815415260
1053990508
835768332
996766542
824471993
949351374
834706531
856137094
806889593
877931923
1009264852
1070240139
896655350
858767379
997749262
838277297
1044721371
939292334
1062299770
997911280
994782056
1021263237
940849703
810255521
833992338
1035902370
954687724
887355803
927790129
927155066
1070337301
883103177
842672581
935719730
998052662
842121906
857598473
1065661029
1008511789
939505651
833837582
991528437
927572765
1036544704
1010967064
887298584
838674632
1016562465
965354881
982664293
812799577
835075346
900868110
1016403842
842193119
1040022595
968219995
878975709
931289683
994223102
829472495
855052009
905087443
1024821282
962584855
1010064631
1031863245
940839655
878525124
1022586178
885957133
836011949
984836392
944573202
965829335
815857708
938050995
1050563937
1023631098
1020090358
846900922
847340354
922812785
884398542
953146805
905723710
832133507
953184281
990050766
975965919
1057745173
1010917852
937474979
909414257
921291952
905341284
941784176
892941145
887538104
1030796577
1054454739
823771027
846557532
966525225
874371920
833757338
1034929437
836996172
844393059
876067171
845680909
1073128953
856953120
1009556462
871156041
1042744027
1007126549
969849827
1072786561
988989959
1049068886
1063792495
919606655
1061947053
1012994730
1027023168
1035584070
963830504
942338854
1046105960
814853875
1017834454
858598959
1027088942
1013902337
864652381
1043052195
889168887
813332730
905515905
917566125
882202447
886075213
946084724
949322625
1028411512
858979176
805505908
907416096
1056386820
876872977
1055885884
1031743452
904918053
837966677
1037134936
908707662
820851995
860945484
1053952220
875550157
1037893175
960852502
1009508414
981686691
973573621
961479212
993752338
1043337346
943822306
938568075
901186083
1048024611
829885806
1054132541
869743612
949915865
959814794
1023825681
963378603
968132472
896263960
844564900
1041734811
1060584141
978245332
880404282
935834151
954352249
981585914
900884600
821759444
1047119251
872777099
855294590
860897267
855171041
967665192
971716541
963061709
835486699
1021917193
882275083
828035622
838958803
975608000
892518008
950813175
923262398
1033756834
859874550
882334813
959236432
872898650
944711520
878982781
845563531
913261339
1028479470
814926677
1024055434
1019699139
1058059819
864790799
1007258368
1033345095
1023702325
956135921
899308911
822785429
1038494094
903831800
902023459
921979050
1062033807
849902032
1055913331
1018644538
1068820089
813872586
947266132
861539584
915976210
849617412
823317537
937857932
1071674968
1055279564
1035454712
839271488
924378271
980488213
934062923
976127667
878400804
899067614
1029267933
1025095209
1041776462
900266675
938645635
869558122
1009178772
898694514
1069761799
918591166
946690305
885627835
906794082
925621394
958195209
972659152
866289527
1026992089
863618431
863168268
916271133
887796088
858189321
848819484
806121303
1036535229
1046258363
806348335
1015660249
1008827916
975772296
810963699
1015192350
830083303
986423881
1047520879
947960919
1039468545
806039288
894674266
991965204
989496754
1012583084
995409947
991873281
1064107282
1012701893
995673013
805398936
1010876366
1053714284
1069199607
866640728
1052122506
834304069
893540450
864959091
989053691
884530564
826634880
926944651
1019791943
960208540
975498482
874170354
880476012
856714604
806212978
937873858
1044370765
843039200
994458863
951792379
817416696
944840823
1032617993
1051238326
1032789371
1048869394
881546833
1055646553
1041835401
818949543
917578679
942553228
905268191
918183080
984865647
945979199
817153312
1018539035
1008093037
934695748
887358089
936075239
1002526486
863308012
918941664
936685805
808641168
962768239
828995885
1008098478
826042688
867886128
1069760392
1035631154
995647265
891931240
921447219
941330870
826931778
932017757
900133275
822228390
954771479
888161140
1053499942
952225025
1024021267
849911319
930157104
924394740
882244419
851453322
854785274
883533858
838142706
1053961351
904317295
1016666120
946252448
983436769
834400031
1041458400
964644569
826389140
1028989970
949163373
925049450
840062350
947425710
881837116
1057800429
840414023
827578868
919076160
869355436
1017978398
993980722
863881211
1053067183
857444368
841537771
823011686
984271551
1033139486
855141053
1001443567
999630408
1049642620
875901126
1060869280
962471312
947844151
812826411
919084404
950767485
979962571
1021291361
1073618015
1027055854
1042141396
974420605
952392611
940558622
995949258
952792997
1057983184
