9649229
237562587
58431619
172102637
227369784
197285542
61032737
18404910
122583288
109498496
7039336
567178
123685036
51442688
265771356
144602171
227792455
180514168
27608632
144259448
206397610
267158663
267867070
129981106
117538366
208036588
48878119
95286160
6455216
133948717
264710142
181955524
156646230
47606020
43502546
727328
16077215
35295241
88784692
33214752
35423803
48253365
44765518
233691979
227515683
20215066
162397524
4284463
191062536
8014205
157224468
11524739
209120229
172057570
107138737
73903169
245309418
232985405
170590924
239084957
230395993
223185903
228447877
156088257
66750913
18302874
207339222
29338458
136801815
159600136
192517590
171613444
60945513
30990695
152445835
193782014
175023884
85217269
238550227
211545007
178959043
21377886
232669078
142598857
44373486
196910743
197053466
62519618
202181003
147923827
261448003
238624668
99402257
241442623
63423625
243697854
99947685
177999790
151205960
194413561
235542808
57558620
203624539
58894010
218339908
202568535
101882717
188520867
75799870
192046599
15124968
208971262
21801880
15189687
141157068
159094263
46402803
130912252
85062735
239335025
11465246
194375831
248513537
9622149
213384089
183798404
245378346
174927942
20350181
227416560
213760968
158292943
189560364
208285223
90936769
168705733
1447205
220363401
46607474
213585911
255976250
218471900
63813812
113313328
147640891
64603506
4894393
593136
216401630
9612687
150266929
251477014
24512626
243661779
249570439
91455228
201424524
84631096
40774249
44376714
184563547
211807048
141208083
240726356
242075222
248407307
117865889
119281740
108104646
171355938
24734080
237847623
103542042
113102282
132040891
92711982
206715966
142794726
30973790
210020779
218613362
178543136
114504637
103044714
159646481
204034247
112068880
39312879
76936779
116882829
12412601
194096964
102614404
212310428
118991102
99495928
159909775
75347591
123038257
48171599
54137861
59689153
122765922
153478171
18970123
89150957
158112289
256131536
262859830
130453157
260625366
151080938
186938391
23437721
246776794
249667086
107204589
224407084
126905258
15019851
1317910
75968583
36540717
162291140
25421805
69808884
230259714
13158029
177575223
161338251
74233040
61736484
170739367
178195539
89873237
47514976
131322294
212677480
138787192
140213603
263137792
64835042
256007388
156311371
77689931
238127587
42365386
226240139
161794062
252171030
175781080
134497885
261126403
108345256
35562256
264922611
130697973
112431226
155606703
180145097
71602583
37875004
74630902
5245688
40575429
204259397
71570541
227011257
168924614
179243371
160387500
4586190
255936788
76090902
21323924
217574208
148846673
159086701
44381782
22297086
210173146
216121026
152689026
100198721
115432624
115620967
72634618
110655066
23558869
236327031
157546854
240122775
12730825
210346234
210184861
135099984
86110340
152861422
103611243
163443445
51835692
233672406
55224722
184005263
109137928
242955788
231881697
28864679
45379933
194748582
160378312
236159339
79424891
251124626
50364391
125307439
132440807
48582131
262174030
263566378
183181279
25765580
219627191
189477210
41432875
209962897
236507317
236786721
232123931
88757213
199656380
187712638
86329255
215179146
183030731
119888049
160071480
210747321
157894160
44048635
206326820
154085362
196389144
3808751
28595130
254020006
4329901
200025692
223559540
233583701
134075838
117123745
90161730
160237311
74583683
89885993
72172277
78910650
73262052
125603137
199545155
205226971
77049514
153027689
229614551
194981452
129448837
183960365
133138734
163136484
119188820
235514023
148009648
234429610
90951531
1234884
241686326
21918901
64813852
218551233
110568723
97898409
140353230
182991087
46020745
150101633
142202581
23461944
222266730
222154794
189544646
135822062
239042699
192908232
98354449
63529702
156393480
45349514
36428295
5848462
27905789
146588847
47651851
195351226
116014143
190084149
265480901
170139209
21261403
188391913
104971536
177877126
222012297
216488755
260552351
119432975
125927582
134389522
223854029
153146761
10452642
252756599
98381524
12140513
198145204
39026960
174972664
201056819
259619643
4261997
263185427
176750186
73322125
180682707
88072079
266872718
16952147
23278837
18054028
131799183
199283627
242401548
9553042
121989478
158408451
205653332
112137888
48243092
34500029
73948270
9776494
156884750
83955447
207971486
18184529
183726164
27645955
180375612
51550434
12609922
219799429
114843644
51979248
126303078
155310114
172810490
121001134
252034111
29358779
104445826
117272574
105243775
226715069
182335065
237841693
1692408
164733368
10633086
200575558
244522328
88338598
109133980
107716174
59854158
261107134
21672909
162440638
59446951
237363798
199220245
63190235
208403701
266775556
190146228
93040682
210636233
68119857
70100163
227964281
221174457
232613718
194066597
199339924
168621907
3577577
26452144
20883459
4000311
186438584
28988244
33150525
9617091
213837668
262149511
101117642
42435335
258210160
75930381
97775377
227304403
185895223
232993711
109777711
134055318
115649044
31543299
136674084
41164610
19049217
262471804
98773070
133032939
253491374
29646747
261086942
80955985
140781665
6709605
118894379
88870958
110590632
138645945
190110695
31069630
254887847
20736974
167071533
179311637
74515476
240396519
13576962
4445874
87496590
41580100
31398054
83903201
255415140
176039079
149709360
164035782
136349861
73200539
17995015
129544946
175558021
160536518
133422503
86214072
114631526
89882385
37202932
131301980
38904055
104026246
225701476
107460623
104457525
172408647
153186813
70790152
7050235
36441491
49675010
227321968
30822610
157016409
95027929
117804745
9563315
30291135
141133472
231743884
93918815
261297345
80665944
71890991
2144679
204269972
17860354
205799377
78070375
88385291
179242794
3327978
153085157
3126239
226597904
27272896
19082092
116325421
100783484
23319195
268147840
72689635
266320307
169856847
204610474
204358933
130268067
43744580
99668342
222906527
161157005
215054446
113395939
40124181
177686056
141429
224748235
5521829
107902756
218749967
210211681
204657960
22834777
37958223
258136643
186258652
240967174
237549077
239142681
73112176
259139142
242436419
109178622
225862290
137933245
138644044
230680175
180350963
94889278
63439465
175727315
188393438
236418894
76041397
158052543
212944813
226867478
158189241
200886090
210359722
231945269
259187189
80600038
210139062
232727496
159157813
132972440
251812436
223815624
151395961
124195804
204237555
133098526
202705227
244569749
125496844
232773591
62017036
11311655
176839726
142493975
29139361
89040036
206177079
6507749
73423593
72837382
246683248
110142887
86751243
159305356
8331788
221684058
88121150
236042277
108929560
71167817
142190070
227077667
173557719
241048025
218196394
111959962
248259524
50675690
249102931
223811655
102987843
59607331
167155865
61739203
227068895
166225273
96153625
76735823
251120010
169216218
232685924
208006635
136128725
25633280
109768950
226576316
181777735
12200687
240843785
209921706
260874596
32674323
165949762
65954544
91023927
229876947
111559238
43872294
190930001
171729067
138371979
135227713
169383916
268037588
248790319
217890970
73215702
242042002
238506153
218163591
51577993
126869768
171509134
3028934
259388715
180870953
72738563
55324131
63116173
244859734
117078204
30916793
139557067
106797387
46021338
9878889
234269539
60620922
179737890
256269336
9550561
266180302
234572138
52372969
127050404
187884170
129416185
99807551
198108427
202453974
197242299
15592231
104558596
135889202
24715442
56858368
3400169
194349641
36842665
208292658
130018749
176672193
53130693
87205230
247542024
232232448
45220420
222692543
231803240
203445511
266756734
194275826
183001394
216412873
173607842
6984390
51252248
103500998
55792779
153764145
121582238
243258119
201595317
248830090
161320818
180278914
166687398
76871534
71719597
21837669
147778032
237309215
114848871
245525183
232026306
218683697
100221679
94713409
239322039
231671099
83915560
216647436
96186172
68512529
209847237
103905333
25854135
3632663
7198734
229996084
174106399
121131423
210765400
140237670
36561258
100815653
221550576
251025920
98362234
37595725
65011408
130497350
57122639
33562988
28625552
2976010
267959616
126372639
135214325
31918338
27607965
139902437
123233117
111859465
95003411
112022108
138391472
260650189
43569200
207716411
219583245
67403235
68230693
161377315
43991832
205038638
134572094
147444789
18524093
181609125
35955279
1233808
191140919
39248418
93319933
97840216
8997200
125009631
69923704
85230370
231418065
62627763
247366641
169167782
249578239
214213329
121826665
218908578
108077336
149307325
177868832
95812296
212505693
5419324
129921512
30559846
67016157
87028139
230549288
238690844
73764099
12426589
117917374
183033410
26582869
145099004
18807291
70485587
226201466
132908180
77053051
1680868
232436882
103561719
18196618
158466459
34555521
3419559
81328127
157299715
140976470
98994579
223238976
125295640
31184993
97004160
193138366
54151009
71248020
123508437
108194021
210560847
48062486
27418828
135880710
104568124
110170603
14073430
84050651
25107101
69941427
181091893
250527027
143102798
194593423
167655342
138114789
243999342
47490202
169651299
151547628
185583659
167711601
44510609
90789032
197066894
144919809
215502640
114863578
45580086
40204394
58077297
158288187
127791508
189388570
11995624
169113368
7884121
194453194
157100548
106135197
60228293
79188633
267859534
149047490
153228712
257837304
41973587
13079548
192659329
141774840
62521135
192806540
105630505
39968824
44450956
27008084
56827151
44272991
201546625
188092926
128062517
201086954
249082814
205458582
201962554
6760553
134512103
25756103
19094360
96060542
250112125
125815867
253762521
74856913
197365007
153028858
265247472
117933126
94367849
47966377
150066422
221368976
53427977
190232524
148613676
85683553
80975497
149872830
122802829
101247680
162983586
98645887
141818633
126107284
56669976
197121421
116344383
228427791
53379736
141087398
58052501
61782577
12954796
213035822
183943203
56582997
59690564
102097123
99218861
176251355
256938308
20272861
106680504
131833068
230069379
169308440
93908807
68484207
84965793
201261103
62836742
147180267
207604306
77259482
183789759
198173105
193137251
62096369
46917384
29290208
97678701
83083010
184887944
165885604
207701731
105817030
319111
104084669
166565940
109341580
238451256
127170974
65060546
239073924
116079337
237754697
148488764
19968185
179626782
217392610
201599332
211280891
19242883
523756
11622978
195990221
117665770
192788610
242746969
4125153
208754652
90699007
13675895
83178646
81410731
42448810
72284838
199353629
194471256
160050252
55807694
62775837
93883420
154403019
124137114
82503460
219475963
52172301
71013114
243594088
118592380
244804086
217681069
78949424
53520653
211740897
123679514
198065961
74019263
62556881
74881875
20012981
226413382
112573847
131827598
184866136
109372095
256304706
111682625
49082004
19054641
34297969
9812518
78099300
34051565
41448841
124804625
105303863
164678086
92807408
93854538
176809114
228980275
38279099
136126358
222139880
265711853
198074974
96001688
131103014
152488573
222240862
148344242
55258467
245510429
148478942
226658932
159562944
28961326
4860110
214610933
48815865
41230070
141261545
84742479
9956775
177549237
135620880
4104112
17272290
79282344
106935968
197412372
66399049
84917426
25145494
139343301
165557621
88389499
93398517
19805527
70787554
151670818
31441037
219513808
40569080
219014594
70279261
38349523
231478678
169623625
207738005
122252241
81618597
46231929
129179650
91446790
51717725
235342384
61510843
142397549
346769
107568752
111216550
60218683
233826662
191013643
210227455
10721012
133147296
24527544
125711078
113363443
209455752
254863355
23530363
181754962
238118658
92217631
79701822
168664661
124743556
151927761
18499844
234785234
207939930
225775116
183151736
24899970
232667533
131864806
13924139
35414108
245343803
185715481
194593943
145518808
119708354
154790957
210018422
260659164
43173164
59024210
237274292
198125257
26387560
259767949
212123083
97649815
137190077
99815029
205487653
133848281
88366181
224355898
260465519
100364812
175973338
163315490
83186347
53113098
155840766
33023415
112401958
9128706
226448347
187244346
263261613
81028021
50454155
235315553
263964274
226792418
40797586
119997383
57119885
82580177
52501772
84119739
15605816
264264584
192953619
235973184
60433347
75634258
226252025
264771606
82290873
30369509
130297123
196264422
214224002
47054318
10805128
57960340
82143242
249926128
1931580
140864049
61315299
40565090
265392065
3176463
23142219
219905370
33851417
229506798
94068017
59915653
86413702
118497238
98187504
32458048
238135983
159491064
145531301
202038614
44787932
55754859
115575638
214398986
214811955
139582844
252688458
3956177
51706209
175017195
222504405
244314756
207993672
90226022
227015032
170174495
228525127
81963524
140137810
956415
189701486
133566912
86704893
45563378
121185068
171460742
110657057
40315425
85021210
73110466
39472891
197057050
21106431
18994202
76134999
156375208
75263975
94146878
198905053
43912118
111337421
30235411
30670154
236706978
221450798
53332824
243353237
2894341
57337903
50960257
42179649
181410528
120937514
194416179
208581500
27430014
74878759
19178615
7451890
104156407
159417892
217192058
210977786
62668275
49977333
156623962
73430566
57286735
75930696
118257862
182361099
22124973
251014953
168436864
199691286
192496282
179658671
221318299
3593728
177297848
265412430
11511026
99598655
238068762
266700515
261036304
46080432
42922210
69913168
56263984
30052118
1529014
200797553
256545946
151983015
80966426
148616282
147187813
93606680
9700
7545364
214386600
91131384
216613610
258665072
234924248
129885689
127853879
195993132
69678136
187189108
115535141
237525792
99169314
213125665
223989445
234461986
57895904
145422343
14192084
125994053
199181784
168103637
171757165
138724037
252203608
99678709
189050184
197156589
6106819
137548765
148526862
157323529
61071748
196017121
142786146
15872685
89303668
9389248
77677439
52584960
75576667
248875732
60834096
113067949
144581178
16021047
150667399
63051433
163707895
125011234
264204003
57237403
156047264
56706901
267664493
206408913
121322564
21667108
126145682
162245867
217516228
30799064
134571761
69252753
194787723
108831835
35893015
140731535
206757572
106702583
253909378
164210280
21107332
61467182
253288952
198673720
101599317
24988685
174485280
90636373
53847518
185282379
32425361
171753754
35988261
103139009
232101528
123870699
34414284
188086039
139574889
113261122
10472851
209191857
123244768
129309988
17133021
149843152
78760823
252354212
59159255
232080200
11077204
236630484
25512006
231297244
93599512
266413552
222779134
18142122
74088274
44784598
11639838
116056270
166793328
208989047
10795109
115656468
75729320
134403513
135300127
225711550
54647379
74442306
249414344
87323338
239529515
117955501
24314401
79802601
208159199
101573102
233042789
127566684
8923357
40810920
259029853
256760791
3786188
111280560
149181648
218493949
196977427
76181859
5319470
28107107
105809731
37381570
32169738
229551977
105827210
77760094
217540825
180056076
144012786
156001491
146411483
22684744
242691724
208201662
162670603
265387462
225693459
154659994
152805145
51452392
32388990
250215387
135803282
112017760
17513254
244707781
10039651
3805517
11286129
264352099
222313211
15184692
162382695
79675534
246580191
147592244
160183004
51821847
182920380
223765528
160499026
247081532
131207706
140737960
215710801
115985950
179135056
252336942
19369468
6818518
123604847
153816589
227510690
88335906
203500879
174500674
253352111
2059467
101968930
140476776
190523542
266465902
188024247
98927196
103285304
244575686
234666286
71581045
34864511
4477600
53423139
37010987
28785528
79007401
52831038
151885833
154111064
254232124
60451724
255508999
114582003
152111021
246656123
63612055
175201458
17881919
207379014
133422222
144120897
162919349
250402306
158922390
133781867
115082098
160441101
207728158
237474974
34245360
172714535
83005845
216770154
247431773
115577066
254526141
232837247
130501956
226831623
121806802
105193205
24619073
1791330
29056284
97751898
102015028
256338974
37817901
194616869
39771495
136904937
91477290
243205760
229449111
264897825
75683946
146822014
151153585
214737528
235511306
92197593
229118547
55470576
45815951
193348048
192844467
120273648
154678039
96987658
228508819
156671362
181059312
201049475
211458282
123648575
161713550
161750776
230605863
145305568
116099590
110778292
101171738
70801556
118520946
177682543
153325597
149820770
112173147
172647003
103905684
33740035
133833795
169446823
73139768
52070873
8012780
119278412
158375160
211935378
225269625
69733067
261137057
155897343
50940068
248382585
99170741
163250024
138735330
244138338
139364835
262023791
11734814
50131727
157952196
193776190
223049815
150941939
181270102
104235189
75506105
78939685
52458225
4351393
148177417
24768766
9833583
161804262
246854803
235252291
122336562
82579206
106844839
114939414
141199073
69891074
200850259
108490986
80944828
109728133
39985375
176140797
18850317
166379835
252151515
122581870
28487083
263401990
98548127
216413636
62897796
137885091
88009843
67488511
86995013
227461649
248387036
235464003
6068031
221184372
52921753
128195774
226249658
232612244
169812767
253704017
55360298
258855084
48662096
91055109
46891149
56062963
107869
97470441
21468422
214341352
22084017
134464977
166705903
150116636
76223356
35209352
55822188
158782125
218852511
166016215
91060149
52228311
247019167
223689899
45424932
90326527
184547990
137831591
266876281
179972834
119934845
180045077
52764774
226933239
35510697
145804452
45938394
79978070
266508350
24218162
242765897
71066825
24769260
224952743
174478311
79158090
90701035
203835108
165492679
135747784
251370759
224033668
134580860
16481580
167762361
234553446
205637558
45120694
55217113
200680040
17833872
50936843
2993956
29182892
161253062
78372784
19819628
178928360
41477644
164076410
195167840
194616687
123732569
77260570
25945345
50428364
24046951
79557143
81211724
165584054
224036241
23766363
252807682
154878422
182378954
230353578
199437375
234281261
132542695
193842002
246637229
201551628
171599069
5722398
258455467
173107795
139113457
231559717
10069489
90709142
106599130
103239213
176936168
43834528
126313755
104984231
7027367
173901225
213719517
209810014
57746395
24469941
96689757
256823640
139307436
59679252
86508889
190028675
157452661
67897597
267990443
132753327
229702950
130723113
121080788
238147677
35148278
138934784
35410129
264488702
185733218
246851906
39249214
112025226
12822983
32370395
19850097
238197845
244073396
252902338
180253393
114713376
211764305
213863372
120812797
81474039
150617189
116531430
246683036
138265687
152771221
50700730
231128384
143206612
122358053
47574065
15237617
121733994
87285342
92004565
184885445
10972462
131695752
45719793
139920622
172056830
214894770
101796444
90675240
226867058
125610780
88460123
188168301
144578488
214198789
128121753
180203268
191915698
223672367
50324180
140701081
67648524
177134962
196817476
184464085
235363750
27901981
194289606
204477958
59521706
220167534
141808435
108530970
251860069
73211000
57331637
220818689
45496696
213392150
75137732
253977787
26058864
127900158
129786506
167545247
222783562
47391996
136953010
230077912
61456021
77371362
262155600
242530329
230296208
173920101
6031405
219600486
38715840
55481130
93059751
57885463
257595679
186167404
69623676
105469093
210169305
8787091
127028086
242338276
28710268
228986842
85194664
165697602
38116452
157234505
45900209
237856443
158054342
195319837
69479134
184225231
30803171
158909887
104910723
232714527
171868035
69100029
50699936
267245225
101489935
216283231
118844499
162777903
8768170
54701667
67590602
150639026
199539906
226932066
172318407
176770550
160925315
24930592
179081172
249875035
105821055
265856246
65524027
244280051
225809516
251396299
11307373
105111214
53935154
142768441
91066485
263303111
51021579
262454885
144471498
120990695
113505908
146695443
13879417
246737578
237073695
7587554
10633759
250825952
154775789
257404025
84104401
38277448
242671658
193940286
91644195
265701220
149814232
130106101
188857416
21085798
129833490
268251087
210483558
214774878
15759276
243163642
120552205
204278867
139080866
213885783
65825452
123056942
54692680
71645022
133478333
94261746
5365651
267150492
151892564
164476421
154437317
3895168
84161348
70509949
82191158
159258388
123387708
93988712
188239635
215222304
83300132
101291024
160737567
48039869
212269617
23517411
5386893
157383539
35165002
141764887
123515912
216385867
50040788
227718606
11492516
43376703
191320966
30015022
173164610
15460681
202747029
6036559
109916136
230415216
166556715
117340580
40461745
45385402
172977599
33098768
83614368
95241107
105485211
169311406
119987774
169872359
61294779
53935862
262946995
213322971
98927254
169710330
33950197
40576100
104034086
183355809
48372432
159064551
212846167
217814798
79397111
82038854
222463675
264094446
208513300
126159695
107684364
242788590
22023652
67138640
138681451
39445667
184210291
110637034
53467998
212089024
109146367
40887912
184778738
150916821
187267943
165766260
3843863
154049768
245098901
63159915
221326143
163416796
225770882
216696606
159918812
149170713
38393635
1993106
49123173
222681904
253821898
57183349
172775608
268429617
116505008
67918301
29857827
151441837
4053329
229263523
80652488
136487281
75319843
102970979
218966194
19175761
95909167
144009813
77532202
69123597
30670582
31556874
210773231
196734860
30412463
33139200
73326688
175014360
22236434
138737188
210581945
48115394
151713339
121925769
72704938
183442958
251198008
198226784
59709502
216868270
46689135
255604520
199602097
226459112
151170738
92237954
37453538
174401726
149665781
75084861
227083803
99268257
65695142
218943435
177371357
104672658
239170509
56308054
69217492
242430946
192279900
67871284
92173602
69777248
165941524
267121117
25195120
102103827
199920916
226807510
68374551
126578769
100464575
266909668
158074125
123772155
223410209
4282647
150975445
124146763
211839334
211532469
38608219
217410490
85788639
198296533
89726135
181306807
18568879
265411475
59713548
129556497
197380147
236835424
157325713
174133081
262551709
2897363
94478791
7170150
128877811
6649655
111292059
162916603
99353042
149906396
127904232
84780719
259383074
32377398
148647107
45580630
44631905
108512645
70274437
3864049
69003163
218111625
75413568
77446087
129185753
166780113
201600278
38037672
180908197
108400505
179828467
258430739
231416772
13342866
2676177
267600841
33837016
198660666
199441280
79435274
214110389
45364645
96458411
218649285
58977093
113922485
109532993
157236317
10737552
5322998
157044544
16086886
21613305
219355374
175522925
243941185
231661618
151765243
50768002
246235132
114476014
22107963
175272138
152273311
16184135
170609398
138600910
202697308
4515819
254160496
113689561
109257821
135439232
160538669
150724112
113394345
238154416
113131424
77935520
31052573
164680144
100954298
220291210
204658559
99063295
84695594
58672968
119018546
133903438
248762654
148729230
89415524
178141641
255937788
183603601
68711610
63395841
102536989
258754047
227095460
245213343
126781223
215674034
165757947
237710572
235431219
262115803
228980032
137832390
223473088
106832487
69202560
135104547
161402244
260036399
13305491
108132588
43774318
103978713
176749076
176642164
66576753
237091057
29989813
234149048
251439402
266332300
155119482
115281424
224226390
163356514
226981347
126803402
67264496
188787196
240076984
125760896
252668810
231940816
16838381
103517352
116640969
103859562
209837226
185800861
65084529
77340989
26421904
186969577
161598387
234701280
107261149
259650527
57814203
3117675
72271398
234400782
123944766
56811466
14307192
54507360
215072455
67239271
53065521
199696490
105767588
105928326
261242559
194180838
164291630
40765115
24275084
32808923
230805948
85594280
91904417
175081113
111490745
224955570
190288293
254177593
124011737
6658588
223227354
208628448
181382763
175435101
90220117
116636772
217388866
131457509
10886095
24005645
1517161
205653046
238505629
140862449
261342874
61525011
173705834
91741009
102708426
131982703
35686952
61792963
147824434
233119567
157773026
133288123
234418354
5602070
155839217
231051213
2969929
165918115
126244377
184090646
170895293
34747505
135097617
191014426
255171644
56481968
134599416
66624779
30570410
213355607
44230403
55244465
38989176
84749947
155033905
56592709
147742786
50596734
160375185
64680855
156691815
211103375
268386140
119371461
8470693
18763756
191884267
109462824
193862351
64331068
69843134
174865303
236827793
213700722
248158172
231905594
143003612
204214175
48751730
226049547
137476249
196616260
110573924
54555509
176578850
78603392
138550287
264715994
168754006
157093858
161667663
141183627
216679112
215573889
53754318
45403091
170929696
15539253
182116889
84079034
52477347
57068512
24045322
58191028
52688900
116138424
153194326
183157945
204866411
208575929
183774653
225165368
137719636
155143191
260111838
148211881
126798753
76804105
13718351
18523223
34995768
88931078
247909773
95169386
146081762
82008878
49081890
131607205
197809915
127268672
250491765
64203771
253195301
255662444
25346455
57121759
221742526
185458239
197324141
92762798
166076541
6130464
30162833
2317517
176813556
14002271
142119563
210576951
65412549
118123669
166225837
45756559
161293088
267024715
251840552
80736839
193498267
129768587
220858772
115580680
223597537
139577780
234871288
111993960
160749591
35671848
162421462
112750909
75201194
80938116
105998365
76887330
75966656
59997470
192465688
65073442
38412540
117401413
149828053
41225220
45175898
243955294
168236074
73983883
600508
124380567
74585678
62489684
22528061
177105527
178129507
172606843
117323790
120947615
196159152
167988039
221269876
244915515
243833766
238067544
175441681
54253421
160438141
136130897
120343828
224664223
37288191
125593914
142795841
236246466
2079580
4606951
66366725
208185078
169988500
182376279
84918236
9499032
211602990
15612596
227098315
118450586
137238885
61525822
152973057
110207686
62837418
80375827
266282355
128807901
51747274
24993746
27816156
254011225
143573977
179247199
94061877
256142879
265498994
213789164
167378817
67903521
174344277
19587631
114413501
75498823
77931246
120265721
174008855
243003649
248150111
87704837
239848303
7073481
110027569
51582107
71158087
50041843
255053702
53307605
113620234
7900411
210650088
132399730
217799725
98686132
156363659
39620071
97825210
134786413
266506288
170436939
13872659
258751272
187743476
68151278
27265634
60799493
187631629
261243122
139784
167093507
229102337
55973802
27464649
110879064
268109388
78843218
236905758
25492400
190377108
207079426
251482069
183592095
254759482
120340829
233685653
166131040
73191338
14394277
211672246
180706350
186999541
50678410
79229126
190797026
133213236
151583402
195354638
185080808
220218169
111058850
109434326
164799897
5746464
21769172
119295160
17336434
206646983
61579732
42658544
183730297
73481573
66799570
98385147
158752164
89470073
53216931
188875772
3967859
139666910
152620799
65849453
191550361
99663396
81917796
215341129
223247391
103942275
154302003
153986611
244463624
59549152
18973232
240089533
31122542
81705837
241981917
87199986
75055484
207515814
219737238
50771136
74028384
22800317
34700514
51476629
51511467
176516291
5494145
94578387
178795028
25395027
48709742
213264178
237679221
49755714
63672582
204773095
108068886
173407864
256137042
177129780
205192357
81904452
149666418
40226599
257711549
231476416
67540953
56430446
163037139
137302655
199433805
196510642
161527291
79177811
12096475
43489922
18641883
62024811
49669819
86006052
99360606
255480404
253974245
96766267
267516058
17056949
41593924
115829471
29448441
99628413
210813830
87701070
118037320
212211105
257604502
6074098
53412945
9829382
159042596
57173095
88795830
17144532
157016860
196346302
150467780
124493801
108119592
131266559
136219077
77641296
139108815
125085005
112740076
48853831
170555153
12791754
60227127
62081214
225140501
98976253
260830482
78886284
231210387
86989106
222868990
140204771
64815189
58122695
168126768
247849246
118692898
21859264
87975861
223444913
57763023
16340192
122802963
170653085
238692775
62638073
503557
195850634
6084960
239864896
173066722
115524222
26780105
154181476
240539056
147780409
258861669
13467085
34780984
37898414
32220718
80264727
96764786
202308491
259615788
88811057
149909078
209067698
183487068
251995031
31503249
227647300
137063717
26811947
222628149
61557631
90318077
247678359
32141132
23983115
99956330
15291915
264825252
261714102
205908689
21008387
157596568
111229245
37689204
43671188
196302999
129687468
62479568
65077328
174583478
123724618
46021812
87805561
246857088
238494435
129747426
145420882
117228006
143701083
31619570
226949539
56509778
173997131
15789592
67885075
91868808
168280034
102578576
205942225
30159848
204551766
109688170
62489574
93445140
57426319
244089642
125432821
211866533
224220851
108953973
38370952
65908773
71713163
193022645
89227121
189393710
187551615
72406775
176659524
114831979
184354927
36592549
222278968
213994002
105016393
219019450
199869683
215110664
79216121
250547389
15922392
200734318
45035655
27968653
160702919
86658635
250740571
152255257
90351124
12016634
27021844
196811793
35070165
68110680
72919188
57627392
111782377
74235983
28624457
19910691
189961552
186299398
139783984
43820419
87811799
156020377
177826521
94530859
239597502
265652632
164466191
189497270
74061480
262598943
139650890
261206189
194395775
24859166
188788915
179453043
204087388
167322941
206590773
42203407
254644231
2499602
61821583
125750135
22825115
222989690
55673480
118181440
82016902
167343840
126742883
257820569
260455547
252024683
86688443
166809897
168007006
189697343
10866155
26630036
93145805
23141187
796421
158209096
45219565
96563442
61521327
252574381
34435936
133650284
46828000
254605378
67704252
10973836
9766413
50818210
135520312
233188213
145013212
220969349
73978410
232329286
233261148
217367454
133598040
73759925
266717784
62702596
152278336
254710651
217362304
199849036
99840983
165862430
250253311
232304059
245918084
53024551
54286306
226285081
142432861
109244531
132786231
163782345
153280641
111769934
126588140
94783273
41194387
153799083
253364282
27198762
194490229
145769420
162675707
9240100
69479931
42300461
10298133
201011642
184327638
40983429
68531930
51343067
122063994
129657852
148992228
23853503
241980871
50556520
121869232
18560735
267609619
248524996
72001059
57704636
116010770
110153575
158039467
260201972
8569588
219480306
256845944
218369750
169125201
121433112
145079881
44930357
231816770
53986411
13364761
214385345
108501989
226502204
226093200
79983985
129588225
94271173
77351537
263846799
140371206
244592599
68093575
175201373
34379154
241891997
199108387
2730747
198331143
73419357
232932462
23023155
62971272
36722462
167587178
141669240
129218966
222810818
92443886
139189723
267223562
72491169
46146356
246208539
225378254
153598690
204195824
266552459
86186321
70171439
111571871
255150996
236286055
119855711
208231157
119494211
223777687
176941187
266255669
261381090
179252393
241764433
130334580
218954487
214525677
222368423
200340566
50847131
75799543
167198335
185288572
179810132
77632252
28320986
48362543
27638522
21881562
29235705
65052362
20234743
226030023
158178608
74385492
188683782
226389178
55066886
203693789
4376842
252990793
112328484
204011893
87148660
215161917
106777396
265979568
200280137
222568786
84061534
211318916
264381790
170889848
263926352
172152708
86560093
263009037
211299664
237467843
74630223
42619994
87758541
180965715
246210609
260191062
202669943
1047545
226535749
159867974
52289008
158244171
18630070
183935296
157150495
4855814
206452392
68450340
133217123
246554476
137702394
188024710
177374958
98771230
168960305
176952806
155500278
212386699
53920647
260553981
90329043
80721773
251823500
29127662
70005701
188497723
54163593
222738117
34690256
20042440
85366255
152955547
66613779
5157970
168721753
199162302
129166253
261834328
14641013
24775761
212284079
187300588
254653915
85194891
187999644
51526762
202118898
8198096
186252524
222415492
30689876
37079154
25725011
27712785
68303649
102142796
166213066
220964690
118301852
129947148
152136900
122676353
182842465
10539552
153403374
93173233
72640927
120243167
54274097
176583725
171510254
104117743
87225535
250725825
262981932
20910383
239460627
177715578
256373081
226936370
6120752
148705679
207871372
60007947
21588641
168983405
47643775
129678129
134398321
145337070
190939504
191755482
214191476
183731868
146240687
155002423
260460345
73881487
64052222
184367500
34424812
9278176
204005119
27305858
112667297
14917066
214975668
41996557
157591861
101556917
146730773
112750267
46269048
258805158
16158680
82537184
118790536
266727974
183028031
113005545
147838528
90078984
264310728
112710787
207555345
67016371
234477151
198164559
4057453
160134547
65745181
155145677
235436666
145567210
122448762
90983602
30881377
90271331
137892789
184920322
7764865
130057148
212057451
87593526
143317972
793235
94491583
166014922
108736312
162958128
110458470
19903645
11969832
100995583
134703096
265587650
168925409
165910857
177143227
53952031
221516666
92538326
121492578
142826648
79825237
253620521
160754417
210386594
167736630
194388545
197214392
88946573
33929211
213994861
78320358
249105909
178500538
59849579
179827710
77619814
147869356
223302513
216917463
89982447
147905025
126877892
63176228
34568257
82164405
123727300
45912411
112504229
240810361
20606025
169274451
100429577
200538238
164935124
148712727
90844642
35933975
190442020
241357766
231211717
205846539
16315458
93113087
175494161
115159
118730990
159944038
252063248
13824827
17844403
198860634
113112598
9401671
23438925
46340475
190971974
240108274
74208520
186648527
102685064
69157760
73352458
106216485
19802271
141610547
16679035
185275441
100289109
3039148
61624020
43693372
52456221
32271490
222744573
74173202
249460009
220696913
41286315
69199690
155108295
42017305
128787737
194901250
224408991
60169067
167207422
257059894
251303831
33469812
263653159
20797299
237964446
153199968
238198276
35388659
150505933
252479827
206824399
99376967
180449259
197903880
163385742
5873989
30903720
226210722
59400023
242210504
154173036
55636856
18506256
178302391
219639257
231460822
149448784
191056924
84622784
211694714
219600702
51114714
139063274
108858460
125561785
68956054
102110175
254748155
129026301
201768211
165494170
228029610
51754055
112546100
126543557
67320459
144189699
167725004
29699612
188850675
88927481
109597859
8295761
27912975
69388875
265961245
146396329
67777381
246676684
159192299
48044701
193715148
199596324
78944784
187961058
201469440
151877788
145987249
42720481
167382038
114219750
247674054
55296961
230391602
258105669
65611462
166813456
121997205
111258973
53825667
134662231
189202676
46158061
172909515
89395072
76688382
215752269
233206322
85791428
48906699
41094908
84317665
236689929
261347015
124996799
220423923
122005286
238947929
33356414
18285959
35234460
220178132
99663968
191716580
34664874
71624056
8307664
12354886
37277283
257419895
218814609
118195109
31769177
219437528
69980411
222290968
236074304
11565741
75366637
233219966
212575566
239563662
178230649
210846645
173838489
181160042
8372843
28841844
247063899
48258925
174209362
104124954
226065531
190516901
252585631
45826433
3780419
127341783
155251064
265325993
235314464
144687511
53315574
196581865
206713076
29501485
255662531
46507477
84966338
130571735
260424598
183160591
107031726
133531563
251545523
95582030
241763009
207177323
6268093
204512026
96252995
179082045
112598891
206475405
29392287
264489737
18437324
217555007
39019168
154645254
25687839
210026227
71118922
214363277
123991714
191881648
94071369
34886923
62653262
56704690
71025450
184654734
212093160
248479974
64512430
75754289
244290622
135589059
44703340
171537114
119772470
124769389
163930886
257039239
114978191
101061987
45901542
26432892
26323874
9675286
204464727
101087358
121761608
86004105
198751195
169728072
74845530
18751073
185043685
52595821
171756755
57459605
93630678
247746600
104477805
79721214
12304823
130282995
244979651
224334645
109780123
213848952
94873038
103654940
212902289
92591735
136449156
61524904
51045404
171066478
158811334
65455004
168405617
173963396
205740879
122776280
30981099
51214110
97136202
249578246
58007470
250023422
60596827
129785820
51492396
63907404
107397216
75918314
134438797
115702280
35349625
203185693
246360521
235134467
253893446
175728468
94885959
40236007
139219242
9939984
7454162
246592353
148126667
147666361
113786607
57100723
196185105
243101011
163841371
126946809
61969320
135035063
212154756
22018493
33044256
102690869
210723925
89248226
84014
185753836
97877868
201678746
182131540
164744887
96815142
221883429
176958812
243674216
177006167
210027110
96984342
245939730
140730930
109009869
191674186
150711078
92802240
234379511
52336509
265487370
16458138
121576053
251918028
175508665
9809741
1448769
242731630
115054879
252503331
89829991
209915938
43442601
199302963
2191332
203622683
105891592
13288073
251717471
86336497
107517773
169039944
218045835
143363769
113386285
218294118
91415078
102215450
259473945
75231272
77409729
179537126
30209931
31861686
215781914
85944309
149572591
153760018
190222853
119886068
220884341
129809543
40571980
150463962
117498605
5768265
141592926
260290486
240299659
70680553
12807820
27857068
252005089
31157932
196912186
232487823
168520782
124380945
112036012
198643056
66398420
155938676
191844906
925700
156363735
261406796
144590769
14122251
108236079
104525892
111294586
155653932
175144224
222646524
99604697
159235192
90385873
260465424
111791401
191888160
106340199
80180077
247055397
31419219
69089080
48576069
27804916
258472476
49399125
234286347
40967936
162602549
51546087
268152974
165589301
251754712
121125819
202928284
48359499
218045732
223881739
237596985
117089031
188665025
255312779
106624464
219660996
125099778
44087346
3363947
53279824
140773758
52307110
167713269
84461197
157591369
10194615
33452265
38088558
2548152
121797163
55607553
30950805
218503365
213782137
121709941
86010391
12273432
77357794
125242471
139947639
234119545
250030272
37869545
191997798
42132975
219000641
9812422
231508537
181255874
254672098
35388516
262432741
118296285
88109001
178817479
24254174
216267108
29513656
1679860
238562680
186381459
144883624
229495105
160741583
265807181
3352624
33543812
21938632
184696250
55508046
29709218
194092617
168503369
169419854
164672332
99601963
32871142
237294267
150036483
128799493
208256214
121374933
143908984
79297525
33168146
230715344
105135000
84422581
218496038
60341467
156433917
206259106
133154263
202692552
213026552
53679575
56445560
7007450
99291187
88398677
59944096
167544524
67133295
99380823
204188874
119864164
99263396
81351817
77045753
220158723
178213853
54790803
254288324
149189919
158181557
256335883
221475084
195784331
3212149
13071660
223366524
25588495
89673359
39669200
241576906
70024956
138151534
266882472
25165809
251255453
229766708
4560491
26596104
153150462
218248961
44808253
142417795
102141485
165814163
249585230
67720388
102573485
251050794
6968964
264501083
122707256
118371488
156354621
142632965
164531795
90950810
115753274
229280134
64987109
118263325
79119666
164895308
40882452
175225603
10208679
44497334
32344204
65504863
76982089
152876534
59685679
11406791
24976375
138667781
215791434
33836843
217801952
147104414
263080287
145035809
247860693
172254953
216751847
52150275
78307303
112632773
79464893
4569713
260969765
182456947
129827309
23373646
135083083
105755058
135594330
168310553
42663226
137017575
30155710
158796369
122250546
73084008
223610099
230754703
126699303
44323926
84379373
184113413
141938769
88132881
91725103
65312126
171466253
22061136
258423613
157503116
263805059
201109483
184177237
75012920
16347986
58685041
72184138
125225046
56396418
195754052
80810706
139616982
101848740
182455845
103338246
56185383
192748028
203792903
45937928
265100784
227449545
266205485
205049689
214938942
47547808
232577479
109850787
160634600
27917843
6731067
122209225
52328844
137673270
34259699
169393849
132289104
249322059
60234250
207738837
183071021
42980199
33453837
63554454
216252938
179527186
99600766
138263377
22922470
144402084
75706338
225953656
236872283
209732984
49593103
165323765
8539823
159505404
50960896
262891511
159961476
172817708
98236182
184041830
45956142
18087149
188340254
121032071
151890541
229964425
234080618
130019115
135257199
201852557
12262719
122669852
7183983
11465948
56326976
224690269
172774277
263538767
122249166
250574931
146747449
209157332
81940288
73988553
212855259
161500738
197594567
111378757
176321693
165160940
222703314
71195511
78368460
135103987
10629797
98522014
205578220
197893128
57785487
16340818
83541893
151127034
203644289
8273885
18946684
100442318
6716962
105956508
134046586
164396637
18222882
119704954
47055837
92663754
11426638
99390213
37750423
108551124
73000664
61414925
48267944
160704175
49346213
67747785
10049686
49368301
23295388
38767034
141663776
78474452
232319363
230096214
207921785
90274678
104656413
2613762
146550656
234458024
78376859
34234758
93984095
125262951
70477578
88428366
39154063
90233622
81733227
75508523
189363796
252336324
14704498
212348152
198440722
162844820
190074196
98721693
149788169
100889863
218785805
129585162
236116344
163519118
155746597
85118644
71005033
121067359
114809680
167424362
192109270
139580312
19521246
155872050
201578489
194013252
14921249
26599496
148462897
62565615
61509519
224311304
40129043
8375181
3327891
139274812
162081971
166742783
126452463
57777925
20819972
267890636
171683452
75831515
132004139
184980756
29110855
86449235
50703814
262447342
191223786
211476375
180941122
224870681
117248221
220108069
160537041
142094164
199078008
55009101
58410522
16274250
78089363
242377248
72368032
81926851
245041069
151708091
87973848
92257812
267840386
229550
90602430
186015489
45239737
31964188
171261326
55521797
163698594
136318930
13742381
56780433
39874447
12579101
20239622
247617386
135760196
171344950
51036598
125221609
105443123
144011734
222180436
93004773
169929870
44192202
7644251
5419786
242666676
252161196
8655440
154026183
228626332
247165779
232642303
220434239
177231987
9194669
209656521
129318571
195851051
239569832
220319692
145951747
103018544
24763336
236428506
105573682
87135107
87258980
104843961
255451523
69549273
215760277
100598920
207729507
57725179
263309431
111963296
156094860
120428215
139442670
237410053
194900066
261980753
186316035
86999098
243821873
75410969
268053111
7184060
19775524
211986685
127989558
240948410
33043705
43511049
5881513
190161971
88566232
251031716
213149766
193162098
50226223
125553878
237512238
228223495
168533496
15888925
110841981
206841800
96815213
21612534
43042931
233142631
125238764
72216401
99922322
54219016
183955367
46699178
208412648
264726687
93094170
135994919
86506380
234615024
263267383
44896314
246011345
135049659
123260361
226477417
136796746
254884676
113311126
164397567
51461325
184777014
171542247
62365186
259673985
185230511
178649854
252998447
77331321
164145264
215969922
207517688
108198241
86456262
200248234
41271230
67893237
181991243
162495257
257249335
16529512
200100165
20366738
146702600
106336590
165950901
174041949
49548356
217571721
268158380
134894958
167359161
208620192
57790647
123042783
95015383
39336774
56826166
139356362
115186968
50581639
220654545
265045512
178453836
50006244
29892677
27093208
158647584
166588495
150830421
169702328
81093714
106423039
212780086
153423450
3797249
74187249
252661111
209183358
258979514
120833358
257189795
132905536
80194614
13096126
13586488
187068099
91994944
190324179
166203885
92814778
76105824
238407545
158021668
193170476
209004510
210983624
194167387
208633752
261951565
247348824
137078063
245229342
207460685
242706499
52273451
141164365
177516040
1551562
10846947
23834904
50967263
176668530
174564399
59617843
247037682
44904728
187112935
162226676
184174683
4499364
245754681
31782708
91341946
10493545
83575937
109138063
30364510
238486844
38170016
262877984
55589421
222242848
172649135
75356357
98732569
53149812
250594933
54086102
7171686
171269268
2899196
152452498
90064495
121543411
70615332
66726552
91497330
263578787
43779493
160603340
76587016
42552688
162233013
118946960
251760349
90581304
258907377
111171056
134755773
87936139
206688033
28165321
94008067
156479136
198620622
6819710
189324059
260765712
218413251
192625605
188020679
178664763
221991747
193198760
101510848
10944450
64762245
15615405
94433167
25112467
85842652
217659678
122979757
144848729
123376296
63512979
31942396
199199117
206320753
190783854
194730
74349612
86920778
232933929
120547047
19275849
186490585
4004273
28584185
257940926
88270317
249974394
114383521
218987269
253203457
68205789
203662760
73097222
113291384
171548989
133311638
263581765
5108860
192688481
122250679
58721547
241262861
100484426
233918209
231082065
180754461
25779567
226658525
259049480
138699257
28840894
262251917
3222191
9578412
223872267
39258978
102154547
268038658
129435207
240065117
158271416
76596537
85394926
124415769
19003537
143344286
45273655
164123730
143971060
101252274
111037078
185308244
34313363
199509234
55675753
194660476
110802605
135223286
210886559
179026912
68219332
43354144
212592395
184469879
187929381
128767274
180699033
14899802
256228106
18438094
230683819
78468066
119622115
23383246
169216978
218174863
157239034
169842649
36934424
143710323
44026188
93350321
13497794
131266453
125792734
100478197
184579398
718138
47040466
195030244
216696812
157404365
91452778
38464076
220831629
13866520
69273427
223926366
107145088
34877895
70332831
49376124
55707331
35426628
233203957
93453535
5663543
164848886
74650578
190341181
143302362
143010345
177649443
84405108
154915855
260414122
155250861
246763477
20325234
196112075
4978930
166005632
259392380
216122469
5086916
43580429
226832693
101790529
104916646
102214827
157070692
266033958
104281510
213233176
124140134
184445089
89111023
259373360
175372785
259594474
186161822
264090219
173098004
236164461
246607914
134805675
175878184
21718706
159075744
58698776
97020722
198274348
165923125
116501269
103906305
125777133
54433682
141640083
127243372
61325211
256102842
222743406
171452317
204761692
111260406
233152687
37154643
259551488
147427861
207365767
193831769
104080466
226022359
172152333
143946540
68313361
239744790
178008246
8582202
114077224
74094306
106836834
11532399
251830796
227772746
29671757
155426435
246906127
57820062
46783215
218998627
133361795
52372465
69486745
19935863
210325246
166844563
227083332
49117106
64325111
215945956
95123749
157063301
225726098
237858535
235112620
59711486
4568605
96303183
249825536
96689642
135750838
73896127
173988032
230247984
207119129
135010684
170333860
161099328
76353202
87903167
230188983
68920221
173140210
171481270
57161500
21986698
136640757
208998762
97075412
901345
122592879
229913240
174796408
231017729
154435802
97138395
128880321
573402
571878
244673095
109251379
24283821
257299460
56876526
84253294
178949323
128939286
92687920
254241883
118270300
122593314
151650598
205763520
215698086
218438791
42123909
26897959
228200946
84096047
136156246
74858540
114674545
130142683
252570566
150090262
148723233
92332613
208185647
17345269
238307542
147128312
14510153
137878625
260890973
12738957
2357785
154836124
21286167
110168220
89659194
202638234
201391097
165052538
86982525
98983468
114865144
168117241
259234360
35171424
10625140
122314711
156349194
5357869
186391862
122156237
214612905
250814529
84862445
91831386
84388224
257041958
265522049
13049824
91607156
227153340
41725284
33927039
82925927
24991209
265480981
75920880
7264054
161273289
234656731
9355863
117250947
261888418
171392284
214557034
69265474
123157059
59817106
251840832
20011714
147397296
192761824
96235229
85150289
79665999
136168189
18811829
171366529
64237564
124330212
129119196
82773585
26723166
97212869
78863017
175568014
48381376
241463110
122817510
264440771
57819902
58199088
94442503
163636580
251926339
88391365
88309451
162003453
195898646
70150453
216665356
235245234
259342427
70136193
135712393
172036813
37343732
158621954
193883293
249966971
219886708
244742352
45973504
236317478
202681180
90598439
69150328
164792139
155381664
103688366
95866508
145875131
150079111
45692803
252401302
223117
201403101
91822240
53247638
244018810
50986494
226147203
66340482
138739945
24501970
28201672
135689811
97348780
244351591
174521398
256691453
244816600
6609716
250362200
10751163
103214577
247327722
52727408
72137064
6116214
146126597
178363459
227338497
195049775
97153548
199519214
27822190
257512833
19831505
10962322
193272301
52161733
111229822
218007421
148490929
263456844
232832329
139731913
247813482
83923270
226714064
127795394
170362325
134322570
250264894
201429893
113742179
179788869
220477294
51615518
144682887
264806982
225809417
148149250
47148871
100297711
91700820
40930806
250254866
122829647
36130941
203608894
76542162
59237860
139050691
88731264
92953025
154260239
19321595
5493216
152099370
88137065
225223007
179967985
191642698
171708198
95865363
259795663
112731386
232412563
85515454
243452360
66260819
257332403
48547471
242727001
208076177
116800215
266899219
26864076
127407479
13506085
217130937
169748800
117630473
67219029
135463749
85280189
230599749
153238166
102631589
199744256
55506883
156881972
230881689
34108447
217471611
39998774
246000083
190471270
142003173
241334442
34674891
44071809
26471686
18754662
225770474
8477405
21607220
72724363
238177183
171598357
113798999
90370276
203742604
88312279
131433644
208131963
43200130
257695045
43948884
71171665
237537666
226861668
13469026
182946780
45151148
152375257
78029413
23786309
50633455
184058765
224076652
175423018
65398552
22766551
254578024
224038667
204637555
70954560
196782018
120090054
241907096
121737304
32874904
73202585
91369074
9714080
122094643
121773844
265877466
212595640
16155270
185822478
11444473
66252344
229809809
39303005
230385834
122533277
253644755
68539280
245702153
205801683
203465708
148522867
27932560
68944603
123675753
84753456
174403375
244029166
67360934
157458918
54058545
70396681
242731459
178503606
193229494
85541424
172657925
7343360
249847983
186231317
138440815
112576880
218712326
97207095
140155138
223761484
105913672
170765998
202765764
220786520
106012346
204750543
111601073
24708062
203937080
76361547
16274556
267990240
167109016
149106881
112767873
126692778
82726705
71640344
189725758
66386305
83999183
1789405
183058227
173719532
226454658
103278228
161086253
134135555
175382497
70046318
264264857
74902728
51520475
111957303
234912770
120480814
121800636
239434784
123191178
208441318
217874238
149993735
172147087
248771633
98791051
58521787
31732281
26428956
61367131
67291896
123737403
33662626
54534678
67475205
63963698
147245425
93862973
207476962
242315189
82078268
56809453
120063454
98213662
50988411
113484070
116381671
227098675
172227194
237257227
146597124
232699504
37469830
162636871
651739
128909056
133681057
244932729
176000671
243931652
119356209
152320406
68731414
184643801
57796333
83623799
99868884
200836935
214528093
240196386
111103079
250949885
247951577
46216240
260688901
241584149
101498932
76236649
145306235
202892776
55802035
148134115
146758506
50077328
92625644
227661215
92964883
27800973
156822835
131394603
148442961
50443009
144411022
152409994
2184472
35082349
119642181
238733800
52628197
227833433
85590820
250291875
102657979
241850670
192201265
180150477
225276394
41526426
256032406
54185584
140615726
118869061
73657809
225977096
107946694
110526889
198182861
240281544
120045866
103603889
202921969
99864237
117664721
108688873
263491110
53193477
262527903
225023636
48349707
181146292
62018142
40944117
34328241
107823528
225080047
60568027
120454862
207357741
173191775
21412548
158323388
162983367
221991676
186518830
244545009
193135140
207030164
190214689
206744301
215655556
213842057
80021309
135394685
28689512
178265200
53600992
56907151
254104507
211743857
241365009
140597479
27015937
143032929
101847740
142791735
24651913
158104961
186031380
104448793
49164059
159966026
132415446
110229734
79096288
119203728
60597386
43423243
179235111
17586542
145792956
198390586
71472943
48527399
173188609
76239801
237855288
224541386
114620316
198089306
60389496
168918015
25455296
149815574
147089213
262126523
89617783
178802560
21484601
84703163
25782481
158232253
13385601
184394866
45470686
132509733
105941626
222142195
18811045
237392646
21356862
135237261
96350439
194680784
38632224
18950768
70282960
68705938
191854973
180565438
149239996
185812216
175210590
91646616
8043406
70811366
183025357
232649525
47865707
46257271
107475064
174168543
19748158
263220799
7749057
214681437
252886320
231791367
65973200
78818571
98913657
156702695
78376831
129229806
20251747
250099715
152541234
56909701
150682231
183309812
237293840
68100697
28252090
112312016
248283423
25819040
35087586
27483319
94362401
41135367
108047832
194928279
52011599
259644513
252038368
181576083
1645678
207223040
68102360
39254925
42722179
167836544
263905690
253134223
163547649
120302268
404763
109394474
220805872
117690440
116502988
152084150
89316423
137518104
201476385
10257520
7409478
14261461
140956725
210173019
159716829
12469024
134705384
119796869
219088533
112768403
13092694
130353557
31109993
216449928
31425257
199253453
86176538
90865664
86676053
12304787
163794213
201960555
182430684
82874290
207977643
268349372
70883683
120633766
257241443
245584126
23245978
16652454
96520254
201574449
148990353
232617032
162815212
221822100
91389299
253178339
176853472
219448518
210354668
157288613
5259489
69232584
13827507
30935812
133111200
254689328
9957835
114846169
93521826
70799084
213115457
266494705
208250809
7420577
112504818
66202407
11056335
128607244
137395411
63649284
237334375
213883696
46289315
85669044
26480010
42264648
200606984
136124420
110985600
210122482
76596661
1318506
48733848
7822877
120287634
2575620
198186345
52080641
259216858
94719693
212571799
167757422
27040168
217869350
197299221
11389883
24727830
183970815
147068511
109206277
89624360
127170657
127427334
51671786
84887044
234852063
245385261
17631707
36425789
260883368
236195446
93538543
265356413
132167595
207903645
174636883
115573418
218742195
130065275
239964821
234815152
187880639
163527381
25765071
239301853
96689328
99482864
200590699
181366708
6400370
236109383
231172626
220585713
253656018
234473481
26825297
191901662
257779362
237564344
246506177
223232098
5140388
261047328
208209499
121913895
164468901
125132069
131130029
75635376
170343188
213677242
113113349
17196491
104800758
207984623
193974321
51859260
35018800
127132723
1091034
155162735
193676689
195638020
240034130
197684907
184393127
224385905
136704701
57475215
214390806
236471921
126091185
22398826
136228024
220713481
167420892
118945225
195402654
232845015
260291929
84754816
151054392
152291355
255467521
133701987
81323923
173820268
43022360
107108696
62897963
162768029
185461804
132458586
152595250
148537861
73967903
235919768
21200766
265929387
172722207
68869119
177673010
222824982
244640152
167470412
97141919
142645246
4141713
20143097
242728315
118727130
170191683
201898869
13542400
222463988
121057540
218121894
233421326
55326965
231094138
205113006
251495282
32806275
207846570
101898057
215538508
187515205
113665927
259174186
93505764
174990072
65821310
255589630
237943119
249054854
134325946
214761170
1010359
247371351
140680026
4531116
165522090
92465487
123996079
103703156
16542178
191682469
174785165
8578163
169838096
156737015
212490337
239704847
107024325
246727
245507188
141095862
105864824
187819142
148246767
53782465
53700835
213636410
81388064
231585384
119112496
192153910
157820677
142134296
44837819
177209180
8729270
243591041
63824572
164081165
249622417
173386076
17649445
250981821
168527215
151187414
190171097
6526296
67647308
203424382
121663872
6639209
40082293
202272353
181150638
189380031
48474218
27247196
228634743
58675343
139911
118229022
41447651
139358100
261030162
16128282
187508838
85103383
266113351
220659995
196314331
81369687
259845194
247469171
227489936
190937213
185820954
200441876
175139492
132820363
173402470
260330162
152654576
92487084
18214211
179749481
155959123
56850839
16529281
248725420
79521112
31949443
238769031
88752537
241120763
165583764
174591513
585846
142272828
128623820
1834363
211349869
71843811
211954128
21659700
135903662
245912506
158130091
113428693
242399380
247831195
60774302
7344255
218656957
66266085
131802970
152198694
13087960
145365370
51069272
162447262
208619550
262085463
64506530
78414140
195250504
98078515
27385297
137021266
232380339
248761265
147030706
212658354
132902182
82127302
113641703
247152920
18699704
62177469
116727912
54744530
83945088
183635023
171545090
32698051
62132153
145126364
124771953
69791468
225112863
36641775
127207717
244244222
71760176
259640340
264602390
178612653
260300480
267384978
137902386
236469429
28571518
61253984
129528751
22621032
186714629
233501451
51905034
41153096
124440868
123425821
181267759
210502996
198942238
171009343
57077194
207459990
6902995
31556798
119334961
225974315
122884989
185143523
201321043
76973993
241587708
45807908
88849349
76446829
81937597
134640949
211486448
94571845
64085519
94206053
135382524
123534449
102363797
9666678
105250490
105132083
237041564
10312939
121647903
157800606
70479624
233051400
202949342
65400708
149142671
215658848
8592034
204405285
111512612
12866840
204006956
78646491
120549392
69586528
92997584
94813919
262304616
233552793
245793901
195910949
203861810
164954005
188664466
170680966
34405004
117724149
239948385
246159871
56942366
167939450
202008993
206887587
152124799
23265557
149464139
234058143
170415934
8147183
172623680
155640426
137098249
90481202
96899378
37263971
233792030
260776392
15484771
192095105
94450671
10300615
104011980
158024545
20533027
96722690
63383263
151855027
202396743
32387862
127964407
49271124
206316300
245150439
94687164
220555523
230703131
186401162
174845540
51654038
105236121
99480025
82616684
187296353
205753397
24517970
4610286
11676437
27847243
140374594
255402771
163815125
7048480
5950202
52297733
187666835
192078743
231400565
8209503
258095408
165495607
56884887
252616601
139385715
159224581
256306912
174774673
139229981
149960195
5515477
124146668
177521884
109642119
239203235
58777456
237793962
189141145
86026033
139225912
217765681
169781895
108459026
127069659
20816920
132716632
119480042
168456974
98728130
38331179
141600082
172081005
203786637
69700600
148574886
48531573
81201916
25391545
13254532
261688335
112753937
59866326
107557413
196596475
14071440
2295610
95279683
177461885
59537241
16202117
123711111
16434968
80321009
90552253
256360714
93137139
31248047
123565673
160158269
221225136
183727763
76672970
41506105
111119570
141999589
65000259
242262435
38010944
166463299
93672294
29695382
76667595
172711183
119587995
123662410
168049128
90864595
231508125
57713989
128076086
177776627
52798733
95622771
154037998
18985111
3253196
184719273
252184792
58157201
125704878
150648634
147610769
14420844
56373076
34262858
204246346
117702236
259942233
50637482
11424780
251767647
240632836
102883811
38990294
234809630
222666308
30867971
92685502
148121944
232619994
179692429
144672105
191548794
214355279
14499234
32735931
144310387
53699979
235524381
169809789
228124145
33440524
152618566
126385499
254035360
106423091
32004778
248180678
254657514
33416045
214733972
249552593
49089630
145440446
14156177
200249894
58754294
81328870
98972633
179125146
254657234
21180014
181446672
116341163
109703582
55232047
109388020
133804203
21529858
239942911
233632729
2027307
18129651
109997368
223110993
249230000
114688881
106368388
261976032
141872414
15950839
138054050
8841368
121132938
251482944
106843722
9934307
79210146
205254418
260828910
21940553
230289452
110187104
94674132
100103463
88966110
263831931
216321003
204304153
266327424
85096414
29184411
3956011
103768205
24769442
48353509
206887990
111902977
201030562
77905926
207478809
234909082
178550731
203942192
169753149
8618171
121710937
175323429
5102406
179130346
231424273
195889520
208448402
262640540
202106411
101477946
256463144
70356298
207880403
164731116
88146573
162908283
31004281
124914338
145182312
25187683
264720286
92767435
17486523
61456396
187806361
41152734
15193185
132404044
89619804
176252622
43594582
217850745
102864787
246325226
171885571
521650
177386747
196714206
167718809
13351463
222030715
75714741
90171036
238145917
125662888
167829259
252025883
82394551
166574332
374547
205268461
154211661
233100796
231600044
54174719
183479690
247457009
236100510
134044106
234974114
89505068
184930249
133279271
222724873
1164697
62735239
179076799
10085733
25627144
222032265
166952573
96813446
6111875
49061589
16737624
133873771
262859377
3021795
163156789
53698584
71269295
76937944
92903970
121849393
113580713
265224003
168451334
91334819
197144417
106428052
69861487
262879407
76481983
18138488
163684860
176267443
68801256
129356350
260687787
111315191
28721603
267561158
39212576
15232723
209844746
69287132
131484086
232510333
216379757
21214827
128099674
152699387
245153662
190293488
130343540
155090126
186081502
57750120
40257657
28912078
173448439
48941397
171609978
61272449
183907495
57663086
225170629
7979438
193304076
41719821
57852195
20172767
106763848
141842091
116892352
219119181
150538020
1683792
179126401
209516068
164172237
29005073
112276057
5699750
136773243
25836376
76701686
47669477
169422816
141148203
232278487
1182159
36030829
45285288
75984749
233693761
134245426
83128156
59817532
76573043
31718446
153749734
89840011
185405101
244414466
32279314
224846639
24719251
162211592
265631290
147427020
169358125
156520026
190394277
81174961
69204064
173307928
210610455
23166567
120850198
226912907
129648100
52743509
24611960
144360455
86289459
101760903
163693083
222263473
195744272
168696013
66036509
175872388
174479667
43362202
206428627
45756953
138019421
154214199
242027664
148382258
124681949
178803297
243734932
214301676
3108738
89088280
81315608
199774707
75220624
92789919
10776028
155671059
125465726
204694997
167068538
137938432
55398769
227915451
212344009
237452279
176309431
167341559
198996476
212411732
91426575
111972190
198183477
58550735
172657274
58083008
173855368
183903891
179573493
231884105
120948351
177501935
155131158
41420807
100595622
16696178
73178323
230171746
49117937
121560650
106928197
53798653
128041667
178914731
90197759
44790841
153357603
190704281
50251663
178077212
255379727
225105335
226911360
66321248
190327256
266571447
251460365
107258040
9639276
244000602
109979051
84195827
257653849
3981311
57089295
108406853
75615352
47219051
123829953
119430352
99641178
124469319
232785578
2864884
124993518
169444208
158431780
215655793
87169730
237067053
263088384
208094731
172490178
128123330
141034447
13004611
113873159
90169029
240624779
154035346
31460248
203617668
265605304
155751930
251882587
213789788
82341506
143275709
179593210
70459845
83867352
187800640
71522967
28364458
122129237
128140220
159539747
78317375
178017137
184407014
195025463
154993183
187201426
154339011
47958981
238230631
70080475
129829781
200770454
88145874
70672450
63454008
141833573
99922988
224663939
212537980
105143278
95682127
57643835
67052835
110293403
133376965
131986530
98325676
146996793
67741804
150243897
215998462
36438210
113153908
235564955
95651408
266036649
211675251
63204775
147203412
123422579
36160874
20546237
160352202
91184731
80158251
205760906
35248884
51157085
171599235
207512655
240867896
96255103
4111912
46734730
207207942
75132750
255572319
11986916
261215252
97916743
199783044
28884666
43879238
80762008
126463233
20565731
172092890
140864338
85307799
51139530
267234573
82075284
106882587
208535331
67724664
145632530
9722315
148182725
251886773
231486097
100612499
81942001
150300847
181185426
82956672
196715496
75690543
22570633
59353153
93979868
39647139
98373609
86700894
97689107
130550762
258386389
218395903
226873169
110978926
118901019
72182280
189052051
159988915
8944835
245812086
246693131
254874589
175511467
126343497
90660253
111612079
132501802
2774126
7878309
201148389
252798013
6425196
105423873
233823550
84485337
94446425
249628443
146619860
145848858
265057224
25320421
60377893
72324277
216236715
207068986
91362193
233967782
7081207
128686062
14527482
17557139
56525868
152915693
127735697
96247179
236437774
254732587
14385399
170878744
253358907
126520796
63966726
133670907
61302245
245016370
81754939
102877152
189351680
82268209
180713162
214315585
152774853
30985220
23612715
158431503
203741553
167221570
62436142
152352052
215101084
242532411
265277811
115801654
130565939
228942022
19611491
72448591
130958861
133370205
253040387
249140141
109138270
162784474
142550614
30529901
232853664
218101348
130693694
88944071
126090512
224159360
117180591
262767963
156509273
66593175
236864484
8826043
209448700
141081916
61084246
261492802
225246909
250003582
1130908
234064520
144017896
74357210
211747595
250550794
50662635
113974468
92323380
168955121
69671261
49139387
171827272
214249745
22607952
266267126
243078206
26234957
136089378
123508216
193464034
51343046
225287517
113169062
174480461
63694525
9538685
155916052
208475053
259039973
205360358
189909888
48110038
139288369
127079031
257235374
233374771
148571208
35075
19301355
56265557
201261206
70728806
225910937
219830636
182690369
198493393
87858601
38980260
178807252
100000166
123245554
221080790
136689068
153258656
47006609
36823145
140178305
12006701
59211425
112998853
117499734
263170758
36776707
70514727
7968474
39478397
98165759
150863127
205894619
55573437
196981093
14826164
237855782
61830447
233507249
257408803
148899917
69411176
30329490
232968229
262991280
197832713
16206914
58204294
119367011
56187622
157182932
172292571
36666605
14826266
209284904
97580469
20775800
135937162
123212572
60415296
165196932
220557001
125811709
228144635
197180120
126090744
207171256
49981678
53766123
103030088
164146384
224397594
5891060
42126105
153064162
166693658
256926866
38651830
130534252
776498
62680233
126242551
32339889
202721619
175461289
86770866
223848909
107185924
202443495
34269851
233317028
268114285
73725926
18215339
6762182
260874669
184228049
45840526
207903201
32039662
147218486
180657068
173920409
166752400
185448723
105356790
21393458
25719302
167479377
129554839
168748422
41216934
9379608
134735080
181598855
161536396
137133293
10210445
68707875
213651697
144182354
90066540
24328008
117582137
132380127
28717836
179721990
6671510
55892646
262793640
107986452
252359056
262412983
186751047
2829111
96357502
249320499
171765889
13701448
235085750
247615368
1556486
114254989
122691521
226880733
258358064
79201186
44528757
224969118
28974721
178753668
171367446
30020219
169522701
250864724
85889543
170227085
131629336
72353583
139717783
82836759
240607912
214071505
120152031
133109366
81694835
164383461
14610388
14596585
257172421
177584779
185974172
177292738
84829478
79617937
93098561
47048209
184109513
47052473
38841747
95767263
144713644
185997564
167445676
206515516
118161657
85087616
96511339
100325556
75869284
126982795
251760027
39998644
64506288
162459183
93168049
116640411
58114347
131697278
52552569
215196323
37817945
130427181
263676032
114935562
16941792
104114274
184041214
257431914
214902934
108476695
220607633
192952021
53998637
26510170
82372511
85295084
115105429
125642402
39837350
164911135
63443456
84295694
185837296
123526950
12209086
178129674
102138357
185867106
249191864
201706015
65849818
19281167
176795574
200227969
4967040
83685518
92710523
126373765
239026477
127319977
252229107
216896706
242632829
68043322
251844247
196086610
260187052
92947917
89482091
146349031
9353113
185628062
91527273
231205189
56756555
32928482
231805752
142082828
198867281
27121001
91821856
101256030
166733387
237492041
264820616
197498124
216738560
165242365
145312568
3860002
5284921
135744212
138937784
6186756
222136526
210474868
109885218
167783346
17987509
60423441
46903062
228164272
123211486
183303607
71142631
9023586
104444481
48665588
76035926
100080582
66665699
147806318
110629409
20260693
159380072
222490265
94758943
171675148
225379539
227954324
116578350
156464174
206089405
6853463
231948550
139496625
10018352
236300284
105677972
138282826
229197418
155700290
16033247
167202993
97910292
176803546
138879408
179707322
45928872
160631192
46959778
52449704
226103373
155365785
227344149
151190732
51571467
114181849
265947582
190187964
23197079
160902214
259816957
38586693
148186095
167059624
223266170
150060221
81931599
227436384
121150938
144755608
120900954
179404154
237951673
249258538
155580962
262443015
261590810
162170474
21317690
93033526
27986728
107439846
190896210
145109129
256424060
252843727
221547277
43329327
30019694
86198842
209536916
61541048
125475692
186182835
186659621
139544976
225271194
86594191
208613092
93553995
114748831
40052900
195678759
59165010
183657386
81835566
38943666
127106974
109645896
250489366
267567487
223550086
5661160
175954318
214503487
196770943
81364222
196356462
81677104
4017407
95443760
244052420
76884694
214237330
101369364
204252452
4026711
67242595
78928289
82949133
163912718
180356706
121477190
218020086
222963428
237071656
47940840
108806312
199857523
103146063
114849236
117290532
174544148
106595306
42857842
186964613
50726221
185326709
106569697
112780684
10292055
223791697
129357721
111009414
221398204
81108220
225703670
193014877
25180156
150181331
251575431
240114085
179299058
186737740
120507469
255331496
163838785
72542363
116903988
216520693
7835852
224229519
7326501
21228990
104017602
170462958
259204337
248951892
208726503
174599988
76727754
103743939
184137554
95081389
138116792
138088203
88667012
14985003
74620079
25068258
222686998
196832239
210190533
106096747
259574414
219119675
62630785
96545876
97387908
116074102
231819404
100084894
50125137
200840692
83357707
129839082
90341133
189264540
154482762
16927798
25878005
98680841
91645125
34553893
120840054
173868321
252055282
220459501
221504414
134298033
202378949
49646153
189093144
82526890
142236996
225329590
111441924
190918609
193920438
161624857
209957917
205328264
220194007
265850038
173354549
95812304
205580074
5495649
135026262
132369931
219326389
7878823
266335075
177262898
25406246
145075475
45974993
212850309
36689177
203922794
62984883
84932723
214078039
39490614
29378087
192463287
133792220
63394018
68520702
60008292
241478911
83641065
79223284
42580348
86975881
267062853
242021265
11286300
26900524
261494043
185462231
31107960
86359671
246084988
210580302
243863510
52480377
175535963
183067812
237452897
61669946
234865606
213393202
181007125
242863189
40920078
180982834
26612973
117026547
259175649
55728976
259232925
76913576
166727310
9522186
265741426
79499859
147261438
103462983
35366014
180236523
213095234
110072432
11058273
169724579
133389036
199917540
79029800
230351577
198294800
222324420
243289804
19582711
147451865
109597499
266400095
34646323
191522540
182138741
191575387
18969913
146994884
185426311
224349542
58980562
242517767
18080367
108363113
46916557
223001698
27063600
220368598
260991855
149569911
92477777
15839868
212985670
211601859
228948925
145106694
133610236
153615461
74214833
105834772
262935254
114217609
90042352
109628746
22945685
6763664
246400001
158733253
100433699
11906038
91935503
244252337
245291918
176657574
136573759
112572438
21531720
251390153
187072123
193636034
115197202
180317013
43255584
5127597
2551393
108131422
155600925
531551
71875643
245487284
238542518
233003010
146687692
212805186
5778719
100992555
53022912
71620113
139462004
43331747
169270214
198789340
55171755
22895435
193450406
48016716
147996620
153429433
119932622
179917347
159903089
207864748
186602832
112281812
24046278
86216134
77002360
143370400
31157035
112381246
59726141
261023919
210005374
130204903
32673138
106352127
178139359
244862775
242216698
178615407
112070673
192569428
97426644
135985971
83461186
68794413
118524464
200984919
54237013
140527977
228048541
261725367
256279266
243069202
100415919
254132462
201662885
130438308
61338570
179938556
57246172
214856557
244395140
20141077
70506304
234762141
74724655
148688824
220870831
53213793
60890021
186600359
245993612
52326221
43877716
150870950
129170089
138228827
78422075
260619795
51415765
224976172
226860793
47448978
235377784
178318760
83017315
197611371
223285355
181779203
177054098
205530230
62096815
97788855
189028434
55511337
105171510
199664035
91402912
205945080
143871916
59970884
245462614
11015920
30973751
137854834
145856046
68755351
150674885
18119940
221904370
76621399
31915474
72252786
52468074
131604146
118578577
121583979
2252057
230901254
161611712
102646938
128694070
207836947
97918453
172928271
145488845
65977034
244164268
30695904
145655083
230521499
212585566
166730046
43246155
117124485
180181164
89598758
169913769
28052613
243709045
175059379
107749412
164208061
82692748
158097010
64520339
150973179
233702458
40338813
267037967
165570912
99471864
27789460
53545976
204143366
155807949
150520214
236272441
214536857
4765239
234364513
128057410
13401983
20832707
114934348
8426058
56987860
70919589
173500645
84998015
26833474
118697875
145130350
236595565
198430633
73649359
187313353
42005035
60414573
198866837
175048506
22356752
119857721
56183635
147355327
67059198
29560707
211605758
190290541
92714557
233621303
104290747
72740653
122913473
254254349
181553796
41679606
15234932
2394628
203531998
170321504
4192869
175390849
125695198
106087320
7496817
113994646
180018711
77591697
33509795
55655154
154163915
41431706
238716007
139318279
152221915
96264087
238549630
202166590
70696492
118392748
88354021
14797479
212145911
86230288
253612135
164244080
161365085
199543149
105308900
2154128
172297449
70617642
158153331
246482869
185967611
254045366
46191350
56277854
183680863
17250086
3740095
33128423
203533068
136203264
201974594
40558634
110340657
113909884
138097879
197831397
150154430
156260875
114949653
11731132
70619332
48523359
231446988
42587272
215710496
145978198
209407774
264342106
160743111
249729435
29989254
145376103
149549151
53943642
250817738
143410676
183649878
44568776
149018157
10447096
111756303
210410980
78242967
115009770
96565802
23463062
33449364
13088846
162300526
133278338
2512406
47933746
154470486
249327684
263220197
119934460
20104828
90241032
170813607
185943132
156263734
183350984
25727934
218004856
98980492
96996739
169337187
194050451
107276155
60001464
10646602
86849161
226884937
138632356
68537761
14262665
259879009
165683720
245474599
43636182
257226752
263175797
175127597
187978998
142739239
250974389
232800092
64531216
125232856
179859374
95532441
46966493
35271671
132697957
166809435
53062769
62974713
112711382
248023473
28949504
215287970
82138853
251315125
178750645
128115403
236660147
51628623
241260521
80979880
259508293
136542753
149564403
17684759
187300115
220558733
150398425
260964439
266898579
258285074
199000911
50558480
22988293
174831090
90457617
37223114
198937261
37416747
86467700
213571423
242883339
148866342
259868031
151508340
238982767
129603506
233375582
196795677
73063328
223283060
21458939
29803165
230210314
27909435
68824553
217919699
34427852
2317921
232040673
214526515
139551804
130040327
88176857
117853462
247203700
234700713
20594857
73064541
168199106
105749655
19804544
18828705
4102041
31072803
144129017
187053422
125710359
92853019
257994237
198110816
147247819
175442352
170864245
125836682
16834563
230483735
164148222
7050822
184640718
198446316
6830258
134394556
268242218
228794861
90725432
10540656
193141051
14446791
222641008
94780147
83074563
50666584
177819004
126409746
119202259
227248238
223163096
41812539
258452973
227215106
7948050
200898316
68409649
172407073
150604151
28902686
232880222
51987029
247362364
245284324
185142273
23896220
177481675
230340243
119134552
51385205
155519302
45012239
130146522
92393826
194866415
232611637
95912081
96120248
158554211
88978740
132444789
147518201
45220255
106835478
111235520
262471935
121802811
155183392
258686442
157479756
252322883
141438115
150093127
173600737
133636236
230702724
79742483
229558029
72726756
190242185
231547717
215660092
207053013
212751244
193016340
51046519
112931751
204884062
102726875
240936153
188445222
96208483
99211569
177291132
34205371
144896875
60957884
90601016
84929595
153188486
202108961
233690220
88815160
60956725
117452042
238791512
39906502
246225139
17408431
108772381
13792834
236143690
179456967
135731250
58529131
1995597
108944204
61851736
68419694
179008243
254199429
217601503
56330883
31502743
1078317
213267408
194806974
232077176
74774530
145478774
57371163
115128352
127599018
186325897
89399764
250077876
58690189
191186022
59118550
114179465
231592322
93525879
191524234
11858987
92292933
159185741
32128024
27028253
39826831
71217713
58302791
105654510
139288867
89289319
74753946
253576871
5347784
219226427
143426450
203043665
159860074
214327843
129592534
155024387
146069053
92192133
48445552
68339845
177382680
52278200
111970827
62594421
172117918
207362725
129054758
8545484
95490714
201702203
116549357
116924161
207441236
98093277
2016851
23630284
9506000
121111676
181175066
154113419
2165219
138234221
60372335
117140007
61874267
218490376
74448186
191420123
79173861
99530842
234000841
58525775
13867153
113914796
86356105
243626513
114253088
68343128
238119768
255845286
267072277
78393541
154073548
48205436
4720194
94680476
160920417
203788498
209988487
203381233
210393453
166981110
77047149
17582596
259996623
175126304
202313017
119662545
92653183
110626365
29450310
197581163
119649577
84730482
265138528
56031040
127304319
174987162
105487235
33475860
22814555
156891585
68101460
184008328
117591553
61122017
157356738
50509047
168968166
188654221
68322677
158553022
243031198
119346942
53358249
184523421
267238756
164467049
207050148
140481710
213119508
227548301
227949570
45086117
25437489
252958328
59897797
141617008
259978332
79372874
201295211
25723816
121963417
29319582
35021500
255386501
261070284
180301499
8818999
181260430
230043660
241632555
131846066
182298796
254901207
261612137
159281273
197263855
132710236
166067207
64518770
248775769
115847113
132326553
53080574
87000643
151409450
112021162
90602552
187143110
146520270
216492368
133037336
68817285
160470204
170915616
62402704
63157928
157927306
161905036
163033624
152245201
23447513
66902115
38676380
91071100
182404703
55416092
231108822
