60742227
166071744
179157678
134733909
205654686
147059143
209147773
43850777
217005873
65883891
171134943
209901194
25078421
257221729
29735923
48014374
129230989
79048917
232344920
245134981
263258334
112648668
130357263
78886325
26713798
196401083
220861340
45498702
246096126
92646188
47883816
130230879
93962606
255188926
150867223
262743503
163902207
181595580
240662107
96116556
21063493
15573863
91472381
41806552
244983712
133730005
240176748
185138495
31490204
92707757
24577264
249599063
132511686
221626588
128152933
158883262
183747341
118788637
74104037
252311862
260724274
184768759
71948490
17083899
186946173
5484710
15921502
240964792
17280184
162349038
80273006
35498430
87722061
14750457
81583934
204719719
263049481
25398097
14698440
150612070
152971573
109270498
138850578
53908588
13138201
132920853
30018425
35636278
268295594
86361255
171011706
196176626
143289389
223842361
212138357
47540297
141382809
44892367
793504
220436441
101994365
23664249
219663140
66827747
44976492
219647927
105930395
13405681
241495450
43885845
222749830
204702383
144805926
94162403
66101572
199694658
70445910
82577360
259239498
95678459
248736076
122950483
163430577
185539919
172207544
156410227
248620936
213412669
208228370
32957337
199952533
204806845
77837273
176330699
212830978
137893677
256600921
268228701
65874637
240062248
151058263
120644143
11948610
179472546
107787882
79741276
231934616
229068652
211725807
114308604
252759224
60716927
93556431
258631263
86954163
262585673
243479373
143234123
193615847
264168771
192015692
141741840
50455853
114671
231880888
241560134
217930207
79147410
182619275
38381665
239791690
141899280
104844240
162003134
157890131
48992161
30105985
154557408
169259541
126879018
63487483
116602158
188548161
246018036
110753657
126202529
171071608
40094961
74132728
119219793
68716317
148559386
29037201
48848711
42804528
99984920
114027418
103747569
32715369
85672263
119507704
126132127
61788220
63317228
198800517
32234791
267547171
71255377
214524315
11178042
205609023
243194218
206874666
12691361
150400761
74354306
248305455
259839029
245681986
16001461
61543259
264378572
168681804
95394761
152062403
10907327
140446650
169300146
235007838
153411710
145546906
153811340
201681984
178131455
132432480
6142062
224683283
74921211
107276598
32260225
10259200
225046354
156081531
49239117
126705495
235341150
218151762
126201777
156702750
141332070
14485040
255739791
158746857
177069878
55646126
183558707
10933229
237121220
227944285
111190917
234847152
130120938
183344668
262801727
89372515
130187832
184734485
10460022
61637949
235581902
48507451
22452982
103557573
3547446
195165637
64498317
191271710
248953782
54837343
208482243
219785366
175514885
187367479
4649171
18497396
168157682
45016958
239309159
173509864
222740341
116576998
173146081
254841689
209948614
95849742
216086715
247524572
55711363
100547445
150470829
150347897
120914342
133073187
237684323
17653682
107166247
184954563
66462238
220748110
234031486
171065979
91815459
253088951
85761846
164367803
178433744
140849469
187482625
195525822
75923781
167560612
214626452
34639224
161315589
149587430
234810418
166579156
178978302
263174632
117901812
53427342
30095903
187374576
104385735
256869126
43210786
24365189
172918374
168928665
159138679
163795210
94196578
232818332
127018985
241266118
206633575
189032002
186592282
180195291
134212509
73515905
704807
107041001
184885567
127072921
201830343
161614535
101809430
58077507
108719480
257017311
113000342
78828812
145216050
235590993
99101840
1340328
140606141
75581642
218813120
216781064
152212128
155632543
87309148
66807189
172582444
70317467
62207736
249724170
2196173
257088761
139338586
206022147
245844966
19924945
202670889
81469886
13815880
189992664
166055220
237031802
33665006
185440394
125478214
545639
13872676
241386128
8520198
135168555
210704120
179487427
79618290
83706585
246924479
7911331
178524385
119051756
222844618
52715044
140311714
130003864
234076510
127829858
6422009
8786277
138761058
74438770
17886532
201934178
85879757
254300135
163247799
222696168
224451723
200906949
42924634
137053299
105471904
229761702
24757265
200793762
21546071
68998789
6869697
27967965
216313617
8206529
117525035
263691820
89766094
71960711
234024708
182195715
118429143
255286600
121113163
147354168
168879393
171801057
166199427
179565064
76683397
222717884
133777834
75025055
194029788
106560351
125612231
255958937
104305842
175477861
137247137
238641242
188659955
167636485
75702894
247124277
167180202
221335532
23510426
104580566
216124193
196828467
227408451
243751673
26071916
4784753
173933080
33657889
133234585
266877133
209830861
94031903
219133208
180159594
164122194
116627227
25885654
27399671
118190283
108360776
153352238
39303501
255217876
145479976
237254903
34451850
85813625
124728798
153964135
139559156
25198139
178686646
129844155
253504724
82069228
242337108
131218678
9666069
56736982
210799862
348849
42678045
170007482
83458347
103313927
232613887
74221401
139956247
84133422
69156403
176712616
73485967
74644670
238456821
236944124
136958270
235681265
29210732
225683111
82679379
215100291
250309032
227106724
204900165
187129317
193261491
24085140
204788109
216900791
199090853
226678180
9602275
54482987
53503405
116379812
115654142
113641060
143238047
235834412
1623436
226705034
60744563
218963488
193018819
267721792
63076063
4234922
7003244
57019048
61362012
98319204
94282953
234149583
58930868
224304721
260142701
19747469
142929969
250931737
163594981
175898052
215918503
103813571
174292247
260342767
253889890
190063788
27287720
65245160
118090347
233992291
168192079
36182957
257537754
53434077
185149127
78339483
71917117
261430373
133483933
93278458
36856177
258033158
171686318
10914395
69728177
73357435
220218666
206373279
226118364
135901143
191824279
211152791
211432602
193693171
265465801
116602218
149938443
117433832
227299268
80312709
222271163
93380192
140201621
58198168
29249545
152255789
150476540
157422177
248303196
81880425
62560581
144587436
136270239
85357766
247493265
24265340
268019143
114249936
31357290
205727142
63190451
36765136
194503423
109697496
4957440
247945672
43839942
90557839
218985943
134404984
141711354
201784823
255617580
214991568
17860674
30883147
93666146
88191950
34261744
139171780
248226385
76618544
64924792
228052601
45730686
261732147
118193746
187293194
107319263
28925488
160874974
240631316
71120770
265339461
138294862
5411508
215232986
263676036
8154669
233629585
212353274
154012366
117175779
145852262
147366053
116729593
81558684
116282276
178881051
130980313
44236674
263082876
77154499
71069557
264662724
177731417
115139860
170646097
152243346
71519060
245146982
234668442
64990283
62045172
176144893
153362463
214162134
115647249
164582456
53097077
56687135
131434198
71369185
242629657
124739435
25510927
143281147
244756401
87277189
154687886
190881127
162495783
160567413
266172553
179864060
122756672
188575186
139992668
23823804
71400172
200345141
27117693
162301756
218046927
12543691
259851400
6745489
188241092
34888987
36503437
96067840
50114034
180635523
163773080
92278894
140890510
238355828
108213719
205647545
230563289
101680374
49535395
261990669
52180998
239779284
137974691
54226257
162437950
72281215
66046675
41389770
130930400
38465784
256289691
146193978
79851450
246595876
212550239
247028084
21475854
19909141
72916395
35599726
140597831
219599692
253137548
119223596
93075911
118225069
192944743
108615664
95733246
240356738
147557716
250969014
68638567
62889494
132882520
175485005
212655230
227596193
171590916
161668283
94907502
134250665
4833863
73483334
174770074
220667126
143527861
253623977
139283521
108593059
246621905
181726030
18340363
41234932
159361898
49868553
187683993
106701055
152183393
51434697
148247085
159392421
127724696
262479051
212945724
193876319
187890593
156391105
132221815
17431401
116961698
160921348
137601098
55213442
26937832
78635779
107985449
211496596
29988487
68395155
169583160
98445415
168461565
165216060
50140047
15002405
77884227
118846574
114567900
228098425
7297817
84242608
156104810
223118424
55597081
52786784
165452222
164500576
191113946
190672398
233920269
32962692
168653415
67137184
242794353
75528135
81176214
87828608
250171925
47047367
78687746
84530759
60683396
260103491
65906631
22908004
174963547
265070516
244540939
133279484
265309213
200480847
130215785
215595954
97148152
18910305
85461690
178129561
59893531
21007274
100344997
214767267
111908806
108576174
99761657
196773317
45768747
35807846
193272948
265999099
61774146
258383070
146934673
119922891
1894227
124735996
159207660
11246341
27447842
30311880
157088936
243811599
177353545
262118134
148205546
201219735
237545072
184465433
95013574
51835384
142565466
144348822
132989403
226481154
115576539
218069806
51240904
124073745
212915185
35305293
109353877
226335978
165164078
211374963
234489069
78528879
132914313
167522831
76514774
173112791
11623347
99199301
56362974
211048433
256861813
84178938
31656683
255451037
59972389
257322526
254796441
938058
174710537
35426460
48987411
217562828
162727573
3741258
224423048
97100235
103401941
23338096
80966205
100788730
27056297
78097571
1662082
143836110
8411341
184651617
141238126
176454306
221190280
207565631
7145155
251618818
252199468
14231832
243397304
69155654
75011461
67572852
160859465
170641716
186712395
77674509
82530353
56844971
240897695
1541797
15145019
139462730
223122241
48656940
158672842
45356811
155180631
135644173
51456046
200360146
220477436
6429917
190821099
3351040
12134259
252641201
206571232
11996677
234147550
225168312
219946514
46008465
226696706
250251920
168078339
26235875
11007686
13555279
173159915
207540536
43415501
251925970
186748506
69820675
256359598
154391462
127240570
263950606
99516195
61065648
52756447
191029401
181939496
90506055
107447807
188382062
80424750
178593244
241035120
126295993
106125570
204177826
139910816
195996477
114388669
268155458
214174026
107053982
52329955
27102811
263358032
97206345
187993388
117192735
13341592
267916319
11029606
256215637
74529238
16574752
133394462
232033451
113323499
136730462
123226691
237403693
175124513
31513628
165557934
226572254
185071067
103359518
260920068
173783507
19116908
31777672
217256753
236721582
173789799
63737624
62804415
165605739
74682443
68103364
111350679
258180686
41324641
212153489
214970352
258964117
239048489
16052207
14999210
85528421
147590945
104548413
188216655
264354051
189853965
176057027
42621879
28139072
202951736
176094128
221237372
57887291
121578226
122328838
208779472
35558062
177315043
135675967
238504533
201151349
2458155
166142274
48475420
266474600
240694783
83954822
21478566
40359170
251919466
102366210
131800859
234816376
191237882
183998449
225511794
41378373
26794383
235733062
220452618
191391000
184548371
4761607
221142593
258366076
169344760
206567273
28635760
60848750
257668115
94203762
218300696
16719848
232176462
205166272
134703167
37566545
53241613
104913264
119112273
228354933
56027408
166447293
20414432
46418807
69502213
80041291
194286865
37505919
221865960
101684739
36174056
34688847
235610613
63598287
262003096
166358217
47303668
25866284
140622751
52167985
390968
139676581
100164237
90160
228744424
86820949
109598385
241531744
165991409
260640703
60793517
212391304
107896474
81318594
261622900
72276984
257881157
16583552
77158396
201313573
154943928
67904244
133727781
104752468
214459149
96326798
98460268
160290355
210744878
27940312
106533851
238221516
126534695
204439287
148849972
218155712
248100347
152395608
168054746
250584951
211512818
84513983
128359548
248568579
160973742
168270670
49927048
41000431
214383050
13122968
186122045
63473225
179036834
116811211
51187793
201968318
185816866
234278474
70983807
131095185
192215899
188402920
154332635
30112714
175936378
38630585
136708160
223657034
7576738
46254796
168809529
144903661
51546983
203094132
85123400
18761271
58686004
43120236
167633482
252602351
223408976
17669478
8928476
198891327
167656133
109161597
72671468
142815282
70544079
107273403
263676401
239388130
14740985
161476582
181430479
215512966
116897276
164213759
146767172
12989572
170841227
88622237
118226274
10378584
235025715
73638991
171973639
178633122
242297716
12218199
246203715
158631582
46348198
66725956
199475647
217883604
203237769
254252374
69777631
164124854
138104729
64108082
34752400
148480122
204368134
172911352
24007327
176703272
3949159
42650365
225856837
143958797
192227466
65502854
151775302
146238876
200078459
57365760
265611473
18441979
113760127
84860613
216569681
203934605
70197829
200846478
127633538
140853711
191850455
222643408
209542720
55076241
3651034
62257481
246407608
106693943
232394709
109192814
135952224
38322130
136700008
95237487
178118804
177830022
11555601
60381193
78963894
217525814
141235882
161644624
38216409
95331691
128582162
103030416
46656075
32778356
223362343
77177876
123849495
10546784
219172606
204199812
229286789
29730800
46152824
114512530
227379680
80509569
113181934
4084290
31473930
57925677
248405378
193337764
242954528
88520359
154989457
92776884
87286813
216376890
123935095
186138587
225330824
194131474
199848163
21575193
61887137
146520025
201655369
1569109
35700156
194927451
97741534
150787879
7643739
263172594
84900978
98318571
171080814
153506106
157188006
63434874
160891183
220754954
55507245
158187
114602770
265480590
9218828
3991398
120237407
182622110
267056670
151222282
194739008
37165565
852860
13514586
6568159
152840224
199659457
230823104
48979554
10808066
193596787
58284825
30356895
73690071
264653785
224666681
66082216
124627040
258208927
26566685
177114632
157217016
114010019
8410562
152011488
26091863
118179188
139136180
231829873
205162002
18581861
145562300
2075488
193376738
112401511
248568929
171495752
267747879
177411153
237538632
99837131
73992689
197268871
202757404
184577771
80460580
9994794
262226285
155772173
5037201
62671585
25914956
132741920
168305520
222835904
189190321
256744905
114299987
170452803
165661221
103544044
84705966
163772168
219448960
14726034
194178246
92359182
200564377
84612461
2807750
217196339
170851707
51806669
118719683
122755789
212853711
217866627
122577709
117870863
80064572
127590812
235043611
195462611
148473271
159242897
239011075
19638682
69909512
8834790
240343620
85048184
46632814
227587821
66019421
100616683
99229655
247947330
137126824
194788613
202230364
204267963
140842240
148924890
156814525
248719728
133681364
121961192
172351853
139197000
38845266
203717805
77329131
231976664
241747517
162502632
106189684
149891752
62943929
3564305
62400425
147027833
169467730
183234473
247037569
204584141
167518185
72773434
71561763
219305729
100895158
220990491
204623825
72402329
54106018
242117805
41245357
48850390
44035184
255398382
186027263
97440988
259361591
227020674
143503504
47462087
264384564
262710169
18130598
93837407
28047660
242809536
187619108
78557921
994489
56372505
81066947
198982612
18357476
145236429
119922511
5561646
231229596
108877426
209056308
210773807
162734871
250794046
264525190
157427912
116027045
32793244
166108146
98005554
172588179
136585766
131696738
182732542
97757979
200294005
36377190
50578241
213789429
263443715
172671337
138422844
98201415
208398992
95905268
127807043
148350834
188763976
256286754
149827559
111336217
151673889
40343847
80259157
146008741
62177404
186260768
46365836
129402168
40329933
263932829
197521695
254808825
37144707
100636327
229297860
81864848
112544649
32478443
111148691
169150454
34456640
39279082
75676987
131028569
237202955
107154167
65117693
182088020
131419273
48026277
146233184
266505681
141761328
74748681
241863625
128865812
48209449
34130085
8539078
219849889
168015652
223731964
53276166
198133040
83379512
66109365
174489860
141319805
249196606
214820624
173321257
108274526
195746970
217989967
126141682
47564189
246236275
268358852
62507869
95056173
53323678
225693998
249742123
209563687
192793096
214722636
7636700
82301135
57081221
161113858
249815494
51203829
210550091
206511160
248196774
249808989
212841318
66563993
88075979
167038508
21200093
254337853
74372760
138254546
181933681
258568555
239665503
212813809
53722768
90204555
162182663
4331373
223257482
139025310
233017847
230374098
150495235
168971384
5118801
16016188
94601945
33435424
141671173
233646794
246187192
98872176
161435198
49513799
25970028
210759719
140539958
234794818
65382915
187365528
200069391
115219821
112847223
13991996
175553143
11279151
40360367
104680767
73132542
147873852
251282555
219071625
168132188
239161185
58274553
7988152
161756579
13435655
14138679
35206613
204332414
220840992
233387278
49248216
226011825
6198976
3122290
45927545
69292482
202538120
234072490
40870994
66005287
197375901
234724335
261314953
162498239
227240404
203611666
1635224
167199615
161192424
259287605
71156541
49262707
157254358
12207785
244739056
57718018
149778432
136431310
165437205
45455160
171615263
164037299
201108547
217073227
50125316
8055183
151844213
148288863
131648176
20416961
15579423
6809639
19665016
48039662
190735648
124078850
265748687
225535207
106236106
208608991
18711692
194934526
73684964
169931334
90795270
225785166
3525937
51309814
131591784
191797010
232407960
31755007
167164245
255453683
53840786
218663310
139627327
8370359
245760946
163175138
17341915
148120627
73834084
38901275
206157251
64578204
38221597
63374154
145423274
104917264
65121621
225840015
146246661
59207847
244818626
208495937
232109305
70885713
230148257
83837577
64316269
126014066
250687964
182556332
42355129
136716130
151986238
178435919
136870602
109297980
167967728
259091784
145930540
188890859
190951196
266398596
179836893
151339107
40464846
189380694
230270953
34564344
231115921
20764044
140559470
259734149
225676602
267115578
26922567
231141231
100584791
155824651
44547306
116968574
106692962
232408134
209337561
23975893
11307959
58818217
258885118
199868415
30121567
181667459
243165730
77349923
218124066
84210679
224359341
238625566
207724568
197105051
159169899
83022231
71541989
182648726
116593128
132646984
77385624
207281164
125664630
211338998
209539622
31978918
229849242
177860702
142715380
220800595
76570241
82548011
263982239
164933253
266208001
29866009
154545052
165103782
231019613
48640956
164902347
208471095
194492920
172243210
52716779
86318583
152586734
250576697
49876604
74004088
14998344
98490287
161094283
178843871
87253169
21456247
198002845
94270343
90724289
240481881
124503044
213188114
26531322
205160357
177285043
103924339
178504025
116604363
240097914
127497627
197127273
252993791
6571980
121174306
191978124
210148120
122376414
44065511
18134255
12328600
135324606
67588473
100124031
8278658
95347595
240373547
158599680
205300813
205768660
83095894
200309208
180350525
190120430
126339661
82525224
33619242
137481869
169767231
110632701
3861328
146760037
172154370
233104599
81730245
215901221
230136324
241185682
239493902
203822276
78680098
182076784
22259775
93901526
260424056
76852142
34459534
190584767
97030746
63546446
182745239
128622403
188091191
17956093
264073560
15669893
128956632
103913231
198283485
44341618
122009455
26506385
68585425
22671150
258402555
208482992
146840219
229969115
66389341
227813240
158923993
207826491
249465732
229971772
71761511
173188896
116889139
161558152
60859104
215023791
61847453
38063437
175623820
62712225
211876305
8038960
234645933
101355465
142527528
237629082
233757494
247361300
233684406
84241765
111619200
37795549
226764347
97421751
216713217
246343893
37451870
253366051
225854813
48886399
266117216
261173677
198075952
44332231
241710980
254479310
127094921
260209446
263564383
140632509
61367919
104896493
116930905
77092102
121776983
245140694
151059975
77114031
83371847
167643873
179558116
27250544
177680993
176606034
3300920
179571262
99448720
243242665
188178916
65586469
87137632
59053858
188761252
123960855
20338712
176391501
218557511
154144388
19393084
248994258
154533091
67977044
219249120
168888046
207673310
48049306
186113208
129887600
151101731
27771042
108854205
100688150
52824797
57773138
263209187
94351812
83746523
84567538
103909513
76837124
209408935
191385737
241709034
253043184
141696035
240404911
240833222
268029447
140134380
128755640
189658346
134237029
89959144
240563134
73539287
2012643
264678732
167931943
89009501
116400904
197845744
212045230
264952060
116914659
138791615
53204259
200162789
99602448
69709231
234265227
244142813
13017137
17234916
170153981
29351383
206645493
35470292
200863523
124264907
176293930
42291846
2925018
227144205
161310614
192224316
36283503
178238722
36639537
257533798
196394458
235968846
130607046
171862999
188782600
174657068
242583472
237505377
83207470
152030264
167515836
203760485
186044633
80466527
267966905
104780045
185530032
240841169
69097060
86206036
218780925
204152299
96455507
110773551
96653515
116777610
223637151
164835185
112191021
202340809
134403470
147471059
76691867
249261190
117038245
125898078
94530070
110350375
126681186
216994349
134494444
102597526
267294061
142837745
68945445
211420393
263465032
88718413
164584327
12142714
266434045
435197
124355297
172815694
169534921
51111618
64179801
224620420
27510228
26653904
23919883
141754916
113402571
95277167
99989068
36850011
43129242
20148411
86235662
65008979
232469544
382702
70903800
93259984
7427844
107707594
240518794
58107709
60882674
233203392
23880694
141450246
249416196
261594009
97134553
174169001
101098420
176368786
31180759
188320670
42609960
215036203
171580413
6014079
40088783
257867907
237364264
30345173
3716623
81673868
148420147
132196203
15742051
263180533
235552741
93369883
164324613
215364022
87457599
15281483
157698842
54981410
142210493
109721513
188545053
119027852
102753980
5663081
210228628
12866700
74072605
200524242
44722258
128223962
167463431
52563713
6733243
7187549
26866964
146431706
136625509
204008439
163973021
29250290
159670041
93597987
262806120
117953629
143448450
249674110
17242686
80990697
56747893
158401259
239943827
151919944
7352104
195706735
233422832
171756051
133361381
165376045
152341447
146545324
246765176
129383062
199520706
123947739
200996821
1945549
24543723
31760457
111295347
50753450
254727225
142011771
247028683
263803684
71126712
188742626
4005944
46467917
205912257
57725760
115892490
122639137
33731620
102348212
105601513
68262527
265383840
64101119
165140722
133844821
233426417
85154238
113848863
242337621
14012305
10759933
147811998
223537682
245682970
122356850
202420224
119620149
161335238
219691718
124818286
207626550
60601833
267320154
100228432
106207218
97744090
184518516
89688329
59744890
36197600
211772489
165288882
205894979
5085910
175977080
146563007
41337606
140961363
253945321
267853499
190833801
241440284
970851
228321716
141643401
131386248
247125954
113457833
98051442
158288813
41733483
129223366
217119263
73472818
26662599
75187560
247538293
51304444
67257799
132506475
52447080
40260761
252971439
192570068
146711636
147297512
163713893
223675303
240358077
10616698
27720183
151901634
206254084
216907934
62634995
193752253
147056987
112473385
151349505
62600093
183609130
99695967
8347861
99917634
255711837
260300187
115968384
137880887
44106013
255666072
176244775
130706124
219351645
60682678
197314796
145163510
74993344
266905169
152147898
131216223
119239327
160850424
106129766
242215151
162910607
192597552
8397230
232994928
1030586
3938844
14345437
228928966
66132306
124213408
9856242
9549180
115094398
238946872
64494117
201039908
178005315
54226129
88593494
256478706
3797557
69568907
126852528
38393539
261501152
94891254
218260889
266679851
101903183
16194653
217958868
260749373
217456649
85355212
257547269
175770503
180075607
155631730
203871243
97790994
156863233
104483100
3339635
187659315
80512598
68086473
208809338
18658670
44544731
168619963
130417784
158902505
126041450
135407141
198249820
235985736
178950655
262244875
139799665
160278695
257092218
205253820
175960815
107161563
62456996
236625730
177726849
245801026
57430701
133969771
58059678
77001850
55622853
169903187
30120526
198805617
84377063
64558932
47619674
100670908
221563589
258231171
77244229
225923714
38365843
102518274
89865232
101271695
144259266
14808801
128975522
16648690
232593837
123104039
68560967
143856193
7429764
228461393
16191375
169488305
73261574
48721778
243723757
30638732
22166788
35666895
200692034
118780970
238090213
259670443
4654990
167660530
250799178
916581
187977800
219112036
6187234
65230657
5277048
36064739
4724748
70811339
161279380
243768918
200916704
142108925
217402385
198032847
171837613
22221388
12833029
266848303
234732696
139908059
112608279
189291162
181425749
39130014
244701775
39572743
153328510
18587456
119998367
55747989
82245761
229848800
218766006
255958140
37029266
101827978
131474060
133538220
35373239
31187574
25527820
197106744
234089104
226665561
81572009
127642200
7301708
3452092
173088685
129334384
121274913
133774976
159450606
49183820
249220845
40012690
252973757
106674062
176449845
181556713
180656150
171743474
23980512
76465621
110332423
251521968
69294333
208145979
193207203
34576251
79569027
198788006
125570179
7850527
40923653
68627046
43263552
23421177
4383343
2194582
247786880
172846742
259340603
258884026
247571658
171910306
105132591
25399704
154643407
256409825
19494597
256721788
111239790
31808972
20143757
127222906
173453357
223596085
227485470
266826147
174280763
268143552
98698636
33601727
74620715
197044452
163612673
222524464
87687407
167578658
246715439
104413242
142396817
261518929
104155460
43795378
232417685
59641420
226342838
59055498
110413774
85468374
783882
124601665
205210922
262584316
130991325
192813672
166660697
175230996
212009284
185545192
219676740
106677885
155144334
45205017
27937977
265890157
183055026
236337136
64313732
254469358
260280867
240530423
148859121
263585765
51909551
19193227
10402999
191697625
218885023
83907251
203617916
216187661
162890779
105844069
46730191
4415457
13833499
84471031
204603599
18552907
150908755
2864371
175702040
120647879
51967382
90134216
207881625
192893052
200049203
178802539
115461071
24100501
187501608
87109408
150055898
108939354
149364035
170242219
50244339
146111036
235063494
159202406
131523147
67713012
232773008
212253554
70666592
209798133
197273592
73202319
115379497
249375499
41871455
117236379
212655377
46239988
172898103
169678575
89237926
21309879
127703177
15804272
236832972
69963471
261513881
7459036
182156150
139351334
251062081
206471593
129955689
187285271
178185847
132229269
5184833
209399426
260801361
142367741
246178934
47047826
121342811
137129738
39120453
57432259
13719128
246465285
61933118
147883736
28372632
171276701
244415516
200115160
94856469
67545816
68813102
179292020
153265485
3257727
59572780
29468314
112749800
171601377
125624985
162858392
207712346
105491562
235968207
195806130
112264979
140311256
22743085
214859153
178394481
172891604
69863733
36695423
213382852
231117467
191513834
161803643
183102687
44300650
219013700
96469557
132146702
171671914
181927554
231556779
209011790
91736076
251681891
108827680
46843162
208192735
146812207
129409486
158330074
228170734
159577505
135329391
208808071
85263382
58103601
207361865
211047033
178224443
266081281
92291655
245008580
206251028
142272038
187730726
95899847
153861251
172058348
201076148
98182968
14162180
262700380
265293098
33990308
160232651
116249664
197559020
139069385
183284619
264587877
26246777
98486780
8272231
247492226
11621327
211679154
24085879
59756296
222984123
32014880
113044894
244793994
204168020
208991439
168654194
87255178
148804942
180552274
27238583
199122619
154071931
258328932
81402346
264383989
268118180
157660589
191873390
256689719
158047871
8438446
230612123
172169077
35214461
78596272
251356534
166824033
154802746
228914681
26288509
137824059
154851379
4869140
13421606
104473273
249990763
109710572
198480793
112459449
80690872
118977627
15792108
204778231
71622935
148276556
32462826
143882875
7149437
181835436
87377479
139840224
241530107
129711618
268196273
161660668
26511831
113059918
30419006
225264522
50679671
204338719
199489828
3350215
88120620
158417188
191720608
191711101
16096294
182852824
256674151
149792708
107506471
23843973
149250768
138145821
223624938
202927268
9172478
118249643
52023343
157315081
261049189
159403762
151370206
120033065
217088699
66133237
168646793
267116490
212954330
244049489
204545395
114461214
173463515
232769261
153414375
64858363
191942059
34905688
257530837
261182881
163731240
130782915
126394832
66711984
182621648
138407293
75309475
198969598
62933544
72607611
160757800
249193210
159107775
255128818
129799285
83272309
175768752
28530760
131529931
228587852
72004266
23951281
147136058
70397925
185015746
101864801
195062788
226643884
249124628
157136171
50434668
160317247
126050760
29883310
137079426
127770439
259127907
9571863
65672031
208546644
157308925
96804360
188568887
220454607
199447816
9075876
128459198
100454710
20557855
183873648
217729901
112573739
244936741
247234987
94714921
244569045
142238507
177342360
107658137
41622702
65509113
8111847
95344701
200956659
21632196
110485929
163464736
144758082
105665341
189203570
49514248
113364847
156787340
14353038
212650320
30311363
198732666
144814881
29447658
169256801
140217185
201348964
12315981
183104741
213417367
207551441
91366139
84877959
188023183
261269632
79813855
13093834
53090979
36727938
125656337
142949876
186464704
205948944
220300652
240630188
90286601
238472962
183282625
126466745
80332998
132032288
176546781
126259369
249756933
228429447
53008632
205686418
186876308
139654717
175103928
40441501
38812961
59988180
127528913
232296462
10126434
162190178
12800053
53739002
115345942
99886725
186002311
155446922
181276077
78443051
54493226
231710630
112140524
52838543
14547794
206575524
75494217
68753985
125602096
31198462
247221979
225775276
171934277
248969006
46936780
73840334
227535791
64841895
15042487
264546236
252490303
21703984
184127479
160721844
8449888
244287930
236619667
263856346
50574141
70507012
58886564
136123283
14036800
187554989
73897282
97396033
164380180
215142360
216742142
183925673
262261756
240124955
75898149
115899200
36276710
131908926
97527968
111963769
7571249
253698684
179314698
29522232
138024099
16581949
115692966
200308525
114518671
87236101
163233937
97024822
105864869
132266892
92612408
189959359
215231489
141810483
266231995
155123785
180841282
170097401
231252165
200394795
96467210
59025248
11306259
222044346
201531494
200434595
53222227
217774636
74032603
237330732
67406569
99565039
183040038
265990540
252881534
132503007
108759050
119930967
70792181
186780882
86769454
4454939
153072778
131966408
102139121
177277195
121843089
60727995
263087716
217060219
99612469
265036846
113892219
230017862
91228180
69350838
266721831
122273500
91099269
17611117
236007332
177699917
18591305
191553424
16352322
138818403
203551278
57267698
39830981
244790675
99034982
124707961
28728087
96519496
11505610
32575556
103742425
188433331
160727548
99450108
209668745
83458302
34581270
195501416
141467282
107038041
107201362
251643421
109784023
203358328
203372061
84450215
91296539
66074599
18126929
232550704
194470846
207099333
188857239
2598349
79170171
25614019
102194637
34504517
163497479
73678216
12170740
105909463
255964651
267061360
103996823
121849255
221442270
65273306
249080992
28748654
78141481
127934534
139927983
252097550
169790808
8846070
43252169
185017786
226046648
197407968
87140600
219295772
110338451
15437666
174137688
161177759
268425272
214720980
221187639
72997810
173911387
208948020
138073370
263469363
15422823
191917278
51435101
236581290
22269321
164231291
139006632
44058677
40082714
46291090
70164250
72678368
13195210
171436343
10121974
106807954
142653919
70247566
15511449
253686135
10235426
6204556
262033894
189020928
174171500
149102324
133961462
152290376
50678448
60393824
158582642
130409540
155067810
188575986
254736380
138588892
3987279
28602367
122250920
104178361
225814848
62003681
30726168
213306710
124454333
81473954
2824154
254650502
176838812
101458135
90305398
141153128
110647182
230522622
145109590
11571858
104725350
100221216
131555898
91098720
105277821
22911514
107339584
244346346
128572764
144119042
79330411
182372101
81426349
197668300
154280274
186921561
223094512
233200424
147533819
102884542
81221714
74452543
1026576
161803583
229135024
261660016
98754849
1166730
210276621
61872841
192105391
215731487
256209644
84854348
133592728
210595303
105328775
234692090
153903999
14327285
177994629
167296460
195771789
128904548
30373890
246496951
122667225
206340485
208719339
155304005
134430090
230118069
82719975
134719483
114146555
178606531
47625925
99897574
96208067
49371298
166904196
224336414
17583323
123339229
90281243
81473135
200072584
210206157
95532767
20439682
1275147
113811199
189753418
247948449
140306521
45062354
16905784
151740377
171113952
129917396
42065833
83405632
54568103
241049089
145029999
154087974
172500728
262624308
17522314
135249442
57587146
143232925
200086366
13037662
65382538
125066565
209642673
239700061
182546313
109928521
29260136
68868906
228924800
202852098
152380767
163372078
3258051
66924818
35488
13256607
83381926
22265584
246135491
179839523
15702580
234308662
255885495
2907068
213404288
70997730
243228275
22151142
77502981
81599385
227277292
96392077
264911356
7134702
248665004
224839497
128454994
73077862
113936458
29104230
11894405
248340024
230411558
18090576
119517547
78553744
2516843
57330048
11316033
200975311
140044973
91735881
182323411
82820852
114376024
21993065
203917220
175311973
102349796
169118479
185858417
215234709
165222840
96861261
135455996
191912029
233725135
36579868
265493279
144780257
185026276
39168426
123300246
89280011
146345576
228027122
150470953
151676620
170590430
28473519
160427914
59181511
181877923
216625608
265996589
85573722
183602384
34515223
143913233
50793431
19304333
171248378
195688572
58212242
166730168
117065415
245568340
213006911
181451526
150182631
130511083
104649354
261706766
123431550
157803631
4536918
54179513
137722746
182931412
98907381
174103279
84430331
105125194
239705414
128466357
54207957
118076624
8978863
195154233
241069175
168320748
75550732
251245556
30686009
245713585
187798417
221437900
951840
268085068
219335925
263255295
40301850
7281485
216620688
15623156
29468902
201705120
206553033
122538305
153977451
142888320
165252986
60054523
176585584
259200761
145003551
204837755
253242228
41999161
216897648
55950256
102670241
259559788
176860744
33753108
134390793
266038408
236390035
7571079
69705958
75595474
170004848
3760336
263394825
57469148
216895934
210672658
76329503
87567061
77646969
136328204
186796420
125950657
115806151
129469926
59581478
127453796
194173179
116843122
109381416
35910998
24589006
209837473
59061127
164518392
2638393
92553799
146989255
188622075
209633275
259277914
229888770
116393980
221188883
253947819
105539418
238604717
244119235
36949178
184666163
129809662
172648663
103453533
262873625
190547094
74013663
224693176
38547171
64624830
25168599
222051020
39342102
48141746
157293875
239576767
11642292
216701021
142526519
252476789
83837621
242231005
21769888
27658476
161240341
25498592
104422419
155633148
71358542
175419944
140075189
35675387
119899148
64861873
211505362
116491701
164981520
91425007
13212142
95160095
162916648
165281994
150060071
70413138
167992631
162784279
75351278
26273644
35845383
67935519
191419242
41792878
93694671
194421128
79830909
174712080
81208343
198001635
217130131
36936264
243021156
34565713
20469477
176945154
141970893
35932716
115107838
202147855
255161576
207844898
191693751
246666465
52572814
245359094
98936150
226183722
175263128
235685130
104306677
87890390
34746077
20359949
31908393
110387900
257789402
162829531
238155990
5746177
219772715
150054386
236813841
221349375
253633111
197785729
263708172
10069329
216434605
169492757
261446262
169411779
27610517
219625516
19942335
133486403
263351642
243968204
212377287
195430287
35844556
220699985
200593159
237062771
1898606
134326198
249913202
18251391
225910023
5918663
231570370
152624219
85729755
125745682
2026385
163759779
85354081
22050753
110434045
100066057
238075858
36252045
31049041
264249760
168479488
136181985
42637782
17601455
225646931
154216226
167315828
69788229
20190179
41818362
11736573
114409858
33877226
184868711
258247520
235914987
156920108
247465297
109157840
64850595
191490099
112334892
60622971
171902618
5509936
193594157
151574411
150358529
266233567
58980462
12294733
105694839
170126098
137051277
139622301
185058523
22774040
41305920
190985489
253615657
9969872
186052692
215313795
34598776
240546548
71523182
139617188
13134929
147715804
57037804
224010709
159567614
222438409
103088104
183237979
112539656
136377271
155674368
174061764
7654666
233163131
184921600
199220578
43607785
15168828
66843125
256399476
167135738
96246610
152106697
214010940
114850045
68964022
29131910
42524192
226357373
116945020
126779037
258348033
23835007
169442055
186088848
244546634
38369144
17209944
72001995
222768380
240349205
156814979
257794076
63153922
30649998
151543210
101336479
110063375
236336306
8938919
111720786
199919604
176811724
118986724
221503990
70482085
88945024
169483819
67008789
206649980
191049505
174376352
106292414
31726231
50158905
136583542
66607114
27380995
194775944
245619626
136932304
163671953
24189325
142233489
118787143
117717866
40335112
116323372
5021373
21306264
213123708
76489618
95058526
94651367
72154273
128755530
65936228
227435460
47667638
87716593
226839321
33397431
182571037
157013193
227176273
257164231
105453001
131144446
180828872
57216393
126345644
228049531
256201872
147855578
23472530
120680929
145158895
560436
21687776
15165386
161639008
237920360
204839957
232976354
157002138
185635954
56326032
34431483
260381382
39030624
59312497
174117094
17468824
188710334
179450600
24074857
2228749
255507845
26435040
47497040
96657382
215727026
256498247
206222338
62580129
253967132
55066619
229799894
34338727
135759338
2123807
173080140
215835076
115342439
82263219
82516605
95057040
161719924
263958899
141852957
79804996
6069920
168328653
24964869
132628690
85200752
116985829
64017562
97723843
11476365
167223787
106816423
206989289
189600359
207244074
187123212
116625392
221643414
119893923
252475302
125434630
139770115
13392854
252276747
24381255
108757556
105994545
92415173
91555851
227423903
121372785
265840315
152355493
186504253
233096524
37869084
20877296
22933520
87283501
82911827
237538228
17969524
214656509
217128831
235823046
102395538
157724957
217404882
37453053
119355975
143564229
242055128
37536265
7100729
255441648
222776036
46779851
100984676
177437452
106601500
90232407
70446546
60355682
241880445
156855540
164498626
266642386
24226068
109967354
262360790
71921745
228714117
229868921
164466498
13791248
71409436
219540414
112399703
159509703
139949393
126481898
108692262
125492729
201485025
87847547
250760463
36129467
51303565
13171026
114390879
145246495
121575160
43373875
175154535
172671887
257896141
96922005
31079025
13569701
135431715
181815891
144443641
16525121
7257526
168624677
37241815
79404885
92818211
87116575
63072852
21817984
254989381
181945414
176661876
38344701
158197685
177116779
126585361
198775641
163813348
74182832
22495024
205546553
153241394
194878802
165987539
180098634
188424836
248828782
56650479
259178937
148609696
78592715
42190210
246422147
155609209
169324990
181350126
219899284
203087025
8940769
240005043
255749233
97112882
232583681
235870180
263315162
126170000
193656489
238830179
27655648
38762479
127982224
251793785
258214297
244745708
238579391
230388298
122234612
255490231
186122094
191974356
226936471
131763808
195554731
223309500
263755163
268013404
216904725
29735559
254873429
31575279
266680890
151366608
115361985
124967801
202720626
156958021
210327922
148936087
115212742
195163147
253941336
194455713
54226932
54124989
87283973
54579675
150217522
101402457
50691611
27975378
80148779
243894509
174185746
36668437
4704134
143883243
95299688
256453505
262280702
230463122
88347097
194549271
87850575
239106568
105898724
14394248
4847911
177569308
52482741
104454086
205424633
134515517
142589205
266853092
194829137
259756844
49202660
251335680
162271605
11294138
172922153
91360511
102862162
262698767
259655122
186187566
226884480
6135513
203152750
213850266
117170634
40028728
180125689
136403812
184514115
63533311
531289
112430016
90718584
84351777
98575770
120752324
175169680
64692848
37926630
167972082
123759403
119141723
45328934
39852318
31650374
259234450
154514910
156135673
153619866
143661343
222269237
11745012
38198869
3294920
87391750
36871333
65978858
114855888
96971603
152840527
229901488
211454701
218120252
243097027
242876216
98761967
122531226
60434536
74147907
178513542
155566231
148727962
129937029
6277555
8997243
96078171
217083547
114146783
42505103
227694155
145819639
174481071
93312807
104598073
204734457
264494104
166508425
235057151
233488238
96077393
68069020
185332380
263288190
211593835
232266108
121382728
245446501
252500399
109169999
209471759
98559382
6591298
25798762
53999175
224755801
204442325
251149536
228822671
197873273
182824759
264971438
122511342
257042176
118141198
170065522
14581101
96829647
225105437
186474104
93104489
16345408
153754197
151829678
82546378
254866517
117074429
97247399
149455557
249065015
185990214
150237741
132693572
264815603
142465344
193089697
102390297
124671785
251019735
112141162
119344732
58547306
2129605
80032186
243047174
232894240
26096589
260284427
23541149
202998751
51868862
22163863
40981099
136128950
149899279
75976683
226586534
150120293
263720437
65176984
113659863
77429776
24620891
26193995
162216998
15121536
6067524
33655369
252132869
49299598
255915557
128376758
25849649
211959435
116232739
2910353
167669110
120628616
7847306
136637878
194524510
190319158
155181563
171730749
122887127
11415103
258220831
38175074
259538296
99902064
248875707
60801644
200327979
204327028
213982005
104629985
171938701
144515532
15023831
205980992
187103760
151369354
147065414
213524157
7264173
228838473
160072577
86362283
235319077
229665964
116699662
203475669
88834250
47015391
238390970
251558070
242474325
44267945
261565784
239749270
228349838
239401696
201126355
142613088
225991294
224998490
36589373
25990391
200554916
48077823
36467661
252349363
259369654
184908837
176848749
148162861
172044446
100201458
213666967
31822976
7306856
93434755
264239590
214989206
129720097
107191908
16469436
191183890
245265527
6119500
261752664
1568414
95150461
30392173
205735680
62855708
218608570
94417565
131378095
154288602
247982406
30379610
204375827
263093284
136239054
98948185
174576866
64968758
223929826
108213932
181184238
115083044
87697871
24781227
128669277
110290134
15680893
258076427
42758900
120405171
66634081
236351536
17312761
17785591
35718106
30969004
245517022
133504679
253267086
125916768
200787874
98041653
31350043
137918880
68380786
44812086
8118680
112294786
123726035
189411876
214477764
150549880
233188190
65437367
240458318
209286182
61402003
244460643
189789011
24858461
33870421
79459802
103888126
48879976
131079042
149111525
191161529
246003154
170165691
209619911
45071537
105729088
53493555
131626982
25385362
252262810
252294225
84772972
261328858
205319204
69364512
78923265
65287001
131533206
155791580
143229497
200467191
261624461
119626233
162234363
139957627
18725507
9632756
93271030
72534620
63884420
233262762
133338794
133749731
69589766
11729355
241719897
154356635
115674812
201615119
184239149
89314177
120284569
46368870
20742409
84051820
240571860
164767335
217477026
161393476
221380548
150368802
214510176
71783670
247532191
210229861
49057950
247846137
190692505
253975089
221976424
115644480
74130996
52954548
124137208
93479218
204857383
68653816
191311542
141196913
266691404
49807260
140833222
158211548
152655000
229551096
1860650
158520330
148485145
131995584
34764270
180722705
143010503
50990455
113724166
120796690
82298739
45523565
177258503
98138176
121413038
110291766
211173755
146732108
33323913
162244284
135341801
98361983
241872577
162918934
166480433
30901471
137727692
137818938
233580932
218134664
253683327
214965470
12955927
193837438
237306917
81862833
253175912
36658918
231041243
186510570
59628634
220970920
9550683
158759507
163196645
143144503
91714202
51882093
84768883
78341994
176472003
31237643
61169877
198537645
151303859
120062297
21686701
23118523
245967770
249548726
23796361
24352201
167310256
36682185
4409408
170054844
149802933
51942574
199555152
113160005
37992194
69680593
255516709
106111414
165472940
234306623
207232035
261378401
19417539
234455519
66519548
255729142
204818838
37555677
124967287
145094392
267992747
119510454
180792419
202502976
240908607
226824867
56752950
112297138
94172103
133022176
57202533
255752493
130798150
41935066
80402238
268397490
46454545
262699870
93961070
41944172
236872767
208278768
75389182
201500331
226627957
254116413
54424436
262030360
138068931
56414995
91569282
124674632
79472381
214890216
217194046
6606753
5189506
253067522
194779141
88005651
208244652
178817898
142404388
144212215
165498697
41995712
110499472
87426534
265356022
84942495
7740623
147236110
4137076
257687457
18864379
154578432
91374230
101963513
213929591
136148822
127669217
155935628
124774770
126268771
32549865
51607130
80974151
182249867
32345500
17871810
221227039
203500525
252734116
122331054
259568164
69323728
33451831
48143066
175428502
217051686
226431033
195212486
28975070
108912270
99832071
213338643
196382856
12961339
209700605
122769691
215240480
40404265
162308039
98789725
260467028
237952702
76327541
119360130
219770680
176119076
210670695
86066588
178058404
214240793
39454854
247953616
228945418
180014246
221250872
57396118
1844997
175493872
225332747
68863562
135240463
178595126
243929398
69984110
46247899
80640308
137625245
15529493
113255737
49155087
43340965
147332872
71180063
147071889
168719581
192223939
41136803
26746128
97945180
166039399
62990605
85066204
257231621
233918992
16122838
233988534
20734729
68048016
108388990
171832547
75697666
25119054
22210705
204809447
267165487
105087738
108689207
114318557
32268479
263873824
237363929
203615535
218443028
17506697
148049553
138321900
55669469
213688809
245592179
91917369
158240536
62640510
121557552
38604370
80654551
225526250
149509690
24926096
178796003
225952708
98158719
129456966
195581318
262346725
36177667
74393263
140097900
166398661
232801277
112701451
239944636
50634038
161611785
186627019
240299320
148246991
151369388
121639272
209192760
51592708
141500462
224937614
206589473
28042301
128197143
105076088
183229781
153430717
192134432
12436225
122272751
159873234
24506488
166787246
53754769
70510448
168393542
163635344
95288954
34108367
108372386
220208673
192529160
206199220
100263415
84874283
10978448
121321227
134161752
232359480
197853641
173234624
117512034
165724704
138877234
202655907
164291587
132281484
26245257
141104852
241293775
45487820
81673550
64915324
261532446
259528802
134620490
115470256
253533600
193449266
238894402
154807678
149208840
144295072
238228974
148362986
130753465
163928862
173894458
217636339
254713955
152153925
215195535
151237304
103061261
225421035
242370773
241418309
31618034
133904149
242479750
91181488
97230112
114811280
149852256
51222028
236166917
252607713
14860325
226489583
141326983
18736704
194679195
69044977
87662922
159503664
235367873
249037870
81424448
121185202
214480111
123277574
130507284
64817561
257154497
109126469
186087779
97616251
59079091
67752293
176893324
254456308
208398594
157816795
52234000
228842417
139096734
199441145
263112138
12275479
68362380
64132789
236262085
98828260
70639281
11244143
156596815
61880992
138363838
68232746
10603455
213087777
227600591
115827620
135738848
65173539
198073378
135148072
28167721
67038478
132216391
203280309
160256534
142009537
137050727
184814403
88997171
81730829
256145514
108576028
185157921
157403907
199231124
58628574
229536619
80682865
149779014
179071422
106622421
45201829
165113768
191135371
77886204
118273325
260113669
150128032
74886149
103669897
244159215
240227311
172019559
228592278
68083098
108423591
220673593
247199286
134191028
102474103
241893466
91564120
177374343
54042085
51252943
114595844
191450629
173327427
257191225
188102339
59998974
190316819
46925166
124699986
133426341
51901320
118635328
55537237
253628928
155845293
61744624
113540752
208338067
223600579
1909981
240693587
226759272
71622708
86541721
172337930
221916577
240635278
79225564
110134922
41124296
13182430
74774270
194250507
59918997
58948357
170815478
154193216
23225392
81581368
58018911
39000536
85805076
225300489
35929959
209587633
170039824
247466011
14464187
100443763
36751934
145451712
13499226
246826473
227717728
97763310
71749318
231332037
159554889
181051498
196567378
6014639
113159402
119777984
33013219
161073014
138013013
252567611
87448479
26776818
81889297
42659920
225125083
120086003
10196002
206605929
146190272
147436854
200550499
120840014
32276553
218679669
218280656
35660381
241511021
36074222
140568496
171390716
184531561
195326860
192419645
231347271
252175770
87426929
197894296
61479742
238764537
240176224
10749669
10767029
12741393
111208664
241794781
130006243
225931804
61187525
73224842
92554881
144688717
24404913
86561056
40797427
100287093
218678645
77119045
110841979
149739056
56880940
30806826
59912314
221465346
74501059
162460141
127004996
248173668
19238738
135588961
94033617
260257099
127542755
236613212
7309731
120909099
82230469
205837587
10951457
6816398
235157112
103654079
238334378
185174308
37615396
2793393
263817088
45337481
2863332
253364951
144526154
184515343
199452064
95795339
152328234
64125717
36709636
80036199
243940316
95650469
225447126
232016373
138401000
82588172
154325567
261245760
86249700
12445205
248450789
115918003
51277727
2049543
9931699
163379616
208533983
248179414
179082088
196411033
250618807
134792593
113449994
76870555
151123406
199212967
255937154
175244014
180741840
156775664
48865903
121162871
211053303
133343098
200569946
201991727
128711351
112587814
9730106
167194913
171442660
216400906
141268790
263553894
52283871
215154453
120422761
210493632
85341767
72628902
189532981
180958997
100987546
107975380
160191635
195117222
93181349
200809812
199746633
177011064
79648110
51890550
34620058
63499244
230840973
253755767
108715773
195803052
69908167
209264726
63473429
215900234
133327459
120562244
245783550
133714763
93348656
144932376
148260421
95597796
103371095
200194163
166413968
234758835
178924769
203090387
127242381
180059362
236094296
95243594
32762003
1908381
264133391
161605774
82781396
91864067
87848472
71954732
138050842
42518178
112919100
100556317
24150193
152445124
198112449
113305078
65275712
196307372
202696154
150549374
183640606
225100365
42847741
136770165
254346011
130975980
204285501
13278164
10182222
114851191
240384504
71834146
177611255
135900471
80991241
134964498
52151692
189996724
230780372
87421714
164491590
203846265
266418119
83003716
172088497
81620292
58697833
209135224
155826723
48365858
89901782
130453496
180206131
267847336
114397034
43143122
98647649
198872588
140495954
202622485
91908020
4751102
260109713
16565679
167060855
116989307
121289097
67924475
52537265
239781188
76098153
161717924
98292832
144698293
111972146
238773654
207386691
30303034
192286101
94874781
215662423
135842776
138193374
140794132
22966996
212805974
189861356
92271752
207562641
106261549
1556704
254750705
53317658
247631372
232094194
94023783
47681106
182733064
59585050
56542806
119530308
2996094
195126303
107128846
35953032
138793217
234707058
231536222
55400009
243935297
217350029
188443437
117506707
18430606
81709629
14551006
55413555
76442439
96810604
7931283
165325517
201310576
69007683
216534873
228846442
186965787
134858128
182589674
157058293
82775080
90075413
268302428
202244137
177634968
184283343
187472792
144491903
13755566
15671528
79850015
143617762
102653824
5121927
10297811
155915492
212079984
92471583
70934680
40353879
264237433
176607789
70978234
68629880
78280628
31326895
83070432
112320819
236818529
242451264
82588401
174129608
266129226
257336948
236587343
85860639
119069794
160142498
19562948
162586192
216262013
7609260
256694694
121739035
69592460
4312747
121746698
17169047
89939462
100870312
178219886
92752812
192761973
85766476
45343091
190031798
125530808
178179207
153924264
114622494
38235810
249450266
35210074
216767660
47424727
36227417
126284562
30796290
164258186
220169588
61942113
183340532
109416717
126831799
250016974
173564974
121528028
181032792
187474158
51498046
47300937
202506695
85743105
148331766
105013529
70969262
27285359
240120697
205305243
144513190
71387327
83189265
234892390
40953170
9388710
176078149
192643238
149896053
187784754
48315911
18928507
266084804
193455449
90131639
126532024
238409800
171068489
60477894
205314827
229598692
53381879
65013558
60645770
133956940
250964277
25730115
182081564
111043329
151828551
92535729
205915038
203923822
127918
185212801
142445462
133148411
167765419
259641852
50176370
239193537
92036799
94647547
187641807
84981327
32581589
77550248
26198138
266353557
115887402
168447522
14568729
215882677
246228104
132994397
135032861
37182290
138546433
108251596
34149854
19253554
105335118
14835293
241023283
49744718
242308368
266098664
60810086
84636030
41635078
164948716
152197897
121845792
87806065
32831878
67805369
124455421
22223013
157619514
168828397
157502625
166537863
264905273
207072134
120668644
169067909
201379575
199669960
102110885
48297969
253797363
89633887
202748159
221779273
206722410
70795367
157925056
23155106
160570145
194355361
52362364
74173605
19236601
98699328
91154746
11463223
177423467
188391160
81220116
65736725
177390529
265156379
113821307
266938192
210064578
220880859
43418324
20310100
220348841
170529433
173772819
118857814
13411509
184049475
149393556
121876198
81100519
154965200
219436481
174564052
194589186
141751939
260793571
66463105
164208033
267780846
118456969
196494493
89111275
27069581
8773217
149508982
157931009
92476734
142316025
232607381
19474690
18071214
125207887
105985041
129171024
234854198
150163668
183761171
53285987
9475633
204213146
243815613
141398631
193513090
49207488
199582751
196492013
218235967
232618110
149162009
83672030
179915218
80823099
204006725
192636789
180953995
139638831
232570910
277363
156180843
120064220
161838141
266115951
60335565
77352889
190387428
61185104
252114893
77351691
266296570
263585514
107364369
210586818
123556475
113688910
176510911
246417603
89495077
218620697
257783674
43151464
223015003
258273213
183475672
238244399
175872361
203811842
143567313
50379881
214747069
121621109
156308340
91002961
235576842
106994222
255812730
51410424
65007185
168610677
113770428
92197721
32242156
176913260
130673680
183002193
24777131
57837015
186388693
71154010
168145617
183721332
267890556
184444907
207002863
219495207
119983668
83030575
53867748
224331506
241685905
1646660
7064776
5911412
224652635
223163866
243000101
158564523
42644076
226686031
28526456
150416901
15623999
209916009
134107895
43856434
54134895
97988572
200119900
192845520
252581488
125100274
41113734
27215689
49525834
141901391
48538713
62669109
136669567
63042737
14661326
14928655
244089758
222545296
34618367
186784225
45334218
249654926
164988920
58582118
60565713
83422688
210862087
267334192
56516509
178546415
230715724
174172335
218395253
94561243
79465361
228557280
78678962
197363761
35756897
206799021
252877360
225215041
102700920
12056744
99338714
253684771
93364213
37221780
15584610
21057246
2536386
201807899
71722364
243185544
82622086
246099328
11990594
33586341
258303170
216677210
60814793
180969876
9770147
220538903
151277145
231198479
182508524
267410388
27394823
239741393
191713880
173733685
66269884
235684327
139473320
246952936
64662418
241360940
255808580
255485319
138021829
41398064
109146112
157085412
22596899
254919909
143265040
134817509
264786200
75574417
153167915
182134075
97612916
47253584
7364620
34919607
87121976
108968631
38122673
107661484
89231646
14775130
179193866
140187197
115013712
189345337
157997537
33919986
167392463
185842506
171977825
199608827
139286841
164586192
5160908
92490071
101952983
73365839
118587237
66216510
1074313
146505585
38611063
31484892
101426818
247522246
49211637
150013730
77321576
117059832
192540296
50608745
182969224
112001037
50683701
76146349
129512178
55986451
76033074
268383202
256773505
252572766
3440559
249344306
268363112
87129869
87856743
48797410
9775405
168376083
221055302
181329860
164585248
165773575
190519416
235609275
205828719
219488626
113269355
254248345
236557357
122559168
51098847
170102087
86568963
232308055
53763568
257138491
162011265
155901127
143798887
141127841
126830042
162618427
235827291
83397714
84394629
176226346
266579003
257182729
13955396
198847654
84180575
135737468
125968986
129596512
165099336
52338216
111712592
49013044
177204249
133304157
72299522
161842797
122252563
101393844
27239575
30315778
184553867
93400609
232435791
165895846
127928144
102725046
165745267
5443809
193339712
161684820
178588307
231254441
186104008
6523178
205564608
135465072
96125338
235953503
15176165
129789974
213922690
203807616
102393350
53768847
255266756
242489725
222132399
209053563
199511654
216079302
136762546
52607299
2917690
97198428
86252519
227313819
177057383
221281535
5843026
171450509
18179661
13123172
225506571
213940926
205493717
137320238
187033955
235240223
33896901
24762853
68949206
53273862
144305401
99448219
136102658
194106521
79232603
10480868
217810301
24923817
259178994
121177877
29712529
17417606
169900264
8746202
40038212
56466328
173630428
182517172
55441279
96146507
48923326
131573854
192864316
215299707
217016663
51412190
240739138
255874204
264496353
37897015
24658081
82419538
58263556
31908602
140324975
132936511
141582010
163751097
69930075
259598787
28905622
128432915
70086766
156615690
30285785
205314875
134949682
241618757
268006250
53658048
131811686
229311266
122059869
91215554
40531548
35821699
116890936
1848638
156578304
171992509
53389557
200307712
107790136
122184086
42607865
28037016
174494137
161438532
8689328
197842978
21750049
152158323
80960491
3464701
73350940
126354014
249219180
41148438
152458858
146415318
167022172
31471114
261807122
97447778
174895754
235825298
110077036
67342861
115942270
204051872
245749020
118757808
208907264
135126984
149514805
216775636
140325957
56951966
248489779
196642797
76305549
34992433
162723913
138323716
8879304
11375618
185277331
168246416
207157181
144521589
77018693
129422370
247355876
114208585
24665203
106746065
255150009
109181708
182139111
121501911
141181521
81303436
239511247
190252273
117768305
78325062
214043449
259731750
15696880
78660828
198606893
121209460
255446794
88453391
58403626
36758970
94578628
245210835
157456580
37102710
71449386
142997682
63895619
148448060
71898291
199353291
108413924
266627399
48587392
250937889
31956131
10943407
10604155
115084258
120993457
94697814
145486033
48479181
218651183
55142213
147272641
170346434
108294833
187034800
164671431
92196692
106262909
160769227
144372744
125138716
46462537
2411354
194312433
103456599
197853679
111565648
4026313
238793121
102311340
151701649
184095236
44224930
143807075
114904254
89683655
31435865
258229180
122077859
192999813
121347539
13136872
224033052
87113677
268173608
172606983
150971009
168993704
114967367
171598289
105171965
151405260
57476813
225764180
100441023
79591694
70814777
112801655
226154310
27537310
182989010
154781900
148752342
121190405
90442710
109118533
125996309
90542981
68937167
57128159
216505560
212090055
125529648
170763525
178959926
65619700
155051386
151986116
192303226
22127213
219928569
58618398
74787476
164161422
257834072
155417298
122970411
101654042
26765315
36234794
175799300
20408340
190549982
121934702
54880099
10707852
205370798
106616688
69745895
244243034
224882062
152756903
217840981
165650421
155416388
18880027
29027781
172318649
35799349
192021483
175591847
14187375
119384096
133994115
126673504
202064243
198805041
113029510
65731134
115996178
8667313
265940418
129133178
102539999
235962003
61178677
154464375
170193712
171947727
177935640
47941395
59082466
12300058
59928822
208133430
70890982
232621726
231529069
45093038
118641493
211568313
172420754
64685636
150390150
141755698
30138262
247526951
106872483
225163093
80815175
266132843
67191643
255489800
88296131
51526997
223801632
43236258
217402918
181840949
238610269
172540442
147970724
251661260
117917464
194988770
93869462
149746493
228740091
231904337
41714495
20001111
164493348
35437992
255333172
95992988
40555451
52209819
62778595
236372392
108782005
22733765
69985632
143991411
39986090
88932150
268068847
127602111
7256126
207818174
118051497
55965098
12212954
178768520
92640269
163516188
250182040
241589522
200033376
143723647
190942251
198280758
82046311
267515160
242850393
228846423
221749292
188661244
7940214
119924092
67189750
81451577
132784463
37143948
245765810
165330279
51315777
160250130
55264958
128352644
219695016
111257502
154173446
224949777
225505040
109821596
221165475
157949449
22685600
36732700
182851581
199665901
8475330
32141514
113013220
168991971
195004621
36451219
123503842
117447488
137116311
45695266
252005252
263069639
9219138
14973098
89430872
175640058
124881105
132777759
40937440
83127983
32303977
184864285
208015257
179630036
201656495
120362804
54979924
634960
59081953
55918451
210817755
77340579
249693712
52957959
102030522
88702483
33644404
247663942
12978873
165248979
213559027
206942624
169433736
257637390
252968969
236248621
99411308
32513270
101975809
250314646
59785068
8689802
122878724
210226420
103083738
111854771
77871182
74558832
213756383
151668296
25741018
196653634
167531552
70465212
232817223
73085761
84809876
114906288
260951648
105046020
27229322
52056194
124771287
215289946
153455919
225202242
53904194
140195544
45355074
189620140
255284006
2245072
226912905
142211806
126254493
32155904
228238506
137730435
32388867
81060701
252397587
152844876
63484764
226795927
57889577
59088875
23353242
135262699
26285597
146482094
14228227
23119239
137410684
143489038
267396019
245342913
22771079
104575573
164018137
18205863
164735556
30508959
62495198
55229383
218028852
228708649
263323252
83249660
99243054
133331722
3414514
201936697
102977159
220093936
189496894
258849342
124089387
57845455
103907501
48331816
80792379
256920624
67430737
215524588
137357682
87199933
194999240
235461049
160239946
198183112
208713387
250841161
243848075
46437784
174808544
203222752
132836122
36429969
15559155
115391600
222406470
141577879
138881119
171936952
82784663
135800222
178701881
47647859
216934428
104905305
178411879
216135322
237175660
167574985
143000639
253689354
111431854
83421114
61774197
197464872
36190177
16941342
51647616
105025638
120128017
237941065
27521445
196928382
180325748
43626277
86223332
219654021
198138400
39583010
16384424
265965248
239305944
198326436
208735823
62336862
142290025
160783862
125834285
16735312
105821969
215909485
208323869
121733095
114321686
226098083
174444966
80727518
15892608
72980322
254078939
162984858
190202563
14946972
261178393
165680791
56582747
146497444
86070940
95195831
247049699
102109231
72718890
91282744
228072164
152483333
70495429
88223493
209805073
98224715
158990527
163997880
157239174
239743096
259011768
147202399
155888243
223003783
168148964
65160380
88854180
72961780
56806754
116995501
159616261
41194740
130131801
11703738
119383642
166095295
25430086
195472240
17434260
94395977
70948481
247943826
185615435
92774750
48420708
165537120
205038757
267171601
243791678
55841873
62149829
1999457
87148190
87067465
31055644
240484877
1363369
148394437
125528955
785752
139152481
100177806
232631659
267118791
41561702
77670034
256309520
109515240
63666466
23173240
141635223
70895128
29612770
229506683
165007950
1062995
13754258
134362537
39419220
223514721
201886375
131054451
72325329
229962522
174627037
55481648
210979961
262975551
97940155
81522381
41686699
68251714
166030971
181766399
179627156
51548116
1900267
107689845
40175060
26113085
225097125
196233890
244916467
142212146
155365293
73476324
134679221
32149808
78688027
14969462
92169890
15840260
215574510
33855309
13637544
189078435
16265053
77818479
193200867
91426913
109576654
200834600
100952011
77746477
100067196
4604926
104066605
208668989
61584498
249488712
31069337
92905197
236863480
214848102
74389488
112583911
212615441
116796890
120794521
16917722
110982682
146558470
42081832
234769507
233579152
192298204
34220791
140578746
102481490
69384943
193151568
1757808
183215564
238215756
42988469
189368744
70659345
128068087
191637099
182800318
159338109
196593222
216996369
70039293
103660812
171880275
132286402
121051382
121391465
62341702
13847176
46037708
73085838
139156040
223712896
185276531
257486938
244507131
259555890
20054003
28181501
201398279
33981226
151646046
244448069
13115993
64920157
211469341
74015297
46310715
233514864
223586707
87709155
37217619
36001988
151732841
73282692
99074460
110598381
220057238
110671595
164059221
103626431
26488880
187039007
39839972
126895158
140530140
86599564
77359797
105646424
245295447
165414236
115527329
18165668
179626970
149732265
57960604
22851779
106722398
216917113
231989072
191187469
177214009
243209220
148552222
74571449
232647193
151916291
42074568
207437265
133389591
162340937
49617588
78144316
113059477
155022162
66572051
212070811
28174043
238499570
18976851
107237262
134371481
178497811
189025182
36175022
90634151
61068158
103305339
235656166
183515525
16960934
262723014
20838600
68887230
40747694
34835418
9167599
66911119
14901323
60693725
231739242
182202342
87888200
75762995
169386755
50541907
236264828
249520932
252263569
70092515
161597419
147241465
98670251
217160152
223297818
242939352
77947506
12289788
3909995
49353024
247908231
159404880
201239265
231278776
44214276
141836011
87031269
53280219
8396855
173074382
175304803
170280814
115836409
181049407
97887505
20648195
113998875
170718184
183277567
56415820
73860112
121559800
158896856
101261823
242551294
587356
124213075
179871514
89229014
186421471
217202972
108081821
163939433
239354492
52634578
174283464
190350780
6713246
70564699
76432794
10005309
125122524
52163431
224470188
156407081
151661948
103544280
81276765
133301216
151610230
18849579
246091065
187566849
92788610
18089972
13088036
101059496
108743328
213102648
195163602
211546282
25981018
38865275
10369835
71136624
174822737
257700194
133295832
15697621
242134699
118720203
132604595
10160949
249965061
220377438
178379208
52650463
46531030
235181489
86580581
224437040
190524426
123168885
188298748
141163126
204528873
170300388
191491483
207398734
248452910
223603064
116576323
217347837
108631825
123466368
232502135
99453388
253209760
254619410
247476039
109859447
203092896
231503852
14577331
59822335
109730002
155134689
9207456
74354435
232776121
90352046
59907675
60851668
260462298
53150856
173754610
124646563
266365959
86948507
175585598
73080356
63525893
50729968
129397297
235699518
67099693
112294626
110007023
265487850
137762057
247870071
97170489
122741990
58432499
8113960
64306561
103777673
213210452
142768157
168528690
253274447
34237324
49808050
182393048
192298042
129413768
113434746
159275388
104594141
148757811
160091624
120061320
76791670
116465052
205163516
8314124
7972343
104524060
40897925
259182672
216391716
99297979
6589586
160508383
151425771
74259508
155702550
154215240
76245174
237293079
73987221
216399208
89221986
260821523
254632408
94939451
183907183
44374904
233057403
187584330
209748344
147471920
196528046
21199362
101765672
161359303
217253278
233040657
38896677
30150607
239334851
157124224
136443064
218644713
198593399
26679038
26326689
102725940
156465584
148943513
15467249
17533114
253770101
99600236
259224618
137911967
251549310
53434749
43740101
124976712
15123928
224025758
223474467
45378233
252645262
96983302
223932188
229408291
202949954
166988196
218387437
84467369
10429650
97236096
100713525
25750956
50081259
84767147
250964930
118316293
116059600
84154281
183188434
150608585
121961196
88360176
188126950
220799128
188457672
142656759
84046781
11059941
82020146
36242779
101716060
155721444
100735443
83904876
148714532
132873370
162115327
179007334
90640197
234550157
15925747
72246081
190360394
155090069
4036409
136723517
92761944
192153577
139448119
51825105
31210779
22433093
222259768
43330640
120482369
36041935
152916879
86086740
161658414
159202842
7016539
174549367
163603698
58662954
38779555
80904316
215446286
26879351
255969104
237008690
242911603
11433485
211589403
99519358
18770928
117884025
142704257
206648522
100992373
102863006
239510856
113311201
146560929
238863952
252362974
166314798
232650816
260370298
138233919
76050372
92378487
130985719
83634974
175382905
245700011
54790305
200255221
78074986
217665554
93383828
4889086
5422165
18014898
47031601
29607942
222843615
253218740
81795124
83665006
98296199
228256446
213913474
193455943
154414374
264198914
231265772
250296536
186406652
253629607
96402725
166642935
42471395
13125689
187344207
39574513
148798200
244330280
117258916
8777996
88490095
102726823
165099591
157870815
229933920
194462032
176845012
187585799
150862975
260865967
92610475
108914961
139649976
15124992
661243
205685121
147960050
205885749
21698683
254823430
58285120
177582263
94418986
21512340
199561886
171212160
210292567
249029172
59524217
11826650
212234774
236477735
19610343
145986093
140827647
266203058
190101415
131249773
109382392
260499424
124353105
166101953
152883792
160900965
249106983
40010162
58185266
226012342
49807188
59346972
77765719
6128526
139418583
197303794
207364547
174310116
215599176
196434438
58383604
211336107
200897186
121235234
70619492
110669035
243673611
245132212
202061883
94789728
55951461
99734940
260630235
85975347
18416262
23562292
24712936
140070056
201728824
253138628
186602629
172445289
53923634
174398893
12345667
58449288
96332241
157490624
17444081
184915589
239711024
145108713
49629227
108863646
40114830
106038453
197018462
170087320
89771768
48968125
28877330
183147398
52056247
231955061
224679356
17717411
97591377
218189717
154287889
184834452
221983734
72819977
51275428
112331579
37400189
126278659
35310255
181616910
218514388
123297541
134584704
130444294
174116242
46335439
103388936
175370522
224076577
58079299
225869248
177507867
90304536
175552672
169283454
263865157
119317943
147514518
233367313
263932856
97011761
247814541
241923931
28520760
43610166
200555880
133436461
237500499
7901618
75037882
265603458
1817573
250110008
126029547
65677485
28147866
137474748
70646919
255690897
208333683
63931625
141438322
160532745
161225566
134897508
153111021
253661549
259848214
254835350
83166882
84765923
83156089
14451769
174646809
181304333
263079920
83525406
116574554
227039611
99967357
72245011
40327528
194462722
103557732
101067594
60505523
64304556
244252891
134701537
21397459
182504617
242593929
237761615
127288533
182942613
205101202
38461119
11594514
253203931
88027172
31372787
189187772
102744355
201598400
98955854
153154977
67216534
63776500
86255745
202760306
134805929
136531257
237233777
79161395
130723952
240260784
190802485
115444977
85380535
7285351
220951468
86592002
57585849
27813222
123322114
257575521
176263067
130089423
64720103
36399266
105702561
257491609
118881077
162654632
44285494
53895577
13608133
244780054
3494883
71026402
77033405
31641760
488200
94009288
70459352
24805009
252838945
37111067
56536109
207357936
49639176
129813849
127097243
77006268
133048701
73474194
188839565
27949930
10188086
178518398
192059380
158443695
92001018
148504188
113069566
144439255
68528523
152925013
223269639
68402430
256254552
234318105
92399340
193728357
10491294
199668929
105745635
157910634
251210149
204917994
13633830
41361640
202216543
197846645
148953329
185090
55641952
228003378
189144792
248304226
156222328
243641141
133632649
262739016
190246365
105832698
192966686
214645873
193245599
18606265
251541916
203014113
32666721
244604634
9075179
227520601
233970572
143670792
214583525
10049321
177822716
176947950
150552582
245085217
88501658
60345720
206275377
185248370
248295208
137472263
36953477
234361216
85952301
41077786
214817064
186025390
189377813
20542233
189899111
32685845
191794429
89352910
121656705
3938829
193716341
195676452
66252862
234881615
68917609
83241257
151496865
168836384
206519973
33720704
92252305
82069441
76820910
147064203
5452557
127368959
221919689
242695768
248282735
72118612
110860227
51716059
203789944
147751131
111836433
33753713
18745070
162740652
18293161
245722885
183858542
86393255
203597450
144109757
196593244
126124249
126200903
211836574
84464336
109703484
168017101
201555511
49637992
97329806
5473518
213011760
243651844
19354466
142517537
160185626
181815539
90104215
222085342
44274867
141421969
6864254
87204409
18225955
226304574
154152100
15550554
52538041
15667698
251989745
127703563
236803348
203322870
20851214
208291744
245969080
227509448
73687791
154221086
178070318
172790826
122355786
45644207
116107601
40739947
201343406
201938444
159066449
127642103
113888017
250856289
214905081
173038236
125703377
47489620
57901156
136373031
181493183
76810954
221721757
250260034
221325466
139397144
266533164
18807368
73951910
115777264
266243189
228661140
177689479
6873010
126695855
209405
247074854
173138479
12997919
218190582
140506376
167984999
231305850
66904918
241687902
157021080
50363515
4199515
193522381
207073073
145733647
235336341
44328790
30695304
744960
172710443
85374924
175535826
162245368
188992333
37458265
50866607
247744439
258455767
87076438
108065121
93736399
120843478
141644650
240620797
178796542
12814746
244813128
257851680
38732743
159030907
110207770
235725751
250343897
254990529
16517320
256848732
74822292
43374596
242150276
154363013
9316863
120880594
260296575
226137700
115850439
215040006
229888496
44013161
67082047
7609053
77964988
32276439
178101818
102120264
190399574
8007718
32952595
135129
31581397
188472299
100693629
105042351
134129616
129466984
204158613
180053749
260771172
163581631
21518085
18369283
240930275
134766311
50825703
226109551
108268671
232409984
243756336
161659848
77841125
187141467
2415986
111416548
6632160
59748866
255568908
174520934
196256384
35751726
263288809
36748599
203774667
73897257
223177190
133247000
104538856
30264915
75818477
158099201
225707367
262445389
96318999
10307939
151197996
240949708
196504152
246468831
173108060
30826902
170627389
152275127
93491228
114302742
171321666
191934103
61145126
141471860
2903469
177899630
8547123
113787599
210754209
226221099
117302719
8258264
257075370
237036573
131488506
27105458
39082220
108594160
197741617
124436855
91800116
39499505
13575998
185823877
17629157
210704923
105819293
232818519
97821284
11027694
256047276
217852754
119344354
182458039
129446573
29299989
123293701
40005344
62585056
255890686
87132950
131009393
76026241
32068888
236168364
76267778
41662048
220539845
223732333
240766064
10367246
216206206
198853463
234529785
114814724
8191720
162943187
39647884
231711579
68070992
41293322
216164781
27327229
75511644
175004527
173607803
238367359
235698626
194315653
43641978
138211318
180858100
192677311
65708149
34946145
38358198
28290459
118926188
122899065
16602734
125166042
99953424
217779541
42155511
54608542
69559212
194205588
70754036
178186432
170750802
28161704
19003147
233232621
223470438
231830632
163428192
146010818
166995377
12047500
167226906
134274864
267453398
144829908
146543033
203417724
3765195
44554554
11013457
148763565
216795504
15811983
58831546
138346902
78488555
252619591
26883130
144316794
257243184
133621508
8395123
7152680
136946102
8122954
150269019
86404112
179116081
7872154
77583006
129387518
45027327
233055427
38730343
173504551
158076203
14897551
230036455
109036216
166651644
33862208
70716244
156249684
70843209
189658018
29068579
163696947
73963315
61595104
26584219
240329528
196600425
77639479
213814800
30297677
237681969
2892990
115061160
167961037
84314315
87044317
107097381
186045193
131295730
256894555
130312845
13875147
186386510
124142208
104624708
114440784
227833369
165412347
244649256
2854936
127013691
171260638
102380664
26492117
250684029
192824434
20310097
220802717
90958567
72945573
253892741
230594158
62301412
185333278
15676513
90724426
97592560
170186176
262931536
203389996
24387476
123602489
240175152
260008122
216777118
23586686
70299439
164410024
38123024
62689665
20832207
193578189
131171975
233445018
103219353
158757956
257680023
84554287
91065027
124522955
31083601
163326432
227897644
124993568
56591386
147021702
45060417
866057
96241569
153131904
96687836
117579494
130241265
29220173
210035905
266752849
23457182
38252054
19696614
251628525
145180213
146959152
141527853
192494603
43278149
205918043
95277607
183408676
145885784
147371846
28899386
236816351
23687857
236819039
77748786
117157443
91391929
208520601
17709044
222198936
33556495
106483535
233749421
200278291
56065690
151697490
207774626
252410135
212663816
87417783
180428224
224906958
249351586
138393441
174768709
209371404
140793344
183674589
238263823
143957411
110301557
85250433
146037912
189027922
113917978
188680000
133694273
76591310
150152043
174936174
246120173
153665091
123249894
202485375
265157610
218045377
76902808
7293220
129840425
177693658
171254887
53623244
161722413
144644890
158534652
221782982
121889276
76117216
161384789
66267168
254668208
21486070
143619189
90561925
46499503
142240844
255127986
30116328
183176921
7478511
186122462
89296496
76626408
201942650
166885253
54719822
45248992
83963249
107997240
181247872
203040593
249019903
24617269
36382511
24798014
97474280
18685955
65215717
99690990
8125609
72034164
254952003
34409347
140309949
46839634
144857342
84478341
65460803
129264985
147243194
253480079
63615715
254277138
155124067
113650231
41755089
160547597
26344169
199119901
263321292
81325750
148071347
26437872
116732094
155930792
126388652
132446628
55081785
237950667
56408650
51823358
53861926
8212246
237580155
204467618
217620649
39142786
202197061
184661469
51425222
214007899
127443286
216085873
87491117
23515654
212122584
87146527
195721452
176295542
255264532
154825912
23124051
71696255
134701460
134767428
83492217
116485771
45238014
95253805
250999342
190322832
49004773
265137818
145091261
123866913
249881822
265234994
202725357
204607865
158379600
55695453
2628363
68136924
157355374
214949375
156928158
39019946
32398451
152408573
158198461
15428192
136033466
221604557
87801261
68616344
22354959
173105576
39887223
162685445
229020433
252256547
124629456
222239126
244128567
144420144
208099197
181915475
246576849
162865561
70430968
9256305
115933613
133151761
101877153
14838592
60150270
149055329
229902673
264136079
96300687
118320746
106576876
184093126
139700568
170063481
77109623
129522828
24746068
96208865
171738281
118425969
204892321
56622944
11454181
186935367
15870504
32838778
45622806
99174100
113413219
3518921
142614354
127115115
131283208
19764372
19152482
261703669
198528397
199393135
219706141
222365821
255440417
82050821
95888121
144015306
140148474
193963056
189333979
251924132
167362313
120358044
100929278
156945954
117701764
87757306
193810483
236502749
29939661
186562650
116287426
212573364
165788513
95521942
76202446
263499959
247122201
25998590
3302558
246303816
260732481
147971817
47106518
98173226
92526996
9138596
265807436
70480928
174143922
212523299
