639891646
707914921
797784311
802842830
564399102
747459744
537682088
550966207
540943875
725008149
565038460
652718693
579151933
760644032
723652598
654260224
668406068
615563085
752693936
700980626
681316291
540028694
642327474
782857475
700697704
595767400
579817192
571737446
701813433
795414469
567614727
570696677
647994615
572447987
591264494
583037916
792531851
786522123
755332552
652417086
736035518
783860816
740785572
712514158
707949883
624258162
758106001
569851836
686268681
735506550
702049570
675464781
572189067
683363304
674883939
797943468
744721690
751165014
708591605
733669117
710440519
794936251
665844993
799392623
637276335
793884671
653727175
559705887
632572335
616433657
738432088
715117038
773421673
559057788
731429821
741258575
588996936
684809868
668515348
742940787
766406255
768578433
686119666
726789081
754117747
586761406
802773734
631126289
702674509
580365235
538866568
539479344
736356843
686716158
540064106
660376228
596067138
682376117
654174994
569750316
789617230
618555466
688473009
598865042
621667208
572030211
682576283
719360794
662738624
742294176
720984208
748438278
766578136
690105978
713446161
802780064
626026764
603780641
745749717
750781068
633215158
727126485
666090701
786663696
756367485
759751648
720712453
804776880
633047651
611770161
713065550
654680834
646661072
597905865
781334994
678192466
603859517
723787585
619256323
558933660
595331966
610007072
799813392
640371157
742539245
675520784
725216788
745870603
787038386
656986221
733133723
758698367
546594335
709826454
711450862
556529876
570043330
798318845
553449857
584684260
606986459
624421285
791969035
787233545
694267917
597785210
600989017
752674769
699583253
638875587
596930488
738374781
730467762
557249626
764351889
714632619
642144278
693927248
578204658
571658676
611345885
800286376
781720458
754235314
728288953
557175871
564244008
770775067
664527475
613698496
792923033
709173412
802485575
752461995
769842053
712424373
652040832
707858269
596456965
672234501
652617136
703543202
685939703
621034604
719995764
682055207
629300051
779084304
634371592
693071201
697562349
797318431
556731163
805139622
640183517
622503714
742326482
784582746
648278464
555231911
614976262
558832554
760509646
633635898
780307990
745472463
667064462
569781349
778018489
764839580
705552209
763158478
792707393
704721028
670193766
644217595
751151338
761024796
605332284
751467734
591867966
761384349
754655943
782508301
747689411
666248665
717242353
610078767
566103774
759574037
662832240
801826903
781537962
783431130
780860537
713320372
632512719
568085526
668963041
726044758
737705894
605079790
707560899
754692524
717702673
561548238
702939313
598455329
793547470
566104771
647776001
799594665
570253972
779366979
550254165
618337020
566981311
675859196
721530807
621085785
664934493
550166789
729479979
602758119
609624957
582864247
573274131
760223689
703197493
746563381
754605521
541300825
774743350
768530738
741897169
542460081
577084568
677169182
584159928
662812935
565791044
602180185
708857133
735582037
598808887
766699120
791822432
677798484
645218375
727108511
539009326
655300166
724321054
554424260
757141386
780702657
651998926
690313411
656852979
710455286
543957635
719970357
582836126
715183614
600201548
625620588
539212404
606141458
677566059
747871597
749610620
730553326
667191932
692987719
608529049
691922174
691894864
752749625
670220057
790092892
767386478
571051488
621532723
754566066
709192079
654206572
725026832
744025941
629895469
756912642
563626286
785869888
777370874
617811448
618882596
697302970
672361679
620797185
705314294
578490988
743197277
706582289
617996443
704420728
705573302
688680318
615888252
764625090
751454097
544012979
700916477
567467886
763425160
671007583
708358113
779313495
653428973
658850069
606233853
794100398
585880883
767013353
644447932
627457735
722760012
570838265
795623146
571306764
556852831
618012907
615384912
701407712
782068783
597403784
718075043
623778392
539569382
768637587
726168519
702213825
626987494
736918507
595915136
598262592
696775318
595678922
778399124
780289282
549698481
574960615
682019672
548077316
762854231
765005682
748606447
707759048
636605096
680253166
549110526
642909764
787206572
600752880
545621451
556163828
631452275
615055053
803355344
577198056
608206001
655942351
633324343
574240165
743874369
551228190
621092020
600331765
554416948
724143319
638289756
562323389
797575021
718261539
638266342
607962721
641080890
546307161
554012717
572225970
551668283
652935008
566675684
658765608
628967183
559228322
666788584
614441999
802952903
565776582
714094582
760889201
576095053
618626310
655897800
713291645
803350752
771284835
537931756
555892056
678979084
602284729
661183542
746887233
802577080
587718827
767006816
747397845
654055738
577123754
621710940
567412293
632471044
601775847
777164261
593206642
788171461
748368151
719478574
791214108
613137939
792491014
564607599
739737915
780648940
692660441
670003299
688875717
750746799
629892080
622484624
796971914
567978148
608659383
544171743
675574256
776419489
775144563
604636966
686805777
637384102
619177481
633667670
615359146
795584949
589352383
760340632
781290803
796586609
617731684
762510289
615853477
753026465
640751775
643145193
577435715
578703003
749208763
675277682
558107355
691843285
766452960
720569629
784831562
754821364
639308755
640172766
622106989
588591416
634201963
612823441
736342222
651393593
711409537
752796989
561303491
770005784
636483749
707184848
715572213
641229207
723033766
791285444
547269943
605549570
686943683
616917902
735569498
631538109
757305463
675672876
749044283
712085865
635315285
709674804
553432590
691215940
662113079
545985422
622235024
585739094
696515368
709121088
751611649
600242785
660813681
739725513
786014114
685678443
550106886
588252360
624832361
586697578
633848147
654322623
581317880
634795991
766825899
618552954
796751581
579735415
695465624
546893077
765572233
693465033
760916290
665832303
618175368
565944350
596991679
546342724
744154627
670524083
538575560
656470949
565511344
641877782
717090974
707889582
671460736
737364003
783491529
685820609
736945869
585442452
795218767
733476697
792957612
683960810
675078800
748409224
615370229
695616863
652614038
627412732
608616570
624030881
753435338
604608919
795248260
588879181
683367477
649794773
796343772
741696948
579176600
544823738
714984746
541623781
573222335
701255379
544080189
803383679
593509889
787656006
708434273
739593802
775843545
799467406
592080432
569113417
762470348
732261519
629995379
643233824
572705205
551768301
699408369
727612033
753328271
553710294
567275074
656333087
572859363
763105513
788869282
724792202
650882592
543190764
738693834
543313681
631419002
789809440
791878637
577782334
592497463
657375073
609833023
729358447
634465977
575048064
714112431
725442156
540014780
618305012
727124719
597779081
576195483
605019791
599724115
668305335
799373512
688791654
676243712
547378829
738983737
697768301
663179807
707121345
792817333
628126642
619817503
742803394
550262976
633837191
763355192
582064610
709774688
635589662
631625206
751201577
619951830
792242203
722681272
784520177
749863614
608256356
791106193
552952768
599300188
700204154
713366824
537535030
713961204
616618651
653607349
765718807
782872621
692564307
547751491
557399331
597035248
653567095
604289893
773241110
743003308
687463889
682639381
718021475
762764072
614261100
672596491
751919830
595238433
783698446
676778231
663374746
715262311
647758147
677608191
738895034
703013835
581936459
629054029
768104177
773933923
599939124
615356882
794152584
556634859
754131680
560775335
597442839
597664824
559316103
620545816
782986071
731476378
640035458
704801839
543331742
647449186
586573679
793303999
696367345
631869383
669362405
583333431
718249935
739235291
589583114
708113996
791598894
565028532
752416063
602517801
600551925
652980112
700744340
696356115
802273261
557472715
760626989
649014469
769943234
542198274
653397088
582755677
624482411
777951883
561902943
617510569
589246358
682484069
771065192
665031335
762813938
689835816
689129927
644622683
650132996
686360130
675180363
593750392
648912281
770246982
803322145
688538333
696643886
784875762
722263256
683110586
802001178
741124079
590500098
623993904
648333804
739275854
750703538
748722952
552065476
680939183
604294705
748990697
667158951
734671598
600160335
758359903
801476187
541753759
558001435
784460606
605955009
558855382
657331200
583187212
588553400
545258939
651445256
613054468
634980363
614334252
781584622
540661150
635130512
700630562
698595103
652899784
557780383
651302737
594776801
762661736
680446000
794935967
550006546
610016406
587702074
612498266
579044633
648046424
701015717
565932539
539080594
781809819
579296049
586324020
731959811
621844503
697931812
709174649
705825392
541947249
664708130
733690781
764379369
592958651
741319928
750085903
776587168
609965300
586208136
745835504
644573639
673155094
710350591
628878577
565355151
549544730
758588597
564324457
588768072
757719194
577709234
625053674
574008512
730423236
679630854
753999269
781472653
740135999
760638069
722274631
791047351
643463444
562906710
677559316
722360687
607956124
583884450
798062758
729862536
761741346
597876719
657827402
579770468
609264443
709816773
602356279
690373378
754428507
663711433
579212390
559120981
604406505
575681259
612348758
604210532
780709307
642446588
580048392
659977560
645880693
744028730
716515944
801162590
708310076
731703445
629360230
588382977
782372375
657360033
600221950
708975296
713652501
689355740
730288325
595559691
660487875
621474722
579464970
550251989
770460864
638166378
560753642
698107830
675452867
555070621
746377892
607641034
633948729
568044315
571471921
564806502
794083837
655371032
602439545
573809771
653623038
603258831
715818947
564213898
769033098
752061809
748069950
643962138
580604432
656716391
715133693
654825059
735923560
560374350
592382682
752071330
800161764
583357067
710764413
550846004
644050968
734837091
638667641
740577611
651511483
662914632
595112005
696421473
751292482
619418104
614592050
764022913
715245315
768892409
726324323
653563339
604673382
566212088
726207134
681844645
768500193
567943387
783576969
768032572
686962648
603641930
597280716
779212841
684827239
735804076
667247879
673249060
670661328
699241768
726055680
616335599
589755671
781355955
776820984
546481810
630487834
756544687
579911237
768570819
772546836
743653875
664306101
803407304
651892706
777481195
660351030
548450793
604967859
656113109
723274269
750919993
633219845
543812865
701530677
801331878
798533894
781705327
675332944
609192680
565162698
778261669
559010140
684573862
733896935
601664343
744848757
799320887
721179460
722395110
734476671
755447349
541521121
759681493
622355011
617596839
630161852
580368791
613049100
599541794
775914282
539544979
783699583
546986674
717809531
717428462
711583485
770137011
584594567
662536220
642181229
793030796
569926555
571904544
625909599
662623201
779579838
620809631
687306690
792843978
784948556
633164135
779474508
642487671
787295647
575344696
606846938
755584632
668557590
665132525
567988156
592549236
726765843
741777694
561794067
797131105
704672363
552035173
557111564
645601601
725522209
618191320
796139289
654553291
599455018
731109889
702510807
586049785
739392608
699081285
599392619
615960047
542062599
570738965
634013297
624512599
557611316
616659231
605746367
682432566
723615980
606740584
720570316
615966735
757123821
803086033
673479285
704607164
599545084
792669397
590995142
634517826
781769226
694315814
700085055
589799607
601147069
561095638
595045118
667318916
650960940
803499093
716786698
590304538
683154162
746177615
795654523
690125229
626153639
587697375
804087026
651670354
674255752
562969100
539271031
622599706
748909677
589673442
726122180
638180090
542870834
686511087
573060465
638549614
791944588
743541692
703896408
751411523
759728332
662360083
779259524
747706375
733110140
651106494
784294697
673370748
777471987
717532634
563098900
762646295
603749733
794630911
723853557
726712749
767906456
608268136
708542733
724820010
597165630
684995882
733271526
727812479
607668964
739171531
723922526
626034741
754752087
739583630
794201226
608336484
545086206
714170694
795574287
756026671
682172150
595398375
780212097
790935549
779800832
684520072
771739165
589986083
541954749
593196039
649006467
793840333
777550680
676081223
581167395
587365677
592880056
683176501
766147754
669867508
716094339
715038708
683393222
723986715
701850844
797903383
789152244
633441588
714155962
579105487
598711895
661705997
606962939
627073033
663830695
654367724
756383804
650462932
779469886
568375020
691584610
752188831
560678120
797926108
607060357
588798535
661904182
539454424
641425834
555191564
753534371
754768932
774899876
794800074
577430107
752085542
565333205
802684837
610010618
684401461
602456239
690475161
662517439
608676240
740282086
588029011
804180845
775586666
676750216
589985650
803203214
667100185
652017723
755310971
645317357
760774301
693164701
647331150
769031388
613399921
747184481
627316380
538805321
605803571
698042425
568341221
629553899
709291043
714539296
695234260
769405739
693323923
704529042
727669711
662247161
690543441
735959984
699484673
651787780
631640404
596752235
609451724
676056238
787429156
626151163
774638659
667935840
740228656
800833573
697498449
768255684
686455433
677958160
688617028
561761040
760764107
566422608
744702263
621783864
548930728
537606054
587160768
599748780
601295847
669393562
786717607
711644510
708898115
735925733
748432698
768323204
780202895
756968647
639457807
647994190
615360934
681236121
782544158
751145406
622656237
553980723
692109143
717466454
556116196
641087742
605367584
697814292
598506172
584746233
576934221
755738393
702749293
687243417
601027430
782870137
782237687
757148582
762732571
538206118
751706688
594968991
738662681
618672181
620366287
681289457
669976289
729462523
754101878
644548879
757994533
749947554
613742229
621338055
719927787
785886168
722568457
615134092
668170539
710157173
612856796
668139855
694496238
613008813
719002476
750430042
577164758
656949547
573705758
579310828
743045071
567096989
713353692
680513090
730103480
553585342
799851425
560307958
618938081
741928630
769840458
793322762
790129402
582165001
776879278
570049262
652233893
670711290
559073222
726125975
703137561
794907002
632308985
681459349
694700754
631718701
757443356
736569159
743610082
548747858
691611900
541785825
801106421
744837317
658919089
734838648
739698323
644073258
694781759
583497334
712600490
691988784
689499473
551244289
664531957
690247576
793392030
547462705
783787092
677769417
736380551
572938627
787604071
586703857
797196508
656520035
803602450
571889052
737775440
611376776
567949760
584051661
680512708
540890637
722695548
592278140
616024328
566550823
780052529
800923130
732111606
572984296
607116415
541276139
781822115
672749068
669996238
739041866
759848287
618320544
746734212
594403150
770998381
621578487
758877998
609138666
543445361
745313547
665545916
654825090
730615187
571997964
621731137
724054770
641428357
766979184
654092711
753226247
644976329
604850208
538210930
641070342
630301954
658393146
572319249
638773561
790290596
693779394
643397234
736362701
603791303
751446290
583952699
740032686
749763165
712180695
624950533
799780556
700053994
620359700
642905823
652551026
768610492
601342456
616863607
554588453
537354320
601496973
786822660
681373899
577854960
591596738
686445575
649954901
655943841
666562607
753243800
607491055
561960227
561263503
615895946
540866866
758446523
752558392
710697074
717550017
635206395
692698884
729111293
672423883
680617949
560130888
805114680
562489760
746534800
737484249
639439731
591414368
552427561
803081480
739298837
615611466
739706194
798586831
584160071
658609365
551648369
803615707
590819143
657914684
683805319
766810634
602172823
789271553
572800995
557619193
734581132
634966509
698633368
621140326
683709017
759318113
655687728
614394601
725293154
751857096
646223605
743915360
792862469
787322015
764073186
658099971
648648545
763851277
625525334
649330904
738918938
591217518
639191096
789120655
611188896
617129543
547889771
792958777
706910755
795806506
674455338
619067883
692899545
730263363
544874301
704198040
706741135
756449825
711787532
733316798
601818806
560473284
615790355
613237118
736545235
759865083
649121762
602145563
706244568
586997941
549565452
753858321
773283286
749411494
698989324
564168328
618961654
645651981
541319026
673156190
582371495
780752624
761274063
562823450
577637014
586374088
599585839
600208191
698024838
629925990
573527236
554601571
687826501
578190427
804501791
677128573
764670334
598156343
588701458
771601412
623023182
790649891
712107034
726514744
580399296
749360552
689399742
653394939
601551804
764416886
562638616
756376943
716651023
775568475
630598376
629169516
580731663
600374361
567688313
714623718
566461510
623822181
737942096
720107727
672769250
646064973
755624294
557125467
626167970
688072100
634269487
553419377
767029012
644405436
715186181
663182801
644335794
607947951
661388113
756727343
799081659
621563555
720672231
625825158
665791819
711968509
792787521
620828092
612695038
689113049
655674316
589471744
729622655
631353165
571526555
544707042
803565851
584304013
553743529
688626893
565035381
592964332
538785244
660831757
662546686
720755516
580919977
759112874
800662902
657130461
626797876
644219592
760110436
650903758
624920245
594753091
729393316
590302482
713294206
674132193
612276654
622158820
612112573
753153927
791687064
717713261
706801366
578378266
590283759
615274968
588043527
777750955
606760944
801972291
631489314
736531717
798522170
731686584
770275214
803125131
653511637
764232602
659335832
564119190
694667248
596635615
662434599
772365638
781908785
775613861
755424052
645171480
616679274
700639194
774084755
658031069
629835842
597626929
593144173
751507521
623576908
659811912
654029827
648367782
798185774
682667440
677711839
696357989
542264973
612231094
725329403
603734586
745597138
629859486
669624931
626332592
776800462
579699837
782649727
538648997
786181989
780873204
606933823
743973084
733680635
780686324
541858728
667629877
554777470
703153600
595745829
722217614
586804229
651141075
634924021
792448099
658767773
670320828
544640016
559365713
664586163
563283021
667200412
632668918
719444465
568953390
640535644
758973023
763573620
570748192
541452808
669788197
560183819
579642475
780906789
754771372
799060175
682511703
756120280
554863302
605882811
711002175
791133253
733335631
713148614
736483364
584606217
611423532
754473927
575584279
606686879
634796416
793136389
753178498
724709531
637117260
694480348
752301467
733819783
659409705
799137425
549879828
574318679
671977774
682864964
623621093
730733869
712258785
629329117
579265846
786237243
567873643
753623535
674274420
802927114
630410783
798715281
621394249
774536703
545940044
680186736
720275860
611110313
706650386
637842450
619682456
782164965
627112983
616858184
641145665
639514800
766214444
676564160
546977811
619623024
763072510
596977895
766138843
775761850
553062120
768167894
732780332
551264656
636337574
716060298
601193470
735074679
603563837
801772167
576616047
681153570
637533557
568904587
764034553
683782548
629499088
759770334
758278959
693188913
699999160
786429598
718001859
550647287
577582394
779980605
551592365
680259205
794133136
677189631
797973439
688599507
707869392
646529983
584096643
685223478
752297939
803222273
586927276
583734283
630158497
565220694
585420421
727333537
791193584
558950685
615972171
588405565
792057201
690745291
765156259
572281737
702826401
744391349
603510648
563690023
645914684
726863793
791161535
678284680
637513921
539227823
795094530
576960979
632881292
635396474
794967373
779204659
645282345
749216571
585512964
779205353
582831581
614908922
574256160
786944782
674375526
711799422
709766979
802273960
575698554
545272086
615828222
800859232
673694529
553553699
720245417
591696949
563304743
578755012
571335697
568696289
756120445
751570968
618031432
662691568
626877529
731719518
724836543
791278969
547673053
768538912
677617156
695702452
586112596
723970018
731299828
729323178
615480963
763432012
571912259
597692885
681274662
718228691
569182625
795239314
646017078
780949291
636300114
703720157
654246683
784986572
645361291
556552815
557083415
670258117
575331607
650549330
538322660
732360470
576082867
740215072
625745572
572410507
554904965
735420324
732013322
594971061
576180276
645667990
636106813
606005630
777370737
697315269
622702712
712732124
772297169
573193492
611868602
601650528
651534103
630438098
756390995
619579987
615972348
755257068
586713388
653525659
743955784
618596522
563547712
572895246
802858691
687728620
673018405
788344818
770675880
700445251
633388480
669502105
633093371
742010874
713848712
624271108
775463052
559827704
757929773
677630966
599265103
608257833
693483544
678754893
716436155
773014368
561067551
786419691
687486631
662439321
764735893
802223690
545073344
693974467
742136045
597348214
657036377
720295356
725007283
794428443
588091876
727730393
607587321
566128525
675539561
539028335
626773610
804502035
637084586
633619945
590951896
721026577
649431562
557374837
659650098
745951913
698154358
637269088
660897070
563325704
711969120
763583840
706133469
557802138
619236778
773347869
745081031
609148824
618702394
693967631
578294303
703796588
723259563
708322775
553330517
635077299
770274721
562666803
773026186
684349753
608219902
692090300
777172731
623282868
671133545
803953134
797973896
735282077
727981217
637475227
735925058
645549445
624126985
653700738
661314685
761444790
661927627
684140986
627389587
598817178
654605929
756562579
731597228
574856713
684299176
547241165
698515526
745416226
658800233
705313155
776008893
619914460
652231411
633486428
610009513
732140212
795982632
730131084
684586978
737539342
665654089
721785835
690950898
747195020
738572649
568633078
803380217
795814685
552087686
730080219
774815092
607365266
756862913
555062405
632101820
604074127
655362034
583292022
694518851
565745397
582306401
765961098
583051896
738748069
621338167
554518744
686294763
630860251
548985712
592451453
797397696
781161017
681293386
675806225
780948023
656986644
600297199
608842572
618921596
605149109
582116560
708564942
743808399
558813982
728957434
696000707
704578592
582572907
723795138
680014783
738327624
751108000
675689292
633668782
673577409
586796604
615872840
688537365
648808756
604498821
758085981
794161543
788912172
714081249
728920285
555421851
801214573
628746128
592146731
696959328
620295986
572188187
622773329
693264535
794767193
801627572
631872488
768319399
680616859
729797742
576837135
683595365
559624158
704132086
638697009
682268514
540817639
777008240
585613012
765909222
650855330
751275038
628769206
803680494
798323728
696850979
760577944
758195085
687884103
607105087
685149928
609757487
603615457
578642092
732910862
570665656
765544117
589837915
761402428
612837759
588607560
678208799
554491958
615098191
715766290
638427571
543156649
758013707
554987421
677597092
558417950
712910623
739557917
666177392
763215958
718989869
794064648
642999474
781321676
632265994
680974460
618391512
638465065
749718005
675102473
609366167
694990932
657962729
566671642
716901601
683800440
663399084
651918340
727619239
786456490
624545346
663184616
693700519
701062749
648776817
801945581
629556583
802445389
735014062
697773186
778293640
695367982
724933227
631447938
804890266
713591384
537291051
619515978
648462033
562896367
603488375
764002300
544854769
761876905
606843345
782791709
680618513
700725881
749394269
670813824
689982917
701579600
602247077
767357797
749549803
726641938
666686848
788297282
647745540
637255308
652832158
788408688
564360287
609028241
767651290
711648161
619750752
569492284
620875645
582047462
681716645
756934941
644559195
739880123
727179921
801129821
671472578
730027689
660609684
555721741
769120227
678879961
584255214
731400081
561021466
778364971
621908162
774759274
666462154
654834556
782824096
797947338
677960388
651062347
782734458
757695209
692719066
642118846
753742304
570485399
664931640
719427050
550101043
552519460
692903663
630996303
556421068
581905349
766014527
733862978
610315717
723649573
671254957
574677554
681196130
680734518
782289003
593168271
548401569
707598817
619309682
594969552
740845188
558176144
802121075
753152455
585368859
668280623
763749579
795680153
568991559
564694313
719956514
633304419
698009153
739641400
652312348
537628213
601989746
713712044
788632658
734781529
576424589
611408755
753254376
694808350
640460087
761597106
645655655
722637850
733829522
608000593
582119202
718557972
548587477
617249834
734626422
608772269
566425206
746553198
605732933
544892904
662872615
802558266
732841346
705074467
740435321
584512931
713560553
797299835
713478595
546759280
573035413
583382163
667746203
652950504
608834971
576741303
710980779
722659563
774309396
805057282
647568749
643851761
617681420
746337156
583491693
583771324
585514233
640915370
578858983
727587811
660557664
633787957
771384546
571241940
677689083
787806659
627314657
579778887
554633073
724892569
538945101
650622423
740579941
643601660
666752394
554240440
761438755
546373949
792435528
688332491
749379229
677624269
634287229
581132927
665318356
732205941
570862510
684135395
691637102
742390470
739867793
560484623
752337353
686957668
621938898
654025938
671835507
738027975
781271832
705042486
752067981
690096887
745969811
625858788
773300162
659903330
799860630
560320465
540031380
785369880
783105305
693837929
726300069
643153651
595688442
639010409
542654314
631110086
677348402
591070134
605065134
605656549
761151316
717633652
742437992
763889465
682548069
771250072
640512977
540915798
621044677
804023281
708463967
594415090
724572274
710658465
782391038
648708178
544007358
691588127
688165073
711764729
579535813
628085874
545579145
743215081
676833638
606430452
563622170
804280741
632359318
700969304
605685950
579416481
669477979
724732501
540021896
660237319
782687064
633457250
544441182
698932353
737185280
619165317
719468910
672449256
706943186
645750603
785661507
700133141
631746507
641531209
544236208
698305451
550728404
701503599
646885435
672468556
544356322
587719756
723576271
798117456
566526938
755385481
707929977
794353276
661157002
745486975
567583811
619164005
715412654
702617603
795081911
750802641
730101747
609282796
576427674
593852698
581491757
752324693
803649766
629058782
661006924
572801071
736535342
632899987
695244572
659546862
546389492
730259559
545803573
769034695
704938297
701289239
583450480
804638194
537640114
700026816
545319095
718539547
575079590
687287529
539718490
585960016
690495083
567017445
574503579
702270546
721807381
777972879
718376805
547150815
610852813
630016724
801718439
748009421
608313790
633482334
639662469
590022506
783599108
598648034
686850675
610795613
766987312
613199931
663395312
625440574
729810326
737387139
755624701
543912301
647575174
575581125
713717832
617259447
741604148
641793590
746819602
595096208
751247359
621820619
584942911
595617804
768104827
659906628
723073495
767480496
633802074
779231044
769753062
794666506
671050911
759463826
781415251
669619183
608610922
688743432
564120642
648151988
750609183
723254648
715187870
769142663
723012803
686401014
655336185
575949575
659772595
611820437
592342000
717256312
690330207
627505575
639141915
765275889
658137786
721215274
565972364
713849791
580498987
745979246
726995963
716216416
638293827
575653281
701941779
558782589
769819753
674256694
577212182
539298184
685825828
537165215
781866091
753164358
736991252
553017889
650868433
587204694
681777275
803926909
723287355
784900960
729319881
562421494
581247439
627196041
804716542
642617498
678263424
749776325
645460629
766599369
795811478
644963942
744945181
703283896
713714032
561751739
771448781
767081447
605910586
674998363
780886355
574393361
733022877
609054151
670439049
590885787
695191346
709598308
546583542
542892943
696742514
741653126
654006797
668236197
642233492
631887576
780524490
645553414
707462992
767926897
628144439
605769340
594600963
757371034
689248830
801566066
774792591
559905407
582673746
606331091
615034907
585220541
616614246
650883497
559737527
769780630
735178555
684667749
713822326
540505849
729360034
629885857
681751399
765231833
737067151
749959375
784715857
633926830
731797028
742436425
728998993
636622273
803711489
754589504
590388803
590098023
547264587
734931486
762218378
561383774
747480865
601042700
621592560
678239204
583277844
732266842
696540257
797990784
802038221
539412814
781223992
606940122
764218115
667414823
706866803
687031797
611614042
803481966
586193993
660207431
756746014
554004534
641188981
613669231
583941267
676192260
689537017
765342252
624696545
541311782
670210088
578291311
584684597
763732956
713823689
709858645
647262710
653789382
651939298
627364254
545186602
590901663
644421216
592664345
750499075
626575451
607385026
651864563
785854510
798634089
783731406
799456640
718094965
564907751
781374388
590858137
618065111
598484416
578751207
604340734
704196229
653675767
679790703
610272398
763126626
617019358
787787727
706823578
768093798
614679139
699911983
652074755
640302751
572484154
801858763
585983545
782582323
628282024
615994625
610350685
588109203
740376692
791993274
651520726
619730374
626427168
605649772
668087562
778563817
747519362
692772216
660463819
627972817
617743997
557590715
544224974
802571934
617070749
643242917
780315648
629362107
682911211
769756748
563010239
713381929
755100038
687134130
545121049
756960342
636896520
561578393
721809212
551763737
752286139
643492886
725611126
560400877
706223058
577403531
796323982
586978437
682912404
650212162
623669687
771375796
576609357
628097631
626677280
572782404
789184593
588724833
764264465
804142826
763089676
578264386
548785952
663300455
727553727
612635673
580505045
785408125
665556390
741073202
801773138
709859077
660155022
538454921
674483088
624578712
560216207
571742263
693592050
655012647
622287911
594204142
607431615
642967979
642756528
552050953
774194574
647719963
695662381
541143036
690892031
787916650
688379310
550935723
802443861
801434492
790049829
760943911
722830871
719060257
664434400
614347769
572772917
741795727
558973487
557868361
787464743
734360624
582829415
684628740
745946692
685812088
669182620
539294070
766660386
790112286
557166719
674363037
597459289
705088813
724543998
767477885
574541953
573131302
769196156
570693517
593082834
552646600
680268614
664112821
723979144
554171838
547540085
672417333
767474451
556495792
625777877
689083424
539957611
749242790
695462629
611542942
708465072
779242571
682169571
713125726
670671456
602818575
722948820
776910883
791397663
665837108
595744014
588344092
788818278
548526909
687945196
742157883
587072406
696651855
758857278
588446353
795573795
561140584
716545830
550934996
673644302
671256399
655647460
803972857
586607831
583710250
602606223
593021281
636734571
609434961
668773933
771436290
673357017
539061636
739149001
728116332
665620222
788750825
637126315
714110915
684884799
619042955
680439605
615121939
596133320
690104096
590937489
721992776
730827714
734575154
609805308
776393012
654626008
710757973
727273893
667399272
788093229
586639556
764148568
591508377
721912153
789491698
632720014
725433188
781792230
804982378
671068867
564409911
629729551
608605784
714754351
564049979
555425464
788170280
654190089
710107033
758658818
754935732
667312326
664122875
537152144
679767323
716434125
689004111
776657481
701288887
539494818
543429708
772507274
676329577
674117290
648716108
654431187
583202682
536977071
755433321
758975888
689126995
592800181
738033582
682038442
610324904
588412444
705522191
691596793
541078874
725016517
696450593
793547303
684072226
619959184
583849539
763938385
544807047
537017981
669713703
652537680
628666884
747236848
585040042
753457920
762990103
692741013
635161564
712680718
603835512
706666228
741644364
581583886
779186493
665386813
628613322
641884239
623650093
624590831
737825159
591073006
706213304
550955673
780126596
563853704
720117310
609893005
610547038
787592162
628923418
573535669
753411767
545180180
616155448
587839558
762895006
548775777
630608337
719393617
549428137
570403295
655765833
659897717
623076757
574482895
662762214
618924088
698703789
605551202
698689812
735111544
727448120
585936533
585337002
757932992
779707309
612592139
698059868
580078176
730095969
583517476
799129932
716516951
674430619
661414290
589085982
574282095
670957438
574027143
739620278
677886742
580675094
646846606
601314594
709691020
771491573
568850262
678882536
547100136
803562186
608566454
660770250
557088655
555716216
549638253
563207092
736455940
588437002
778532649
639892118
628527129
796309888
696920813
633487786
587728297
566013606
750952044
737005650
753360271
679537775
650527638
764885183
655934061
718399928
565806885
767181482
702562908
609548936
706515253
570073739
611675128
556101899
717826031
584887962
730010538
589891019
561290807
801763913
719429269
786881207
665193298
765784211
685054267
574916671
550348081
637673488
558325124
742486313
718430716
541902133
632257564
710987362
543991507
630206735
637981097
742270908
740340797
748151534
667727721
771208690
728978947
803130936
678955582
565679111
649956919
582101972
542252950
741688494
715983312
587835250
767198515
723305261
743377700
699345693
726283815
794970818
601818264
665613188
605439786
677767690
760754757
738570999
755809040
613115410
705369753
769147570
691703407
593418263
713163204
688633344
731728143
537915222
616965928
665711695
542504355
800047768
635214067
656718210
586509427
591373466
792139745
668621563
784651999
541008551
770267132
624998561
555445473
572709577
677001929
735966816
555402422
682239380
744437849
754586349
752129269
752462572
772172138
546671063
756925608
774182705
567973759
804015703
629150443
706719830
736924824
567299646
556394955
637294323
653689209
788845784
802965510
599071497
726550450
673560584
689394146
691760288
585952347
758513397
757895058
681528945
564143200
719719547
551795103
550721328
676554953
569181016
744297723
692272312
596440600
542431731
631078529
640609547
549964977
558590569
664798288
552327199
665837592
670404909
752571616
769122566
625674598
763756671
574833813
779564452
732692391
600174277
622194022
560507115
548790233
538455998
648052298
690411669
801719434
790186981
591138165
565105577
804461430
762442302
730433352
696475443
611648065
698032020
589636192
702027002
703438268
721133900
680083710
672694387
559470170
541030771
706644572
580105717
578800573
563878737
762380609
697181544
560437465
612312937
664999526
630623985
783843726
592018219
625859442
546971057
576448880
708215593
605565826
757421030
630324522
767952052
644592503
687511174
577072620
542425681
800322345
639476832
717934402
644364034
589098377
695850266
774874068
636315352
749183237
576743168
750246294
605259939
580049127
627586093
599643231
748755514
775828659
666599759
777707075
736490924
705959077
683779790
567838122
786090105
650351789
657865327
608383926
789373243
762787554
775205768
548505232
778284140
692934787
552729487
576011341
752201866
649897944
793433182
686888936
722755705
603308188
606510882
777438726
585122357
788902470
684432249
607302561
645948684
567420859
619367514
793506901
655404657
650863850
772969908
772125138
657683702
716579429
602379311
782008741
653019526
659518347
639637162
623915532
581048814
654233634
670587252
795138156
782225997
645592498
786356308
590443780
695396659
753230827
577894401
593087209
574811536
769462500
717716048
652575109
714707080
608817509
721282544
623764282
605993935
663747897
752498473
563055750
731394807
642145257
716739550
687862895
633540355
761558876
614844639
611599767
692172065
624382684
671027208
777403114
790280838
795635676
592034558
575238059
691081665
795919198
713903316
728012425
773296202
714154365
685492606
539880999
693368518
731392990
554879063
616275276
635930939
562651191
799009155
681250180
679267630
574009243
649177316
594639044
587311077
541606387
590043235
760563841
655038406
645197300
671577037
659799793
649895602
736054581
676170344
716266540
733172424
775128568
771108763
602978243
617975454
610075477
654520064
643014828
626746462
666847992
587540787
632723846
782318666
589493891
727438014
561924488
653317930
708330781
730843619
722568992
741696658
729264837
596491926
680059465
793933098
685198915
706891306
612970291
780006788
794254806
779588956
592639707
783668867
695740671
585151623
737262393
586037072
662106339
601425118
640367630
706054959
780517169
715087903
628285580
728198655
802982011
582246144
638173625
649027394
578300843
783323484
685596422
565992464
640372052
688500398
546998002
735267371
792584826
713350191
779734076
659369795
562328141
787783081
537634073
625956980
803733320
686066913
602222097
772798946
769706573
577471131
799183660
804558174
754867728
696615079
678413050
672494913
715737061
613821707
551250788
602595355
790273030
693023851
637011702
673771700
776912699
694519533
786348076
540017858
598947822
756217951
758751198
676490023
778767694
731334921
617844980
685978602
731803953
763002313
678557372
629796280
704357344
555946244
637439223
709928829
697439984
536909133
633741678
723127608
745804001
785088410
785459486
561486739
584474610
719496870
734306546
556859762
642812351
741141477
796974578
553994346
631845284
674866980
748736272
765010217
726005470
539484667
564957792
541027342
767578537
585846588
733270813
590419910
721680745
711106179
619413104
752505158
641734469
755136649
621450401
625117676
741497269
581229651
697639675
654050297
621590013
555327366
683609073
567145874
652835498
552896843
623180471
663902781
779355367
708590873
586167409
672491699
628485209
749518538
595063541
792616847
763299829
722622714
717999625
662107140
714236158
792103818
689773910
556097668
695891600
696264689
783995403
594554655
690942418
663634947
647166999
541829065
780887219
736233010
707296510
587889406
716550483
784581615
616931224
655827608
595341774
791655958
781878264
642768808
700274800
667510481
671310000
774462380
673160775
804569734
735817791
729224975
608713162
623518613
799159640
778470979
625705228
596036416
720937064
803920442
615359115
758864693
770450109
738723472
799027734
616623704
608976621
723387776
797074365
610242299
701109048
749719811
570587990
801492943
558569653
648371553
605769829
711987217
610165475
634383997
636315944
662926756
679011996
581994948
670090439
673113439
670636697
584306132
743250657
719559587
790857666
583606996
702829599
561585029
623327019
641351645
785096730
712024594
676651061
679472745
734687354
595362787
759070574
675533426
769783350
777532619
787984811
538500189
645127950
550053752
718622004
577865976
705247785
661142181
657129280
717194403
784831650
743265985
776296707
760931378
670134749
584154543
644228668
630828700
744467786
642870793
779916384
712722324
754503963
732324289
758049089
759281491
542257063
803557478
671607967
802932132
732799088
597907417
773989192
797461148
781406395
587728102
777213853
605241518
591352910
784127293
665076658
665650395
624590004
627994094
690421070
801250096
775637773
632534108
662207566
562328895
727616484
621516894
769066762
666230781
689201132
698254488
547528949
707731357
754047761
749799041
790161419
680581275
669173217
580726536
745550292
646812318
691840671
666230174
626640235
615662912
688750914
731412959
590044204
610641725
740798765
558767462
609562645
596110542
674095757
630544188
689410730
642139229
738681301
690492109
749257864
643219073
650426503
779857072
651897422
733911762
589649051
582569379
548724904
742002020
612768657
690629100
627552461
681346352
720870107
652097251
769867514
598265974
784672193
665233104
612130026
562614404
657050679
756449328
599573324
603910357
544861395
673878088
804942019
747309500
720340168
587369677
599371934
747309321
716581473
562154013
744240721
696704679
721534050
600040398
537434328
738917811
735516027
794395639
555875105
599712720
620726030
681709920
549715189
599607991
540917267
565414548
546330373
610087922
755240437
570613306
746324384
697375369
722113172
550638907
790848592
574047023
620982524
721888601
750584972
617298248
749139477
782400187
580733919
694430577
646530338
654714421
689990926
695400624
781618012
695043409
630484327
682325743
759006823
759187924
720930206
758670383
773653748
708741557
565645863
745025356
763670097
607027495
680717047
598616433
800696763
621468007
617747740
789254538
571897486
687001066
644136398
684350464
595050090
796758931
769998265
747675683
759351187
680586226
563697163
692177445
794999884
717109924
644972842
746653058
550057788
704849280
765774519
747596430
653992904
675272754
694948923
686481519
578304932
732569931
695986597
548113743
630094038
561448273
672530963
668933220
627372718
628645394
709641946
630892795
564991806
797854294
592533255
784168226
796897479
804600557
714315301
775683205
589097403
644185269
698353758
715541915
725470186
598847836
783389024
676823664
772322788
634681903
609902801
601896584
680196893
694636008
672203682
639808769
641782242
747111110
588550812
682574658
799602990
804366054
766653347
729077929
636604045
691045752
623492597
695390190
775133349
600101968
715485549
609997383
552510407
698775785
765056169
757085542
724532679
623266967
773200525
635350084
594097059
665095271
678566313
693181909
793158169
608182072
607813084
581289180
784106806
633757679
671193993
727519038
642889036
574175649
794348017
595752869
599435020
746241802
575889917
793254471
677154985
584449220
780520489
545999439
765927160
678519092
631761214
743501297
578229658
555003789
603667683
574372104
641438756
724555144
741341580
611664836
650768673
758425990
763501065
551724937
556179609
701645671
646211800
706098229
583950782
556121327
692720888
710719589
686567683
581332313
574480881
613502356
629786825
758086922
759399038
695749182
566910625
646751216
777972759
559820061
645221492
678517933
573666039
630247180
560699664
627121574
600646190
668126299
691645148
708869949
580472834
801559230
765193627
722009189
551581922
672298835
629615766
673431296
550792161
797025455
600199268
744779894
794378690
646107088
703517773
537959131
682707869
695930240
726653599
579964176
633830372
549781715
650746748
727889222
559148365
600897634
707166758
557870580
771990511
686658405
666863518
684692953
646278041
800378739
654573922
700744109
781763742
619901864
762612026
702968656
721025298
585100766
659729091
768387012
751778380
577540485
725815311
621014396
658512229
565427893
617445905
746911342
592890625
663840122
563461557
699715172
553281545
752988776
683072642
738615701
760514077
665967966
690677244
782332243
552129115
804763508
740526405
758547347
709915619
543630780
640792365
667263070
666820526
792413700
604282258
572016008
752181157
751662000
681417565
656548821
639293890
573059128
618410775
574526653
685416248
545480078
614954022
549039753
574408895
773866183
665352163
683894549
728739716
761159481
662165486
596050284
643558266
556327696
718901016
644538634
738655762
742686973
683964498
557567248
609642143
797897193
557412662
603629003
560074671
592424840
673682651
783497711
781487275
545777819
796117793
723745065
636105771
585649208
747778740
787396267
581914616
719688667
721855128
625180555
640523001
572755791
738963147
624931750
613915814
785420848
785664746
589693094
741704569
616036846
702077601
621784550
573019377
734137792
698508177
731103105
775727828
619487854
705722700
773370594
594056879
568087144
718927098
796554046
764777342
746929494
702232327
804518914
605908768
632214433
623717640
570564371
592934805
743469699
671021423
663880028
695205393
738238868
671089802
541590684
549356631
589574259
656164290
627853682
663554968
724963110
691737219
748295870
704766994
773414404
672749265
639710807
589279048
783128193
740045570
785630977
594222681
777421237
753226145
649396872
669250251
587910684
751906363
767201956
658632338
675014546
632577051
540820222
688053234
585957452
789933376
747580195
661704125
615517195
716734337
570848260
681417217
550152610
650186257
540243703
747214817
735012833
648935653
686306883
620730482
699230257
798204045
669002309
683647093
655664781
597226591
710118262
567938091
560606532
550356189
551674846
675414085
678811286
754068424
588987293
555265063
541007332
741898358
732613168
800013028
762829789
632015891
567365791
771814726
653451037
633886372
663201567
754942308
539666031
554452524
804754535
593478195
804498981
711648307
578560209
781703283
610730346
574580278
563999900
788377275
646735915
559199232
641202535
765861884
582532037
693412262
550001482
713426602
542830766
799683113
621774756
775836229
795834742
777191430
619459962
696735203
706428883
730446985
792679354
770204618
711474267
629724539
580872934
564404850
582164317
689565999
778314456
555870583
766894184
766558742
586763581
670600639
759850452
718174473
781203103
727951684
727495406
577087329
651346494
773226790
696075380
558562201
805184972
701489194
765523495
648376395
754961432
770842954
795082236
725146941
617803180
785150887
546799612
729449891
732496778
675473258
727556326
746599687
550813657
560214271
802386646
747860666
774543252
747105644
599270081
719969651
769524300
599806100
554088901
545330450
599589386
594122656
655250860
694236837
739522304
583926556
564890620
777737837
544490376
554400773
770223049
620564220
780884162
668480780
655844719
573108142
644194630
646796439
556457737
757431441
606677398
642751867
755405209
650035214
567616770
571966562
708611251
800617453
662973613
552440910
600886473
541395257
669652707
771008588
541141369
738821327
556758335
589419869
739180117
569790416
587574869
731237268
652039657
666908707
755629058
559889921
606488916
680898213
770134103
612073057
773713291
791038814
588067768
675379940
606816346
778479660
595183965
601386329
618533895
774376045
737742374
684995883
774385409
725952761
777225228
671480283
592899460
789997084
595499863
579256979
781947631
603923499
715882578
599485036
775473582
651057414
785595454
608954751
770570530
689526553
758239919
704966033
685172975
653368070
590675369
589261739
691734107
780133707
703358617
562904080
800042622
800402951
564073012
646018171
569274473
720101621
638054523
743484417
549261180
684198174
543395983
665384586
739199565
724148222
789195128
579313326
737358144
669595668
731546246
706032094
726033217
710014764
568824121
545687063
694330038
609681939
755144926
704172310
640869447
689238248
736725811
654803743
788448075
767349247
675144893
761372902
695605184
562241511
747048581
659722961
766078079
589047427
716106812
600192864
787985284
766176070
610380762
676668996
748476836
577073186
803499747
650649982
556871259
763271375
578387603
697581737
543233536
701950469
553530115
798295576
758105547
617216126
618686113
569074293
676828011
635691988
663013174
667304940
739806147
578680687
747896062
677034366
592709573
671296687
698425425
804074673
597063500
764849423
618358219
751847086
716216764
664408828
615610667
675389041
637288018
550572969
578831169
752857926
587978794
558193120
689156047
746335149
600613198
686736915
653944534
610943834
656158238
760076957
724433540
566522398
589839138
786751511
582178439
624952489
610336967
726544450
539676080
732063413
740893259
714398558
684395777
713478179
626209691
585533058
766389999
774633995
552956197
732942501
703237169
722166805
754732525
572019376
778319125
683133174
794790938
580693373
685449936
565089658
662752570
725610427
693632152
591084684
579855658
791545376
551973202
572798696
580477294
682286639
733505766
667432543
601668966
705052662
553670805
694781987
582156654
691834580
607493856
625405071
802118822
638076103
721527697
762213886
722231053
720457864
724394843
589807083
685478804
759035071
724215848
553443092
540306641
559111730
600986551
602718331
634035710
657595018
635090950
767231550
666692520
641388451
723344820
727940484
558512185
593752049
598664765
548718453
683269800
695765994
594537454
716320769
674823137
784396840
565478933
746397554
777318304
604297491
541719422
577704475
564744783
590425881
682945404
609335211
608767106
656570989
736866860
671415138
685571485
620974189
689651655
584926677
604954575
648334849
799908957
778070448
801594795
541946474
653164615
689832652
617012068
662747754
596218639
564039444
680117610
616821168
798671389
575220909
600455541
714009903
643216930
566770990
747254387
539530602
763507960
659973022
554336549
580116685
621414454
644855336
669286916
599470419
563578387
685531126
591885848
638616456
792306698
691311554
802178064
613210250
540173623
551282811
655813995
571291241
625083301
763851668
558332843
557830735
743772629
657538784
779187502
667557263
803547021
549048447
651743307
716072781
645581362
738773332
649433892
749107324
649710050
767522557
704680697
537008942
554662589
567590637
790297368
732647319
723067954
793121129
603042490
613261193
697183083
717686613
572391150
678607486
698913799
736546836
803488233
790880714
615211672
539876720
748404555
655806053
739160803
608240509
782556130
643098478
779443600
627718287
629733709
689323047
765581294
692731132
638305902
604910903
542178678
618295893
649948439
617320671
588368770
655020851
767323690
729109490
678265612
785638285
664355119
758760044
562891646
768011267
776084720
705338976
579229179
653242281
690179760
704758923
580208590
736120472
692873347
692206857
566796417
664252856
611743746
802181439
757811886
735562187
661217387
652879485
540447082
635616443
709921298
614386211
646589995
551381855
700607520
703003333
779830014
801488612
649359399
548693801
743428048
642008129
545870527
783222099
547747271
797112157
688540786
565522117
747166054
621960963
618476330
568499256
777036692
552843632
562508637
637665446
655703756
674955006
563789270
784521094
630467654
596849331
736996322
600224501
592058099
574399076
664567669
599423295
675355035
774212691
545663768
719793133
669723620
682808387
793293048
789466072
728893781
784092357
658499610
640315999
763685365
792715312
787207806
565559014
597250713
785884491
788042889
619012693
741106139
642278550
618194070
584410725
576673478
650410192
684324272
757360750
707914714
692177067
721636490
630528616
799494349
562686308
697374513
736131427
749922857
767091003
743385311
591475986
686553770
546530841
583852075
710174159
800815432
728158970
677498846
559706125
719605474
574505021
736680687
720010480
616779489
579030591
731173724
728804065
688452421
622972207
544031467
599706537
777310440
589711442
791131677
583129427
660305724
761944935
772959829
741353701
652797711
576342770
641098041
594036171
688374173
688082362
774602018
715893670
549044590
721305509
778514295
590541386
708435690
787434787
664157201
746572759
679649313
734421662
626080759
737121902
677879900
791039074
776057861
745286930
607083002
748919933
610642843
567502202
736476527
572873409
630596736
647941069
653375902
602560829
723740279
760180645
778739032
790773005
661768716
675617284
619079467
760389350
625982113
759375300
673803873
540817053
674315454
745360573
777368727
731779655
620066195
754796099
629440472
708778570
638021427
642208601
541281922
727688508
716565730
719820293
763689153
632996002
686325527
754253812
793012953
551206425
624321355
605406434
775675024
653325203
784714327
569347405
646116337
774000492
777872717
589215712
603325016
733443430
598938006
681738519
674061838
659166948
754546661
610091217
572142363
599302179
570624375
588401397
624269237
781597762
639332552
771034168
644299508
717263950
616693860
594084989
640215123
670842190
785512386
650998576
754977184
545447640
640975619
556695663
584218611
606627751
767244497
733403324
686008064
618762367
648937874
618403740
596433154
692599523
644413563
636461513
700395955
567064510
561753432
618490269
661363339
626296337
715119520
776631051
751512552
650176902
621197878
792064026
765006018
571961110
703254832
653822832
713386695
661616366
647309924
756973266
558885441
762336512
776330701
583643435
781372189
595772236
692525871
714305310
791842183
557281897
804421347
785505141
768447745
668656867
554594000
707819887
560078212
783872230
625778446
742538232
715014810
727289773
602270513
601793234
565463169
759695212
618855437
612551045
692621568
567374051
709812985
733939983
691820155
692682193
645309326
565286817
771666849
636535564
685775563
732724421
774984222
664823467
713496642
560617839
662496260
668919872
608930314
644182724
554228217
755811632
586128488
673150463
551789367
802292411
775680174
749010583
605488310
683130331
634806365
643386946
616456143
752909592
608498923
541391029
797747831
776782400
717166510
621609969
552449243
569908557
592431664
673386972
608675465
656532082
607425356
721541254
685897144
554281235
801528425
584390182
541001250
659898285
754848793
794186057
603435974
691314881
787439968
609335836
695485933
801665503
640233150
687371137
604515860
648034575
693885923
730816413
564776481
764667538
739183690
541788910
654491436
561393131
686626122
574472030
598584775
562059799
741683011
738033960
619358336
725777481
759627071
724410671
665316083
605188767
633210451
749569229
655551457
791451979
725981316
673743165
665949235
576576531
772536504
793767382
610156703
569354535
767285027
772362168
628070879
697233828
662085883
762359851
661269292
667474553
589563164
719453872
743002943
792716752
641999241
549821734
774267845
753888084
773855937
570693699
548761202
551418349
561017369
716102975
702655402
620419329
748651370
545106776
764029743
766900869
676725038
610242278
550019241
621346016
779364533
690425222
771609987
590223610
770925417
700507187
693486892
775995632
545921719
728650741
750872425
761022710
603398332
585244919
785137400
571698504
627848997
694563550
660244120
682094935
724667820
714177392
641430543
788941706
631462451
560113396
550603088
578069910
632714561
804764638
677232489
697249445
663436022
784339379
755394185
567961710
641872230
717791016
759930869
737093785
616160669
724709185
778515603
737337250
738889315
682916082
641331094
743789419
741225627
605042971
573683783
690378357
588875205
801761786
609320834
617257320
612615410
680703473
539357038
664965419
632247264
683667819
776520157
649632650
628038690
603492901
654381122
551620678
766519744
540253722
636299396
804803279
698913799
681838389
558771790
589037248
802574795
680388469
589374694
645669649
684348096
753919616
603935452
589466900
754396839
702805597
551074901
780210133
742201985
597036122
642992728
614144166
649336875
690791000
645580442
629864227
783926562
627452193
563723647
771167439
736510712
557933008
778232215
784303298
763387812
575037257
736365185
568797140
762952498
720298230
595461295
745892194
741066714
640827619
760868952
551812548
684600270
705186599
629658455
683281721
761275937
611476854
540379807
621623094
568532514
633483489
624475718
619652302
723635182
712088312
737176452
727199648
602708078
608427708
537924128
691363354
738197340
789748923
583425697
537496603
759007800
587332443
624847467
573932447
590859519
570818986
544925258
549797762
536892940
642560736
632277731
596079922
769005888
733333215
632648758
787842049
589770567
553969971
581854829
613140074
762523989
724242817
749913659
693867285
672804030
638849523
572901073
562095271
538477280
600295313
691624213
678016094
610041876
784540579
570425491
622768454
627865291
757887333
600058008
652533016
653698163
744595057
665445594
803136473
666520817
702395145
652298129
582868462
748263747
545591321
642253355
682891248
623468688
750505122
546274093
590273285
674019993
565331181
604139480
628607150
792530782
730343014
736704886
673454842
549982938
743901901
647945397
729127896
552372173
577998141
555289294
775463366
791040645
555221847
745419910
615365899
554591393
545778030
666064271
629747394
765226655
792231640
635386859
582721035
668576707
588424688
766797460
791613882
586662749
615950633
729980980
570878725
607873422
789846669
671043742
711179794
598984062
624057231
587088606
542715408
537669870
568892608
609159703
686400480
559679559
755792326
537358276
659085030
615928220
635044180
562270822
757752606
605939200
610395170
729927726
584487022
784069110
756363461
750142709
596553631
568938482
796481155
677033387
749485771
640898442
682455603
564712021
590611819
761245051
619912483
571874352
721641347
741181713
724800036
670152068
564874136
624753157
717600621
696974367
730172894
690378619
606705596
599776022
697519947
542663519
544153670
571778181
723420900
562453516
611975015
594637351
619292395
786096380
796907611
679628062
662804783
703525639
657576524
708644274
661963954
606580292
765954113
635998154
771990012
796117895
578678753
774693264
712208523
666756605
635619361
657696108
656866687
794126498
628461637
777626205
666073763
538196920
647592922
694598266
600004791
591023335
769529299
785674146
696499516
804059590
780576687
602448135
548835535
691317962
610969871
758532820
787685076
543498304
598684987
733764309
726402582
799864134
706867547
763277866
646450284
596368172
706917855
590022249
701480661
599756035
728075267
753967748
754019607
605337474
729058438
641282888
567162870
632104159
769956872
686313039
577945522
788935512
756808787
658468801
579529668
664542189
719555377
591139576
801981984
583927271
559401582
669005952
603240732
600947204
649106592
721139013
805053200
668124229
663243452
646146569
581250771
743048467
674697996
606912903
604971705
719307056
704112925
602446201
687343780
600586021
737428376
766866056
708266094
574664279
631272277
655280576
634332890
774355578
799306079
699959702
597369949
727264170
692284762
754627358
665746734
632953941
566070990
629605540
538968820
634810067
798360641
744378327
717486365
594348040
781255913
562938388
638058699
795677064
655572465
754867178
643169354
651670788
706007265
751425509
658380629
689624590
544903745
645173370
771092285
677433983
760889486
769205582
751821864
723794329
694849545
740469063
785833890
550594802
599735750
590300500
748482926
609720424
680895702
730424206
788320518
788172945
774435467
654290365
732241305
782271433
704944918
630007317
670631814
700972851
654155525
619511304
646777947
615603256
557414853
797932319
555869701
622410489
713089613
596302263
592344475
558318283
720952044
652482013
763351595
783125958
553886142
686187527
772462646
593463623
729108305
699332024
604836429
760183092
611296430
796922007
577281041
636320552
795660477
728779601
766324120
732209126
596111720
621498076
558830488
782909767
669837743
701956539
631698404
564558526
684154039
596144342
744987258
636470460
660392429
684640160
777280608
614693483
698298932
575850796
590983056
561268500
618300101
697006797
712438038
701721380
728288118
579978059
601024231
611653055
683109498
610597788
672423474
572312107
603450166
541672389
700415336
732268267
658912782
639816736
771508508
574284757
750236338
758489161
724868345
644381874
575716831
546219431
736927069
698422532
784291249
751245821
654504704
573460632
756137577
693779227
700319615
664817950
775497528
649057879
726622781
638615670
660629793
715516736
657982696
590196008
742761793
607553448
796013258
587030840
692001314
764128920
717716700
690948952
674764182
689292580
558406721
760377666
723439544
699868094
749860968
793828235
695931803
778071350
786611093
693910759
620578356
650043818
782448372
787586836
731270439
618362942
793413113
590139224
722114853
610225368
740013660
588942238
619070384
691111513
719271686
742336607
628992630
805258621
767621807
772803508
639769636
776778936
550102775
781051924
759538070
740797904
697206581
548409635
665362499
666545403
791165812
646527075
646167245
783458871
772149265
693466809
653562703
801092450
658561632
741869719
719288477
567166053
768400718
655262961
729352834
677391148
752828673
571714091
775810223
622466310
572810044
791325741
575355905
637684999
691880992
764120473
785948023
624795046
541932903
722846720
778144644
621451895
676984689
794024039
633681210
542826879
786046278
559127631
760521347
740158462
594698692
616031958
629627763
628235399
706603741
657705863
546357561
613327700
574323621
709112693
706645880
638589066
732571560
765493986
766101635
550306643
621979710
741253509
544842062
746127091
679238081
769749090
678700982
569932298
595737540
552126900
791076429
756854744
749731689
725049156
795540088
598996071
569928994
770263873
684534259
565262569
704889617
754531772
705976632
655339605
612855767
586991774
582482088
537807630
571447308
687341900
784862609
788061638
690468357
645538663
691589817
612366353
674402479
804520223
556874081
780277755
774083832
562732622
656441175
700702702
762400727
714407516
659145690
548366088
724550806
653294238
652731421
696716863
620562790
631540817
803383060
748620463
804388723
716570384
646187023
626948522
599706168
637910773
758762789
652479837
699278024
747494759
767895290
591354439
550937255
604947177
802391307
607563679
664363514
547565403
789129209
570719502
549250648
799195795
691305625
631988789
615367390
645822574
646330477
778093782
577647481
714197036
541225675
626369334
660766983
641533753
692559483
681612215
587919616
584179494
628998738
772258555
771532876
636173582
732781147
695794319
567007377
663721475
798489563
704988614
776967317
707354694
704533999
684212697
542755979
653237389
584406891
693303619
628972177
562443608
583084637
651931993
665517991
677572993
655309811
566262202
538614616
634144291
683811682
585227408
737713970
746815841
700558002
728186444
793625378
640260512
595375827
716166799
738353598
699419287
607277800
617905860
607966634
629444183
646138563
604235003
789386843
623452366
547496103
647508001
730471766
713974325
797698396
731857350
793160786
780324846
775363618
795371805
557411229
565823495
614622941
720151724
778662073
745380198
771400057
652737196
747430262
782205154
575197243
716559436
724064522
635870730
770032589
617610118
658412604
691633514
709764707
587528526
702667623
728681398
714621443
763896024
760774738
688785429
739231313
799807734
701555489
674566860
549555453
567661804
728986694
674381936
765075072
749782043
702024901
659645652
680188012
653961990
753756303
598316343
631237151
766916068
564853058
554087958
777824338
593185620
711260232
633890162
547341673
671008568
676752853
634866918
660400245
626948183
698769415
611735084
583680936
659014766
731236687
719425374
693682414
759088922
611123808
557265492
602583389
672864983
683183030
740464434
688965507
617101734
751403919
654633838
616812239
600046123
745820799
617596443
705010091
797204130
693660541
570628629
745240485
677758782
627703714
667938597
591430147
633107667
598858604
700640057
792337255
735107851
775418151
719084070
797625759
701719102
768301359
723293193
805289734
772860276
768728324
551787936
604619188
685871702
687964377
583276505
757528906
780459473
679991739
543760410
633075280
564834853
717157856
537512705
577645902
596252682
594194988
761612861
756336047
774721004
626306127
586910369
624653639
622780174
627691583
556999622
612689995
621218532
668232154
777252649
773886682
595095671
804693895
665528378
784485738
730093456
698388140
718614834
702422133
754851430
628792543
660450691
716851152
573264841
539127209
740365201
537351354
706079520
692778352
682706508
563982770
714633663
700300864
735625532
619336697
683995873
648608399
566535232
758798696
550204949
764040644
751171032
681134976
742966308
740195448
661615967
614679318
620011137
580708222
645208354
650314943
790957913
723941760
596005219
732879736
696346643
655156677
605891192
626406980
731823603
649931239
728094542
696825115
744834172
716359653
599379725
539694778
558096210
793289627
625841020
559256114
674713164
620045363
798056910
553625253
675855869
743465372
564325906
685818936
680720608
552697757
757693604
700442044
583119768
602434058
655683734
685017577
702422860
697723560
614615609
697871811
693222634
803479442
649478536
568791479
565448924
557918575
591581292
653635533
639164652
693595666
552323656
667205400
677275741
678141962
709581129
619300293
719694663
624203628
805050458
780885950
554485295
568029144
626698738
673288138
763276454
674351786
543596540
672730418
693635821
750365720
732074101
792344231
693610404
682483298
580143305
716659593
724449196
673933917
588066192
749474111
710593982
670672347
783939881
611547371
653717181
671186722
740474528
636112169
709275977
712492477
642405590
735779448
614566982
775117979
618906135
620487156
655708651
573849982
773590156
573892948
642621248
720708585
538312333
659523449
793210981
754749454
682841198
570486754
698004672
729926236
804286557
728036619
687252457
601740152
761960296
714668178
688326997
676064273
594448133
803949444
746681047
599999881
623160415
750900668
583356248
696843263
752696527
561872163
612148544
776105136
581818615
633863556
805300105
543359171
700769677
561807625
709738984
673328446
760659977
786279039
707120292
545847084
638225706
572510577
550833164
552993290
547016522
764308177
605005086
674519254
621691568
572281245
754837543
603518193
694578061
572825904
622662998
661607480
616494678
630358748
739649351
702160535
669166988
795173538
793924565
706214634
645602114
762140292
727367801
616996679
700432742
554093059
705484441
668763642
562648160
586169827
632475268
752645271
708538991
638781251
669568685
567828751
628475235
660519295
730641704
708512132
772678054
658324430
638434741
629556024
578046086
713201949
667869676
561241737
797605951
768002837
564656203
754899326
659452208
631683326
748232416
764957688
783926814
689089183
595716307
803655072
805003721
759311213
750568053
723091618
731332405
737113281
674167785
664165776
698841857
569219477
748303613
566967633
724319587
652465162
591154618
728903289
667121997
789763213
704427591
632331850
640635419
699555552
613174115
690607857
746052426
679135222
803626822
715725044
789204212
593036445
767369040
718110902
749026446
543427872
605465192
689439738
732958937
594338701
549171092
766600805
661840894
646414561
739384043
607695826
560203773
607747494
778046398
801591786
788880225
634131475
641987950
608525193
705707611
680329990
737751897
675260024
539170596
674449530
562639976
660891213
760314750
706301928
697549939
774511942
730225914
567239771
627804726
547342045
735329267
618272106
595334600
575614037
719426458
563966444
695019266
543594109
775238548
564568563
714590568
656766524
605387909
705861538
796738262
634550865
747948099
711270410
560986409
578778343
747376275
635667449
598622759
605986631
565990768
555476584
604850075
723279433
767052134
580775568
594905209
675984776
696364985
668100842
586632746
604148659
697839577
656423580
546510499
664310164
696233209
654308228
620293626
611667336
590643556
621982363
741654464
784692826
582614465
705309029
729932179
579202633
552425005
546394886
682135081
587356122
552633507
721907474
657233455
555641907
758921894
793592956
547938124
667719760
715464744
651381379
800919957
706521671
750647802
741663184
639556398
645661036
627118230
555909713
730737389
661971215
633485260
691175290
785154668
786291448
657413992
669739150
746342646
786581438
574045101
551097924
598269753
546945679
717758744
663888932
746842043
689690296
771044000
758343996
726327703
573845050
783519740
705898120
686118884
552401088
622367538
543779874
675070185
548438690
598639632
695107590
668829547
688150313
664118255
667314854
644158204
771948902
711833298
752221754
603686903
776840320
665527388
583066179
705164487
579751036
738262843
729051853
741691605
615129919
783544675
642899673
707775831
560235102
770057119
804025315
612310375
699481556
748281199
602682092
656559242
648628541
562371841
736052789
700231938
715035444
776997566
548776465
680574061
751777733
610016575
773716738
788677846
621671810
803377020
803859415
543127371
666131531
654762767
645156719
776603954
732689832
745091394
692319491
612517830
771980134
743774471
741737358
691533217
614573337
641269535
671062318
638967816
622422323
541525477
663038797
589508468
679130943
556013643
757275353
712294513
578151837
745822949
630249460
741068720
622689342
684819891
757027677
682831540
687151030
677568822
733281384
601485699
743153601
586546672
737997231
641451362
673943693
779246216
554977118
632534649
615269451
555740436
576971805
767089565
751307081
772407015
570985675
683620478
709132013
751967355
598669716
789488079
542027022
802442185
797711101
657228045
601520719
670891286
688133428
728214484
804790010
715551865
545797513
564394453
767161915
757704114
783715658
599447425
650955532
547026467
543450189
589368865
750222820
682406847
672250297
660063673
753186178
558642958
627036158
597954202
652630751
686060297
601891457
803151135
606805191
539082453
635085973
793464828
571540748
783272254
579914655
771225870
610284313
547431067
725908795
593700082
551001031
745126254
543393469
570046951
558645634
571447820
739025021
661253070
546550540
686275300
574191361
735831336
662897130
537072587
571506241
612732368
632481183
691920642
627484408
716450896
736708322
621420146
711064186
613770427
702774167
666847122
665912089
708825637
686982851
607257590
649113405
736655654
585626298
776307239
577836120
608949239
666769859
688833322
605767469
704773206
549832066
579531519
606341880
757144479
743732447
639426331
622261893
664754670
577980552
763946868
789340988
571513664
573159748
584314901
715588836
576339860
702075401
600300220
577546234
760798902
561368942
641458388
706020993
584413102
629753918
563053213
578436562
800323199
756319489
673072753
729424588
556853265
605619048
572494646
750986347
578439350
547526194
620231018
677607716
695938576
670169853
665218085
568839585
537540266
576783620
742074180
548867663
768732721
548539221
747093682
638678583
683927603
613736264
613963933
714045131
690001343
585497554
718665981
598210866
783421752
682951720
636327705
593321735
601957632
744198709
725585909
589394769
626034903
622574037
683220730
685716331
552208614
613201794
612919155
774084319
537791225
555122536
568587818
741389106
626792209
740528644
659130201
559735425
624358832
628086733
733737969
794454753
750372357
595932437
639028845
562110125
679859814
752086314
638159681
670631642
685847245
569054408
607834540
547527786
572386723
615994379
593686531
735669337
595955218
739987867
665899856
768690779
602826507
637764070
667731197
734324494
587143793
780338493
573941009
651229947
795567888
611472208
776139435
758416677
739210325
640095961
668282478
726841307
625114475
640220910
564969878
787924508
629752680
644080573
664938232
541672172
619030038
741355369
581592583
748064712
570503446
537153846
701464564
661096558
745713901
722587850
642880781
543666875
539532586
691921666
681325192
652687876
699332432
650753557
768752796
576515643
769591658
656369548
612035607
693444573
768018063
571071912
780718206
641852116
614778609
738120077
691022307
760142996
781703101
744892631
681681638
624796962
581171176
600010707
767864059
606687399
584551908
737118390
597090462
754850672
664259990
563720349
539857988
696508824
723103361
624188441
544678126
719108065
654060373
587226668
639417027
690267032
541834411
703252292
601488743
690648498
793719270
674614893
783204739
740081155
648465458
597088750
767042054
707620334
758195176
646092231
768663297
753623693
691518108
733760603
662557485
626698709
558639134
659825106
539560888
784672449
552265894
608858763
763413862
658865095
744898372
792040564
740687223
777314644
575422322
553230260
722727862
570709814
774145251
681831585
735604704
565637884
739844940
734188649
702684671
667671241
773311548
563130175
649665435
664714404
677098169
662345610
650425125
655866590
702656704
585352012
600842097
782471352
562908090
694838471
565850219
762067618
772895556
704409597
733576418
739688316
738580925
594265369
636274763
566898147
554585196
760549912
694078824
603845896
555615206
762714621
705771400
670903986
795827249
596412981
780204935
674820094
752693645
693720240
785730536
750607532
652102896
618089725
766997387
690618697
725073757
552767199
775920899
563409043
800117519
663098740
695695922
646453710
751830234
559072364
715624850
597874236
790242010
627859819
581930520
717517793
558661254
695826752
560876402
729130068
586323766
607328822
793677336
637930099
650405541
544513537
747750914
756027915
625754806
561591150
711096541
677762079
716206834
715657457
674874746
691789719
761959766
571429684
640618336
727577345
599377602
668924679
802828196
631509435
590206916
538715726
690527593
747438742
591096441
701267131
610245016
708076050
775169227
686453956
565019142
748224461
539000416
556279872
703590971
797334520
569025878
733354687
768704505
779870636
678701194
684017518
780476068
736310753
644991875
536942082
659617566
694437049
540125743
778807302
744812671
601114144
579891807
676795466
710819790
732914108
683416152
781363758
771303924
604403555
573549909
654018273
752166478
725918051
573133017
732426940
693075827
753185904
668209624
686113894
756238655
731370779
585225293
611949696
777066659
744449359
695599334
697477229
571486629
752332493
707353120
716240535
536961032
612927321
647978134
635178411
570372658
738762650
630152671
652117030
596147805
700805402
632749208
704875781
563787673
600851385
550739179
775774672
764512538
796702327
640571655
582813135
739178123
688936067
619470377
626605844
769985054
793483308
751019478
799949875
584936869
763443677
703091491
552716872
667407102
589102665
613402081
707762995
739183906
549263066
773681721
667949030
633579295
654401362
570924165
538904986
537361980
788966880
786656760
713927712
644026073
785430605
653792400
793691462
724296048
787395052
655893525
649673003
716761116
747458787
594256151
742196455
626557345
667040818
558944533
623361690
600898653
620399338
695128749
553710259
741868905
669882433
673740539
679597671
742492572
743505551
614797361
738123417
628572810
710113789
631682672
540823094
767876581
628488967
710174207
657574821
644093332
779232375
733165940
548833274
608260123
670381150
586998513
549807039
798843095
538777206
563238340
792270345
549603156
562779049
714818547
584169640
638835574
604618574
801528337
553856994
659470892
771889156
642256493
667093201
740257863
714064303
736247851
711345216
573827757
679742344
714422461
678241942
779601732
592299635
719100217
695006768
602730601
629881827
553926308
594394047
542791787
774971763
600050989
580853937
655457687
541424725
562613728
687831707
591920466
730272414
679300156
674553254
796622534
561076172
720817673
667716782
619644538
622633260
670160224
783108939
699500860
768321553
633717861
559480365
622531295
717198147
698285260
596930551
648393893
615554126
562287546
578682490
673751250
547074595
716136027
625486312
578679166
566471419
709479403
785698783
619805073
731275981
710770569
785923340
728580099
802774504
569921048
781863773
601162681
792170771
727420428
783473394
786073133
608325104
609140897
708350437
710335613
643205406
590599811
718519528
552618990
580386341
550918093
663260423
734867252
760267681
624572731
641870858
605728966
753540331
798586244
616842815
611422324
720859826
740512216
728668514
657536231
638485387
621709954
635655414
765014858
666426506
755022334
652056936
726831124
669980189
697724550
610182504
561627732
590439667
680730263
704364680
571351324
542950535
668362971
558705962
789280098
702300357
645852540
783110007
601005615
803955389
661284827
610530567
631658229
635516183
666124656
695474024
591377584
676970616
550270723
568071993
710148016
647579474
621398944
550969586
661223280
540261062
555017310
688409541
633837607
804520646
579153251
543575035
677193973
597737805
592031949
732588299
772032467
606561357
624650002
565193562
544082741
677391030
629204409
768086875
798825072
776176573
755129139
577115356
668438981
600461741
540969806
772206893
755601637
688236955
777027015
784261196
579685463
695005708
717358304
650835381
707978524
596522739
617984434
766827546
691766888
629523986
697162605
658727891
773731264
683044639
703792668
643475297
570226069
668399699
545923662
777210395
610955122
751812701
552292660
717826953
773327832
733826475
779491600
755155070
552227579
778980965
687400386
608238762
759869205
553661924
628347716
569514124
684846406
667508398
611372967
790544808
653533557
616047968
593153698
686635269
651468356
661870731
643152351
585545977
572548906
662699804
651018095
774461228
558685511
771735942
624660564
664771514
700279824
685444285
746744067
546029619
638677548
756837629
763509535
627351388
644797567
687723887
598727595
696306286
683044391
548888398
747740028
651169004
693251010
743650560
655632081
749032321
670301161
581884137
691833702
626542009
715479479
590319771
715298678
772300837
765481105
566771141
768567644
695521961
773272459
576422920
564302803
687725701
659939972
779873268
681939004
594743759
762555398
741560370
588394297
578672611
704102674
656380342
749666712
588211567
724916320
763865718
798363695
753543340
593464114
752216530
613443935
674551156
629277130
749836732
687766388
655825127
608031001
674158760
742582811
691084945
640543199
788029507
724432719
630847235
564852573
714698209
557565159
724554705
568697851
660676463
677748405
556725515
781155714
663421450
598323322
699932582
718584684
773978330
621064369
557912006
798355415
710406835
537622093
564882729
716589119
791800889
637168410
548693097
649385818
690253861
706568383
585738706
648671527
584488111
753972157
744218244
735127970
553812737
590299499
568461068
613506617
794432260
664805761
613282988
537311338
732840102
587779781
696346362
614973887
601437846
757890154
708519365
624107922
740184404
686237322
784148017
763582564
669212475
610169800
733289750
699094379
624159624
741639367
649688584
628767685
676098779
631042515
675178382
709412443
548577378
587072589
618241981
689640268
653061350
786445624
639084923
749765988
772797259
542828576
739694991
594058315
730656732
606724219
677931358
610971327
649117851
562770536
583969955
600170324
555699961
639500239
773828935
800403648
559971081
733844238
688224027
637121503
646188876
627728257
607738503
565751549
549229555
544588265
722994613
703582434
750711897
653760951
771460709
594870396
747883736
620385812
720406684
681790845
590555760
735223357
661825409
594805567
556354687
570833055
628273594
581527373
706785401
688472375
776800403
623534656
759658163
798101932
801061627
795684465
663131891
543885529
574231707
565561902
575680161
618370246
724574021
665539816
769268909
566146968
688667780
782198541
633337895
763048078
688113213
782860361
587171353
682410520
605486843
769986323
695934704
709673162
790273158
717873169
665147949
546904618
635595220
739133672
690357570
653160770
692537657
610051838
695662937
607610315
749600648
619596635
615364151
634598559
787910605
674706281
750249275
648146575
623224743
676859926
611887275
748041251
744611496
663312352
774592194
611320122
726627148
735543476
766189342
651955168
635449937
652095563
758366752
692478056
624118143
791375358
722799905
668193517
632486021
640384403
556090645
548624885
616911993
606012881
702797451
586099558
588828199
569264201
720208399
649004370
717750261
762811961
679768156
730973275
632339204
600291155
797347921
752752415
537409733
542965895
706173402
675274136
755408783
571361430
778997400
719461150
658361836
604545431
576561940
712215412
703568822
789914479
587440723
756582371
606026797
787919221
655182891
548550997
646841982
724996305
703068335
679765677
764668452
693584621
566252538
754707278
791587315
670832257
803722753
711810623
565677847
784544995
550144016
605943528
717621683
692445507
744899810
803357875
777617243
595360261
717132057
724182016
690298089
737587689
623547184
656930061
546157541
563880869
751628553
546164905
554067624
770524630
790660067
561671554
675123008
791810582
571353410
766887190
699345761
642134645
686331147
686462272
703688084
596166637
673226349
574621932
759908943
657746154
707284904
793647173
667830483
542479675
570169986
753206600
566391774
611648297
725648632
539792211
615886109
801450229
731975696
660566440
720777339
720072144
724233357
554232082
788617988
728740838
782440567
569239244
576482112
556005980
715524887
766905949
618151315
695296827
667169967
633875364
751851848
640486941
712654899
640002095
699325705
571781545
783699266
594461033
674965838
762203979
787272171
567999650
795789810
749090714
606753440
573502714
657916313
582526859
670389134
704654632
743864189
678427216
701615957
607329430
576538831
648437477
678359156
784711680
759464218
802835567
637850130
542579024
716268372
616183953
713394187
637360076
565250542
706563023
642834099
755966522
775054971
693390882
587452879
794989045
790776277
766366386
787633387
778959620
589600995
760208679
696867861
624496762
722922421
564485026
778558524
625488926
628776636
774769729
760030685
634131390
783944332
799011200
584726853
754065769
600953959
726543298
668204897
696279436
719039685
626052180
576563192
640954036
650753462
582676589
675032269
745364617
763375116
682313997
608035722
629118022
769193903
600688329
662753607
546987646
713408414
659133608
691489941
755332903
784713336
779241439
559919711
580146702
703451162
716683941
620820067
577287846
676641234
760363201
777738304
550173374
578028534
686621592
608075155
775736873
767999787
573089836
615835857
784174318
777692747
732053594
559879662
706355378
738338629
634604358
549219641
618006896
786369134
653346094
619224829
594946302
692165562
707198630
789657119
542649321
576846202
588742155
713633491
627200678
659293193
713047296
755118846
584314224
626855808
737432420
670705705
780324763
782554937
740655062
651192710
615518421
792179964
644628761
725892368
555307182
674628449
731776871
753388180
764433705
694704875
707840492
739125205
539643546
730910068
715054117
798519831
653732800
543691791
632093900
775600005
599032656
681727420
670388924
652169642
768748523
651566754
590131148
764895845
574690066
