529724186
476362663
523549066
437296099
322401283
339348842
377623110
424959314
399873383
502853597
394637633
386511793
352809217
393716360
452442901
366539265
384456934
363022108
352875137
488005299
420027338
369564949
335821026
353939717
309702958
494857210
341377272
408785073
325668715
378220399
535647691
304441403
319967492
514443710
380757149
290074241
424050648
404400746
468121285
328229454
340321505
426291049
324766642
373893970
461789034
525118656
485155229
357618053
421387943
460566183
349005535
531147700
315447376
343162439
313488038
465600566
329706972
343343486
478651346
399441832
519516693
459352438
522460707
335864953
311097381
387475189
510019304
481595688
525129205
336691423
379027668
497384775
337852047
318789610
411171076
480047817
407270332
493198062
325864861
403035383
352222368
450770755
422275590
415454192
484472597
350460751
327184096
337132023
273410067
513830043
271716516
326885605
474398768
387826778
287298000
494326904
476308653
435691801
443806698
324770985
458991971
449509242
305811410
342322541
423200841
408440195
514727092
338528232
427416157
530274464
386966771
308323378
436091662
527687046
481596809
450831055
325727944
310196894
478764109
439629790
302392153
466629409
434172058
509217653
334185152
321229453
415935401
297242591
515866682
281783468
307355789
447676239
509832186
273575496
504273712
510190352
407428103
529499710
356754891
415520042
519055603
348648095
431632797
459872237
498563733
289414352
375954932
277897396
453874063
341154345
423617408
312630757
341189113
337237973
485144928
294064767
344897248
367345890
535056986
487375179
473214680
427968897
333076463
435642840
357727851
437805213
462323424
304929864
361397485
305654712
382747576
423195744
528797002
324095325
285375511
335627159
509852596
336709010
461196605
501336557
502144278
271317589
361044277
423802727
475561169
488170516
296905584
321819576
341939034
332272230
382175011
364937361
315064669
459477684
420228859
481199233
299404494
279117349
461762566
528517660
284332629
504286876
354665474
278207369
317103706
435169167
473035865
308368707
493810723
466621685
314031631
505238765
523082282
349358957
509755578
487632254
492993575
291100909
282618963
435824312
286767314
275461406
408106439
416962127
345820078
479781205
534579789
395354943
432694018
402769947
321267012
379772753
478476254
452922236
359238119
378509799
381955766
356429338
450217400
395728487
350635579
487946071
403126542
467970435
500850215
338882561
454825419
334827854
427840346
321040064
405669415
270576996
314643735
494390415
338151687
295203475
341703530
315170792
370709454
429856335
319803911
431977698
391521086
424100340
273217504
402904546
534226653
283283468
287804586
390213698
514806622
389671105
330649000
411194730
325467649
430433332
328542805
430830116
365503097
346312497
359952325
487196741
521317034
329693774
456865478
393608939
354740835
307724899
285249359
360563252
460335511
402324204
392843417
300720624
304204846
333273721
297352039
442032890
429395082
354674181
506376972
459655624
328040655
456096210
385073764
512560057
272219981
373603489
457746601
296560158
436293125
531160965
511049546
315108011
489836518
353122523
424941099
304515088
485814503
397788362
407196847
515825387
295184406
329772849
498896878
400661507
507609619
470786266
307945381
464261755
440098883
274993578
470826623
381320723
466277896
515162654
511997593
467939320
392259196
436338546
524412979
440209729
524872119
500890675
380007027
317686573
513093105
494742166
299565530
383445176
461049237
337033206
347104527
370179595
505527997
379534993
416597349
381808626
283999471
370203640
280032620
419442042
381398506
421024122
421327794
300414691
361643973
480402112
407559893
522522291
345727534
509458217
272249926
314319483
470025341
422682056
417514223
504289347
339281943
406205922
447876743
467580731
526979086
379598836
397711998
363395562
490557673
336239765
383503651
354199731
418927906
525634693
529381293
329688864
513665202
457419411
489091803
401189854
449022202
457055497
492528864
412354754
388262920
490397522
310696027
384622392
397015787
470348884
382463790
495323286
467014119
338839637
441767168
478553354
364368232
297576908
339184761
364225173
420239459
330271257
435046688
368035983
464364206
348622524
435086785
482466549
338122598
341021026
429534137
299630565
368677870
324050337
470659598
306834726
371587980
351008245
336812380
390941363
455056681
347617925
466910364
445659746
482035329
287220755
461264805
485024965
281625219
353426205
281265484
534929476
379341818
533876967
486958054
297303618
534470633
295554308
407281203
392102640
463643814
448857024
476031600
470598862
469278624
469340718
519096598
434462896
304197826
322676768
476964350
332203268
469769708
410393235
426777624
393077992
281326976
455823713
408685989
468668451
373472177
307760428
448997865
528139740
527201867
344971825
448743256
296773300
485851020
482786668
295565814
307774418
358037025
301086879
521215235
459156213
428802252
535605998
500240474
396451380
365977605
481474509
326301551
364569285
472968843
417083058
535246691
437978853
399681120
418639270
485653292
273452708
365731103
436755140
377701756
464990454
400694278
353858645
405845739
445306729
335691492
307056776
395765100
354492735
471910876
331796981
428966957
495432911
511638349
451163039
332377790
408108938
299681044
409041359
419044977
432895210
418514383
507027769
465364441
471598997
308668066
313315851
377463311
396655466
462890965
349554402
527820917
331065873
466807844
482428747
476750715
298329936
441970703
522013072
305440742
442460711
393741880
414917631
315857591
464895502
343407398
344988511
441495384
334905478
497352308
271540002
290127307
482627563
271155133
313716810
321126181
443674370
480041821
478246318
454547185
270962959
366174258
403999301
411399295
526157018
489363151
476097270
292357352
358722773
436098081
488630344
336827235
509898778
325871622
290050739
293178617
531717168
469802096
388601567
338476067
278176852
483143624
355495145
412778922
378541373
450289993
446456693
379475232
475674028
489721405
348517013
449801256
356271993
509092313
355730117
458219376
512645653
470926880
317715323
412071940
532392036
346599345
434286246
272445394
462015319
307754353
513893594
528394064
282242173
348086121
498051076
433444732
496962332
357195114
401003509
321509035
324971376
447665853
309946354
304768381
418938344
435716390
337611425
371207307
310972227
491227276
280289032
497742744
487271856
525825858
400512740
496798556
447155834
424442665
338497873
482566126
378779168
279068804
510097057
392501899
348479205
483247297
350202156
474962971
415976816
414192240
391739496
274611837
440817301
451310585
397565752
321571656
464615429
299062223
352243199
329558005
406455186
501983319
291694035
463920572
393245313
399488030
325788830
305532907
389020183
278642598
524587839
416469300
451529705
383975355
323988991
475040339
324789792
529036744
419687060
432146812
457245909
497371475
296245189
388851004
373438672
299312099
307833277
366958564
391113397
462585310
514290218
354659194
483875409
323788714
495435864
368327937
401230985
481764951
356978407
477510035
379159814
435950145
413613793
504207486
493552029
466865741
283162908
430455816
313099706
496923269
531854147
504052356
435678402
386163490
321902030
345836313
336721781
411610658
383219854
521131614
513355064
451151470
359624891
309353791
416698419
528153969
437237891
305085233
294136895
315680077
531957445
387248649
355524188
474685131
470972054
521897858
389633092
444877882
464377865
426118802
440885686
507312947
354431525
441758717
414225019
298701344
446385240
390793538
514316579
432364724
385818914
341016240
352695946
392094644
422432651
408614543
352444001
505496956
434368302
277504148
384778215
399042133
374523761
383046717
401609610
322855246
294317583
289167587
380783669
310493911
343816574
405573272
349142188
462344037
386628152
390416886
372264303
277786456
377502308
280740919
464152928
282416809
486278982
345193182
525411259
447750301
381655506
511424927
479267775
366135885
435468585
496188246
523023072
350750949
351337019
410001225
481483640
431606349
411390355
353603058
506605018
441680634
403695477
529787123
424319462
447814322
521660849
361899707
485736773
360917226
276145845
424313540
462717207
324805344
311603073
520956583
379697503
422570730
423943659
280758094
304885780
381570290
526710146
282585685
500390916
445506910
304126779
363579658
413523330
363809096
448219250
420236253
320257244
512033751
421049367
368861122
391207599
460808313
381982158
516643397
369666337
414907349
275100336
378144941
325911806
320434026
293912862
470715197
381984136
286009023
389920838
421807514
405878941
379704994
324667047
342250932
484516612
384085306
283654572
357419990
510943673
343563131
504746851
465604470
287913353
456259591
451558302
375915652
460154140
374655994
439906817
447035026
488133416
535816998
499536064
513338379
423897499
423988366
532863433
473979504
299619615
407337582
358883384
515836440
416706270
399921318
278703587
417251959
319956158
337733751
521516452
331580847
446276506
485744269
346237570
342848094
423341822
470209304
403429178
362252294
461128720
526175668
346363378
318588028
298443719
347575629
354328759
402402420
405706122
484994029
446546861
516285472
460753783
309748626
469610613
525702556
359400737
333579037
493149561
318184435
312750709
378424633
524407336
516916505
407665762
379085644
471433462
411398199
318652908
268793459
431372029
329046700
407291023
488454101
488896776
465664898
480817384
524473188
415500608
418307991
372033806
383639933
446011864
456828245
351708245
361556561
479078638
485882239
516885265
467172465
353184885
534184648
419152767
341778132
385977644
333382028
383005616
404614932
522804285
524491867
405389261
280550596
269627100
432499602
504918071
413171569
534390615
301364026
295665963
413625255
322177588
457878177
320674390
310644735
325048583
356733292
533176962
275796045
425051488
312373582
525350658
271680422
430106702
442336418
343366844
280846724
430253014
300489999
300669767
470457608
430080672
295121829
528571946
522977381
526128017
387974044
360951643
367395441
460746350
459516234
310768030
334626307
456328631
407672486
271456011
524879464
364573798
338074233
505875407
507161918
424310815
321818864
413676414
513609114
290588487
438884764
318400257
526840817
484217523
440170150
275186474
349961881
286217265
518770555
491258169
377401781
351078633
506923449
341979076
348557926
390162693
376753416
505473046
388248653
286609607
394254323
314915477
356515106
323142631
396058312
448034106
294994924
422641441
371911401
477995459
495029023
520998520
437980717
433086945
407597272
324159282
517256135
272194269
354316181
419140036
449518614
533641717
445796109
474186583
339264363
357485503
377558260
402807155
354665788
454457578
283458616
473419295
473353167
351484888
513601392
296455707
350060881
530634928
414551988
392266829
405773476
274638690
490082705
455106777
339445620
430056255
464374221
330047598
329941184
381401101
330784092
306372248
431047635
404542004
365461726
472116837
280354754
392588823
477948910
289741747
508234193
289038910
388936920
360974023
497994706
452668610
378497066
400897701
310320321
519307430
399796292
328833802
491714564
494152619
465028476
530907450
395783600
467248828
305745687
378308299
430108800
318370397
513829220
395827417
337114896
534738073
437898763
317380427
377634453
501721106
302695114
319900057
501973136
269887180
295426536
340461990
504844494
337926347
402375081
467112022
336288597
515419030
287594266
348611686
453370086
413245911
468524745
375874239
314189624
482758652
504399278
398321904
348316148
506353041
506918147
458000339
414291127
334195658
502065431
454072097
494254281
393047889
504039569
343860656
529041233
358793669
514408605
511676500
365366483
407356701
499175510
271866286
383436978
406910010
467105521
301566459
317091901
320110848
492913505
345147270
271687933
437855372
484940552
310541263
306865346
433088729
349582678
417973353
419789507
534211530
505575422
371178848
293284557
348699977
464081222
445199987
438098571
489528588
529202785
339643395
304745558
284673044
271954390
369547838
518063958
279535353
459919853
451639347
344333496
450929997
465672717
311958593
269321255
521392291
468638234
329622726
484705723
335449288
388240664
406979142
321693506
514153313
460473688
443948258
415471219
398338564
336701008
450296718
271598684
520429368
318096290
395886752
535982117
440780952
362013090
289376809
281271798
327221871
447028232
501697342
503271349
315351047
296360401
339588563
325201977
427960723
437756592
345678126
402015400
357893544
479976470
484140968
339813190
282491781
370812328
366727784
453882530
450614431
310095918
294284892
418035054
371947622
344290903
535742894
452221333
359561436
321539972
429754924
365209098
451383856
466441791
354302010
309268009
288593752
433348724
395042554
410700283
372319592
434314722
396141376
391446921
316500035
494561706
443629759
363636609
501785483
493762702
269882122
312231620
279689693
367463684
341881543
317639052
532391604
314268718
344324558
303041219
478985630
381861616
437210318
486594117
299732605
376755875
318838731
492842069
331949919
483628205
284724107
454772363
444651735
510337747
366650618
513102226
445205386
375903901
346946718
303728914
328940750
447166174
386403583
508335016
527697044
482703250
435100338
446483176
306957577
358682718
527337049
292660596
455600481
385786334
515194953
278226368
409881986
362386386
429433059
362324478
490531009
458425588
331712467
490045811
467362265
452855209
288493113
503234693
525566270
294003744
516041797
449701768
400078583
392370964
535708324
370776259
467591001
303692209
480563452
486484499
401348471
387873810
416625561
403018331
422471750
514747305
370846941
412741972
418376795
302142821
323557922
342744720
423968953
528710006
362379573
487077197
524994015
353133105
490975322
289268694
470618306
339441469
440125108
286915057
440929397
343108575
414581958
378492639
344498766
269067759
275169957
454168348
527361556
459880224
431007879
477738367
481744652
363951174
279228554
427483689
526263813
322450349
417602868
379079510
367991386
519816800
318538131
393385565
484467228
492221658
443299044
369925138
302636642
512835129
437736865
291454771
484595019
534345066
347978156
398257214
302514617
282153905
473201132
451266592
478199621
345640899
275366300
436200239
518928145
378272125
300115853
424884511
336200790
337022166
482653310
279401175
371481278
428276212
534141659
374416909
299753651
511934981
477760663
296046960
416990845
399103519
405121265
308720310
531465489
433115891
508481014
402207517
356807703
329977926
456027261
316155659
417183410
278064460
337592734
433235328
326847331
350717986
299467399
278637313
519086622
493213744
323065566
404812749
432401167
281760665
519259701
517140626
495661688
422288516
512792543
410012372
420612309
324239464
426132579
279077174
463871670
430444085
510475587
359108879
426448569
343915779
432799492
439480882
307766680
368982415
533433626
308433335
510146750
341853595
528685167
512516077
384211197
394831557
531942005
359782867
528410866
511944866
457831822
312179164
468045449
415277801
472757557
351412681
497908109
492010677
359467032
385083119
369857043
483693871
336825985
473855052
354505071
351283411
321848245
434790194
400729866
290974354
395963344
467608851
313334602
419205250
454108334
523195491
529013324
317465581
402657272
338129539
458792704
269146352
357346230
447842134
521626020
468827553
300403362
428916832
436671565
303462873
401474968
299192314
501197904
301427198
473401029
337708441
300091755
308231353
285615254
422824593
360223290
288855879
352269701
529761597
345163861
446320293
407481369
348798954
497324877
521529060
510675304
318143804
328018027
367178113
289360384
343491232
404305175
378690002
534211868
346895501
492363636
535327127
314269861
484842363
270552419
507629241
366135282
494301246
344057564
420489919
385504996
450457554
312402102
463188202
499779767
404716715
411291312
397566557
411919293
531496455
383527607
280515801
286374141
467144589
505722130
432396843
464262878
458308864
310119196
390398390
385686339
455069101
298063737
342411201
358550455
495426933
513243919
421924020
413284265
329505723
405677666
392232034
381851092
290687045
338036640
340917755
332745564
445395363
464082319
459391912
511171641
528960875
413588839
392265385
485283595
353478354
411926800
344263288
387490582
281185305
382487448
318256082
279068464
424961494
532502145
479938196
516573487
376584837
389162939
427131657
287150393
335312197
403863858
457769798
341371956
514403714
455464421
412606233
440598552
323935064
408750029
417145535
321816441
469047102
511287693
381688261
426885633
333757108
533882237
375430104
360346887
332446597
308329454
397238276
277394973
398519920
439607501
437118132
526889039
315461959
432580955
280262373
389031772
345229176
309636914
327148700
531208963
441487356
499039217
456828235
344361356
431682285
407673103
410554473
450789505
498603846
396985810
390972410
446516524
424186857
272764105
442707895
372345433
362135049
428321455
464167668
411598852
363100423
495579928
383598740
310238911
310549271
285231339
376130668
355209021
493608889
466697733
312342675
458282143
413109491
347902183
329841734
309755817
300420861
380852763
272153030
333526942
300543348
523681307
375907774
466432184
299298636
458010884
383449790
401331650
345639764
332671095
346522680
328622535
354415573
449032068
508026301
515411001
501556200
471722562
511728652
424071770
377670355
489023342
396078967
499734981
449533307
423756647
391239789
339771206
515447448
352858356
324899672
419799060
410582500
374082978
366056953
305792499
320983667
421087833
483966308
446002889
424791094
283655777
349852906
353754319
364907799
506779671
424051558
271705369
372222856
515394238
445718243
427334861
498435181
445490838
311413977
268627684
402213740
274625417
435917269
410396607
420112359
471259045
447726299
482134501
502941597
514023718
523271536
311582456
449610449
297222107
496343166
493903477
408637251
360278453
329595859
298970401
450586385
274196070
517750724
459610864
298753110
454540824
268792455
323885844
282971482
270663564
496502752
501988667
295158937
355985350
321419452
411343707
311983103
512860955
514618890
273834650
433995838
306949202
307363138
424660062
358080563
520545072
457241894
490377929
445588011
514654966
386462315
354263339
381250010
536080627
460573632
453092358
521812809
286428704
516692588
472608404
440453114
410105362
428841254
351520893
535305848
298420554
321523542
531568775
530320611
408378495
276076876
465860706
477385888
314814392
494096770
506917602
454888082
447942001
397138086
345229929
342826954
485894206
287379649
381945020
363535927
394950472
471907312
503056969
494582382
375290489
275589156
383486187
531796271
271599125
268660441
409260483
304679549
474308705
467154815
338402899
521910234
320517833
418873315
286626332
381019264
405443413
361825279
396919205
345871449
434560048
433016238
469897992
372893542
415853911
313533607
527279161
292156467
464743796
427915584
276749645
305467486
507864933
512167052
391704362
463621976
330594973
354612059
288437229
497398214
280856812
502632242
277027461
421286251
360079197
354156798
370957221
531759064
387101501
410822303
301824280
453827812
340153461
529585018
428721891
493401315
366177890
343312314
448344774
363754265
471589075
499392123
464861524
464700795
296194462
475747957
385045410
424369239
469053420
519233082
374168146
271538188
394241665
416093116
485691884
345198962
408525854
447563551
389717199
299988768
430938187
292773845
516930610
287350516
443835940
442544280
355820050
369068067
520752148
484531644
466878460
514170060
426885006
534002696
332408448
397761023
349501034
481290351
317700202
488799179
291105650
518634166
399430923
469324417
432703731
470263943
476734332
449431712
347915585
449762661
529615000
450018566
480382451
337619941
375202933
332516594
302444397
326763228
273840386
337274175
311545753
278035869
349207092
415400223
297364077
512450962
372814182
297461425
484744882
399553510
271120804
464162596
337050574
307472055
475419693
435499933
360473268
358380515
354173691
307676940
501068880
397779757
392654443
317016135
516812979
341551466
342687433
272721014
441200414
337577042
297425746
529398969
341852252
404460638
322218368
371823781
521520100
494432237
446507912
451344987
455973099
277736252
462270666
397358448
472934141
337569582
346927632
384828696
273717240
359959618
354051836
386988870
299299965
411273079
522342566
310593281
395078810
281204012
361793665
390716156
519133097
325858078
535365976
395151464
526501324
291255342
282420280
431577774
367891135
271557788
472001203
270139178
407901778
363320139
508474050
351316120
429625421
472748955
522188918
438104744
460237725
300724740
454232529
370533717
377469492
388018513
320198557
509498117
454350003
448184351
415627062
401856728
317466480
426635740
280514707
513850823
482812436
439216716
422443425
532976386
359257910
403389726
268441774
296539953
354745012
284674089
528344024
499723621
399762690
448458536
515374645
504698174
420093467
522169866
449592287
363857650
485252784
520209872
349405608
410995098
452386271
410872343
308441425
458937719
289397928
426429557
412607530
473415042
474289598
348018275
399448158
496587654
473526364
503089315
273269762
397061696
361710939
534540112
399282358
419625922
482875204
321864525
301148703
436269650
524032959
442313872
485564713
398694610
299696798
424770671
452555520
499619928
507962461
307572481
529368230
469279133
310984100
369100068
387125191
520490795
488722677
319226855
520124247
484008226
516719335
447284152
477086242
532849828
360129199
277268059
291827378
306808983
439041559
356503337
442211326
400492732
488653763
498533131
386015761
516469714
301949945
418311213
528590703
285996195
485644284
532853484
363074397
449051080
364156028
390353915
457716703
534035940
406467284
300076950
308221644
443785547
296365335
455716721
526265316
457203345
461439050
517411057
501098368
427949059
452392407
311102183
442067871
501741705
520056829
485513418
464675684
400272610
457316770
391103024
466403203
332413568
446288530
459613020
515256846
524772553
365565143
301819774
405041017
336282082
332550975
318147462
303803854
310144412
418409506
336321279
514771835
386001389
526920966
385078498
425395654
530163097
295988039
437145506
413023119
417475997
445384557
300686533
355934783
399393385
376811489
531308377
283465358
276792214
326301175
383089531
402601290
280925701
335410259
412511921
419043388
459442990
403584016
425255054
491169596
534147209
270927030
428494217
305325665
454047674
512433178
512534432
368796225
375189813
278761588
374439584
382451905
312095812
310049768
380733059
361244734
493483274
409744855
512050876
519394949
329825160
357358232
511030587
335006261
413523060
498168864
334297185
471186962
487906733
428295261
393583661
302766816
296866075
335510250
321808609
292761689
375546307
376346762
427494272
268538504
318253214
395241511
449804495
352165204
496200306
527852344
393711181
501675706
290187026
392960410
509397756
289823942
407154258
378519999
448115336
406259271
484439629
400181642
464609888
446564122
452037377
512739817
294631972
271070428
317110880
535019607
359702972
354634919
516425608
422219160
440441569
433410029
354459628
363423561
510408914
393023618
450999552
504082955
452134565
500619758
320656054
403423807
348927343
384338719
471373236
359146673
280577704
392611942
328639828
382417053
423254907
315457599
288577376
352434077
484576826
397461808
340534605
307072643
438961903
468630859
307803271
375481640
417217663
430469894
535020484
466576245
339244979
289601596
406108629
291386758
322393079
496389388
456679853
444775543
531230261
366846783
489888149
410631625
508138126
417145427
331934092
453734273
272635546
434525475
516907556
436836832
462193695
489450798
357640073
478494433
522102403
293514395
362900508
503920853
440740249
400600973
312714354
431483413
498080624
510505728
307075319
301245469
425590958
443519021
269872955
416808394
326706490
461640515
407875253
400763655
468532589
442782987
411801190
531779376
288066401
499403261
327772751
477877104
437230530
372917252
468992048
272349034
349278425
444018390
372734390
409582965
484415743
518788430
502138859
472606355
347221867
345563537
472717994
388961238
414274747
451288444
431151524
408241263
306192635
382118740
517135312
295048017
281770551
399417713
417159250
479666666
304288489
517429623
268448466
459549349
336270160
292470957
406701988
385959887
359964344
395516778
275851246
385238851
334869907
373465723
370903438
298477111
302096312
348024765
416354945
493459602
362181459
414870148
437124486
483818778
335765792
531651713
401603389
478454305
480568306
383437926
507299610
324968224
391413485
277114905
530695985
300321813
440411676
351745114
291401680
391112233
443686047
443071901
423445073
442476835
468930960
389740282
346439475
444724022
436119236
339543451
450253682
317972828
291871946
507878886
318694240
396840677
458650945
447675758
279088907
434585932
511247494
515280790
534972676
307510595
348501346
534856499
402919735
358143629
313105797
287286788
409109930
489839114
484992854
526997391
344514338
320755826
424594366
422781446
294410046
399897210
270599613
335970832
408677642
316434950
339197117
433271197
536597273
504290336
445510560
531159047
478161835
414345381
444304897
311611112
288541342
331816883
275326121
430668382
320597081
388569467
466402318
495715709
288291727
395556497
496717001
493034288
441475582
529668554
329242705
469003263
295931399
446324623
369728594
367044792
533559789
401509049
472949276
340358424
452086983
429906210
527440265
399261661
344726308
381522798
502284164
349917523
370703804
368578577
409450740
434229986
504178586
289844368
345829033
445368190
326057083
337175696
451752664
507849989
396668262
446017159
271529688
315065631
283938112
409020261
309576944
322750709
373624953
479159005
292965064
336590660
318822475
434423265
534310707
269673246
420809071
382138604
375520061
359374305
324413404
269973717
526742164
372829225
384295442
327672381
366981382
409635224
473220155
274803024
356331641
413095537
355588056
468611973
285832655
362622044
503039976
287185396
485157828
514346100
410896530
530964999
457545109
496310015
307679120
358150966
496853012
407382628
505871577
329755985
360520386
377443742
273503927
441668526
307590117
349794025
280708818
453654435
424508794
270032878
374020577
310396672
532753308
409810718
343078051
358816394
532720268
515331892
468042463
287621876
329424664
509471802
287811018
527581703
373718405
369457782
469275940
369579008
347263390
529366859
530392610
431297242
434458577
478460469
494035984
397508768
353772124
437320241
357165603
517725988
268462530
521006445
309621308
269783339
323185526
269210224
394934931
355687508
478972621
416004414
488276046
462987730
460038267
424227421
480705253
493526077
396116180
437411666
342684966
499094318
506043664
402047089
457180132
355809727
323483971
469216021
527961627
528155580
524439899
476742256
498992009
312815135
278547704
293303895
378079891
359930634
454603634
379224735
504764437
425545306
369584833
493537987
304611744
369633845
356769855
512531048
533698375
451566536
382645879
358326736
460329968
313966568
510216849
410870339
464421289
502282218
467899261
369539483
517658132
408905050
410984526
526009759
518493516
503814746
326110103
418422437
494084413
293324307
336358978
462667227
411400677
498510672
488933425
316387004
360857140
438312904
368628027
296804549
490123029
311595348
491346580
301943872
531732182
466746300
377603700
485222889
401768679
315374365
303143502
347031251
345448850
296100122
472195150
382515865
441642016
396855205
437218914
523200172
294144486
464671718
317173329
503282626
486969355
397244934
436592906
456421860
490082608
309919473
528567064
306742272
425686447
430328286
534267738
323684502
337956233
272052670
457645345
474016092
350636695
397605181
508425269
490910095
498628644
480167525
526016018
346140767
431157169
283911978
408859967
489586900
303031109
497383543
526706415
287418126
499351325
370472854
378829072
301916844
493067977
300700465
376448508
529640630
328045348
492074714
475662432
430859149
469174064
398012657
442576896
306817626
308366299
335270916
318053026
499573936
299697534
359658764
377827550
341472905
455893719
477048190
401212258
408218727
424886862
314822363
500441936
392415873
465545700
450108257
277470083
431971945
342134819
424828922
431679580
346540533
449970489
494915708
273105819
407698542
438621349
425330126
392183922
320416532
273650779
433769152
479711837
334401823
535973505
306235965
281335503
354626490
403241324
301562450
441770081
395239098
277459253
499164784
338537522
422605370
320360838
423665158
348178927
461143481
286682063
379524448
405365567
287326428
407090528
484495846
476513116
286296949
275517881
462342052
280281519
389909824
339796360
511902598
436548391
284501267
281536880
461307786
308776716
332117227
433095080
306928338
417089607
339668190
325101410
343810650
320337934
530041708
432900666
392003107
357102365
377553873
460467696
534528680
471539299
508245905
493230874
290653719
350296280
526815385
407548667
297607628
396166300
482580078
486219268
327885384
277494505
417618651
348539600
423918151
450125163
451782190
445008999
321602427
459592155
289666556
311070236
288919311
304713441
400982143
375901660
374821100
499150887
377094391
481974866
275934304
476752299
368796741
362428726
524194114
464177743
508390531
502919179
331512619
525545860
340452457
389880037
312146378
281941147
366681036
314183660
518002279
300426007
418013882
446882015
295123576
380288507
529670925
403187770
439213423
473879848
430332679
420778963
463866998
335768632
384265862
512365625
491845394
439546822
484683114
298415492
490067039
457869014
439299979
436191315
463531519
408222704
410138838
350086245
421221457
510323166
523772190
467477516
284396458
317242940
282781763
410470444
473180746
515705799
440779568
340422557
352658904
394569384
379820699
343132065
396723834
438683309
477812518
510200474
490208377
300352987
370281886
338120535
503522708
291101886
467047563
276458000
281337973
527882417
427325345
489709335
388718125
348546450
362611654
452589584
472208829
379798637
425524962
479238223
306198274
518669911
291872557
315476782
325002321
390918936
472684525
394556559
448875287
408373167
324775646
529508755
331414479
270525455
314508976
340173514
274640726
378326005
489643695
506648930
342031847
366415990
317564235
402228892
338786867
372719928
392082966
341950867
316077922
391428483
298203056
387251626
368391583
503268006
464120838
405219644
518984189
513560135
453943043
362783017
433121974
278809947
352081279
381256109
466059037
411217450
358674415
533226469
303102426
432294656
506316448
382522815
387360439
485619586
348340117
327075553
368100637
424129370
489552703
268649100
517517165
388330899
515826417
288271059
396416278
462973986
386518909
500432956
461026179
481082622
437716076
293027028
408990425
496391242
445633474
280311336
400534770
403046092
285234085
496147665
516300203
337528523
311099818
454327534
365190070
462045262
300058709
467846180
474915736
453365421
470006029
521377356
483066174
525368706
434682427
513093007
479893996
375813246
275879920
359472633
291567111
321544700
399578291
297698454
353524869
274811678
519986817
453789593
449140730
351401168
358307932
416354323
323482696
412555901
449633136
322954853
394105594
293815718
436730218
523709777
440608916
269696349
526226579
326005179
516605648
346775114
400465477
513017403
296851202
353272724
389919615
374839321
379712023
392059079
295169047
353920245
314321420
310586862
274993678
430883004
329550081
496551572
325448623
297134981
402498201
276109081
349727242
278712263
531918281
406070009
411082483
293234080
464788964
421569244
453797079
444855777
348418570
302936155
281246736
471034743
480748144
401232085
385300594
381997959
457192475
407988123
433256265
422943445
482955306
399080146
277476648
369716391
302691613
431252261
490120624
429006039
423998341
519212195
414473511
356573602
487138163
517512409
467895192
455116179
491529495
328681697
316852825
296143824
531894181
432236014
379217831
318755386
386731740
284166162
440844956
462245969
312845997
451724167
444323214
395736479
535259890
487849793
448751078
374072322
458952497
531641770
444317825
426155199
301682897
300633287
475145372
527769343
275899009
349454354
532866391
281915587
448905950
284584502
449269919
385262403
427281832
310956073
428972564
447955638
295579648
277753396
474375942
464803382
455535769
461093193
398611606
408403852
467527565
413591654
424314641
481455133
360330334
351175279
343067442
274512930
493493357
424173535
328191544
400710535
352214339
528488150
432048216
368985365
431171704
363258973
442383599
478411673
352214815
477440547
406203775
495752499
425349907
530536087
490659773
526733088
429855667
534393198
472180422
364330203
284323693
314495662
516421724
325708856
274961557
404611646
431314706
493948861
282911105
337135161
500234649
404029167
443515999
427604986
279492550
453319071
275449512
322556895
504367456
316523024
449589006
453027219
388702506
471503100
338846918
469641994
526421345
495557272
375655417
309201727
372078589
530234261
512109581
534994787
486277752
313088919
327794628
525219870
517532693
406470538
440334717
376102053
326307189
532251792
376741291
531858134
288936237
465994505
492414144
522814043
343206712
483403555
533990024
390571496
268676726
502850699
325292304
293721568
283868766
464602062
462510123
440695920
454069811
373010458
433441520
458271431
274701648
433672487
274870702
346454689
288358346
391425340
452136639
492291082
520221250
494691682
453244522
432786548
322557084
326081508
506092913
386081149
443565629
487608086
309024362
436834985
435045554
357650750
305550907
383612619
439181058
377015345
349383459
325026825
449691571
358154822
472132464
509609228
310790305
467205324
475354016
517745578
534232909
304221829
436304033
353710499
454826162
321708500
484903221
324988540
508076599
347322803
314699882
367589308
395931539
379511495
451258095
324206266
500942156
428596508
461379039
476772919
467424195
333520019
371485042
535159557
325019178
320369269
479686020
360152262
328209040
464272779
452730751
465703028
534002215
444444376
291393185
521982767
289613283
377072926
320908102
446467635
416099490
389487639
377750835
519675734
450975198
417153706
339888815
527480802
409853945
399697284
464674030
466241215
281106132
340047913
434257910
393483978
298490131
405621320
305758102
474419264
275825641
304830509
327724825
459895453
522984063
430594448
356867137
473282014
525844461
341418370
507885063
536338185
301449932
282209761
424172492
447086021
497056159
397545843
528148007
513769160
280506864
419132088
498565774
482073174
315278257
407276488
351405948
428865842
354191080
416878306
310739316
434607280
391132287
299076454
401555435
296369419
494461128
382901249
296712970
339664105
513421021
440763222
474672364
532882506
280237656
309834897
301041253
390643049
359762353
279405182
488730183
295421219
309084285
333851796
371169457
480807614
389718136
502328238
322896434
439200779
432861317
476447481
350174330
422262487
382176780
350187669
364240864
435526181
461502878
289076442
341040936
467411329
364275956
319726104
269599920
442631589
456692913
326152975
513139591
494026876
340215596
466097235
424774075
382013110
505578923
373204521
387801798
465564707
282810434
533187207
497878255
359193587
531549066
329882517
424624760
467427170
389857342
282658857
470800153
347154033
381319633
283546417
307647308
496156361
450966262
363189025
452107361
398564338
271916919
335408688
405527870
422084860
288184480
271706193
325528556
402097677
271353313
338129638
286532889
369880753
355290112
516323536
457332399
517962507
274505161
487009250
465153992
348781656
507967027
343783740
287877582
490995361
426443232
318767688
462440762
369404710
301892397
298402114
532620341
536027608
521174585
424038811
397856311
461829104
331555600
496279863
499828706
468075333
396475439
528446205
473391610
269426509
334661812
411907797
369133669
436119072
398609946
349099912
295630094
433633667
325560576
344473877
390898557
398788126
280757915
391044078
382683318
466846460
503137463
325409263
357832550
378107889
313411329
454263534
270277907
443367225
499496059
465833578
498052393
365972501
413377798
533421232
369023914
297269700
321491379
295497082
320273032
368803974
460481552
329137754
511901798
426916835
364329586
419646260
351290412
407420065
500492367
372324902
530506169
494405935
398620498
381940327
366004795
408937303
462644572
362494247
457674031
299416764
314332212
337754889
468823426
445235447
440482723
503419805
354301409
322713426
442854153
335401405
371087879
441895832
271657894
310303975
484709259
461164937
340795680
520707669
388877683
532404761
318268214
387184994
395736773
519907798
348551687
459407209
317672601
369113196
342609244
436719525
367821933
275116205
295895640
275430144
380662344
531535719
447006917
375952168
467154303
456056755
499562043
350291462
339890371
425633794
526967746
530072096
394123203
463661586
528275468
484805997
440630877
422456105
358722811
518640161
459476250
388594711
526479461
473355867
468015483
306955163
355961866
468038140
294325182
367610225
334939790
440322889
295185560
373032039
283814761
337935896
384503529
514303178
468855830
465729388
323481342
500204274
307598205
291239251
499725434
348237065
439456758
453505231
456282072
510121457
355785179
412030813
535934588
451623286
347577741
351863234
334559282
498873051
273282866
448469875
419866168
535570871
439766032
360743720
534264927
379274917
529268918
411337496
528775823
478638742
350442798
518099246
293063364
348253154
503504675
296697524
406664596
493805765
371162963
435323936
444923357
377980155
472338359
344780661
404058499
489824276
289158389
464035048
526083383
508579419
294845868
494931185
354115329
481920726
492675031
505367326
444260524
333047716
363466275
471795351
323464877
278632223
383302647
381516763
447531298
523442565
313267550
369022683
406908609
380468797
375413986
301427661
471827274
360536216
384060642
523965808
418149407
498884018
400699523
435631366
404495593
429491105
488842091
498032883
389957623
355463439
349070742
443078539
339479684
296400547
347351874
535443655
387921231
327229582
511213337
418130993
444380186
446222477
330584102
416870738
332067054
492591705
422099009
467333202
273561970
364853723
520909043
343499932
426128120
432108303
380261806
353642379
454305566
509485229
465873119
413998647
410128575
423805927
381629463
486598701
512010064
516991482
399825401
477507587
480857287
411501536
331560684
514051671
350818606
501601836
276192932
425259989
379946161
472696880
292737749
350945813
428276567
431826749
294621483
314567734
490528108
368320929
288332620
426288520
394978779
527548697
359374102
372724490
343869230
347409936
370039442
294558996
334380124
316412079
443014255
274100334
289781179
343163896
383368041
306346767
350715865
464907942
449702246
305915405
426607863
280332880
437585148
287269279
389396637
329293222
362023011
452688513
303684533
507869093
451488521
492977210
495671999
299432154
293674797
468463851
502479398
287565735
488770121
379100761
375532957
474529193
373939330
300464622
347963680
309574539
385620200
407980748
435406276
511061350
501749709
321963782
349013667
334053928
490659110
326639156
357251523
313584095
389122696
372289456
413256865
512597830
350249059
480777625
438647297
438557447
466539194
483326557
409516556
377697903
533357323
339124357
498048951
382081845
343338170
284790264
428672449
430964907
522408969
341656747
356633960
378098394
366502484
528903541
466393895
333429184
415202529
342175506
420603503
488653058
272646772
399182761
349182210
518126566
306120280
270462143
513526900
409890887
368384962
390159091
273039948
372055699
428199825
351518005
454394659
511211665
406723050
519234835
451474377
532982066
296672602
451302466
320411353
519187568
417762835
347468251
445332493
344301644
482435646
269089890
285081023
398836102
534852147
377729840
419256787
275139488
503484590
483726952
311191069
348210668
308923496
389003009
462996626
309748607
272067188
375671482
358324741
355501696
275488027
270288480
443692368
469232675
448501556
363540738
327356395
344887789
455485409
272658910
416357152
514135572
449743112
309420252
498701718
286578567
331235722
281156576
482916752
282847089
333028076
345308205
480058668
279022361
524715225
349592391
314707910
472820433
413347912
522281032
463860225
371899095
457371211
445717155
403415291
276384164
332352790
489466208
328370028
484876180
431686477
510870860
401703658
528496490
374054504
381782055
398006782
383385076
467801070
393630245
398398252
364576824
276167072
457650086
302380930
285405398
483616175
438133393
473577157
287493725
320888295
435618859
481267605
442509143
435728724
296514655
414885716
330043938
325051219
328645096
520050576
429331046
366972692
358573681
524980059
372237928
283307643
445262350
377407857
462815672
287879635
430591443
273749911
436001808
495385151
423752341
278318490
270720794
461646502
313942131
389261949
369981051
400569002
474119954
377044523
475173300
460455485
429004812
329351429
535823766
310053640
284561565
506807158
474865261
362018873
515870042
464450529
464195328
364309014
486585058
498643118
528728411
519594488
404859685
376063808
298834985
536582346
400899457
448268869
451717894
462092322
411250760
289158927
507337877
501836542
464344569
431905648
406251229
494556103
288582024
387979850
535008937
392931085
496436212
310962552
525134304
430758355
451470730
302842246
318487776
322691846
397091813
340859767
370023637
403061867
296201642
269150888
372419782
434352717
499053185
435309556
301143977
475812596
317326805
458473223
388810025
449361169
371111669
366686399
485656342
484531651
286866958
431615849
522437304
414866956
470716400
508021551
525496795
424984471
320860670
407993620
399033584
471906963
321477623
303656625
536868248
439862529
305697063
358964671
534617534
316504022
506502647
465023004
326385331
337123320
341963302
409448186
365823551
534704474
324789112
531244068
458430554
380039054
316551545
447696627
416790863
494204973
309406473
393502854
451988397
511678374
450774657
484276816
508024254
414339977
396834873
473596924
275382687
431880394
470647126
405955036
328879005
345366325
313400605
518398970
521658162
385191097
345475642
482516494
514318781
417357177
314937161
449101576
420785563
368361121
369845623
380099992
536167391
454492340
323029342
415207844
276287043
424064280
408235206
339601372
379565412
280299281
385391196
268787294
286718007
318421592
495991860
271404693
510710985
280090851
439859126
358565383
458271442
269512032
350554532
531587271
424236242
338750738
394261131
489250782
279798052
443000770
491289768
353881680
504585351
392377541
282676990
407504684
340909455
412998633
504529692
454973711
464300537
488402153
327024991
403933420
340345458
534657175
493584373
308656855
405145700
383853729
413803355
347419006
357437669
329179281
459988177
533770781
527141546
513950646
386902117
466396975
388945090
332759054
409645344
464267833
473192694
424086986
346399212
526008800
353768959
370967045
521845118
324770841
500795919
510190897
389125601
305925911
277117176
320415102
365999879
450564666
441741521
502659369
439322104
314767644
341109598
451662857
376630688
430521021
441091990
501782204
392261504
321748087
518081183
486476771
367153047
443368097
358907996
431796021
385466064
346981936
487763339
479200573
510172249
376962210
361440419
341247590
372194900
379788359
382230322
295817587
274377537
309298443
322084165
401261479
358663478
404393734
490327312
483268105
407389842
445308924
524034700
291306604
384796342
401654964
298720593
435328841
371710824
268989424
291489536
510814804
518259863
368099494
450327803
305228023
372775785
333824437
369017597
289835476
393346691
421026260
284794139
268956498
511254645
506049591
326588426
292673725
458813924
441182213
311160504
472906420
411010661
485826734
314077838
313770543
433219302
369257654
494452629
310818700
477876162
406495891
302808949
452490048
366972144
322360764
536612400
272284716
471857782
524912261
530745639
531453221
391280133
498552331
511121006
473946246
507636168
422589311
319367082
335865747
440880619
434972205
444739105
335629565
517112562
502764594
433390957
518626779
271016182
276889884
536117439
398995099
533569045
418630104
378921568
486727603
488667761
410805281
345030033
523771517
445671436
384287680
474707894
419793046
419096654
452987197
398326163
334691472
393848978
510687674
306414887
521004822
344994904
335568842
359069046
418976777
306520460
399899197
496912163
477772904
309298829
305215341
517854304
521030550
504522324
489972432
385725645
467942274
461775081
433693921
371874451
524053757
449706909
337260444
318965659
321855366
315347150
455756323
340562446
501819548
507117377
488673268
490274768
310120533
384054232
357224303
436156827
282425233
382205355
287978651
402546984
332431154
316263613
350530480
477503857
532422607
429327448
339637567
518037787
499018759
410534705
289043203
457033455
269695307
328846983
501808226
349208787
326277035
280887371
527330924
341290658
283037247
422185635
289613068
487126040
281367491
487183665
416954507
408164120
364885098
367796976
529694724
460667587
274861287
483484926
272220184
334131262
390505321
511341292
440901543
356486352
531141520
284930087
527565189
400458523
383566572
523012356
344998397
294572385
519725281
300287499
484296265
449133789
443365938
368897412
423015897
473425977
495872938
403112134
296360968
519336314
310182847
273812543
277094452
339003080
368988063
428611772
384208748
428995626
454359201
507091108
458628105
306561728
306233464
394130696
527487116
415976978
357325831
491748006
466343674
334736192
361819264
447689186
517266025
316421365
342622846
476263997
376850201
435021462
272949663
450173612
473585453
443895849
392411143
493871343
363700439
523125349
323606711
354340123
296741686
394401388
320873070
534068953
280610183
343030184
328476837
426198110
523658062
385819263
413739446
493213864
323588575
305320345
516278635
491754581
450205763
479700090
505924300
420355516
404825624
365322884
529639803
304157247
410947131
284932945
269285070
268796484
336119664
425745957
347811743
427506797
424729463
394892246
473571040
318023598
367979778
431917569
330063007
285159467
531434354
483322139
427739131
350076765
526465721
523998590
485859994
315188512
325125180
406808242
360961377
397841471
440182295
427355418
432851138
460890529
315268744
484556084
508401724
401638676
275016516
423928674
408791884
486705078
391155343
500985380
528572634
377474435
499149127
482915488
324490893
315337736
289278954
390147486
525553242
534989326
486242148
384897816
535071582
369008074
479308368
438470133
309490836
306188812
485329900
291329608
292028965
298653254
485119903
351759115
469711542
451281312
293093661
322062941
351330049
456150853
385083134
505527094
295488248
387833359
273541861
429483638
437711162
472967546
477687034
513305785
306974589
391969878
464992366
527936296
347358776
435943531
307884359
420931594
501765789
380930226
519072824
485446368
440729287
432795279
441352197
359931390
535892500
452213496
443429367
274086324
303887294
284774405
362544286
407541078
360204934
415045625
375250159
341208499
468064071
511375568
416389075
526770095
382799645
534934376
433244755
422199398
517600394
389058859
372043090
397959333
463243332
492170175
392707641
462761342
413965283
360190952
486635766
464402531
502013623
335329190
521475785
391537564
411988379
468095794
428267572
283026797
450352835
491007504
334732988
525110805
338486216
525118530
272653242
522546364
329258242
308006241
293600304
487727736
392788771
430499480
296235862
407735852
524881782
341914335
316726778
524759363
531131613
408072898
437968901
369957038
275495027
507731590
277546949
524517633
334958801
298451303
409535596
270144291
328105994
448746205
515073194
322591465
381205691
333624963
327590024
279493423
388322044
508358815
321989340
339914182
299485886
514998199
374852218
347447201
496209973
511348710
534355634
427442696
313344374
334932884
444613824
502690295
388034222
275372198
297899498
351991960
324624196
434944929
353161506
405267402
308294156
466059883
399992571
277236899
381011050
354993203
436537245
437502808
464789852
324314021
305682334
338456029
512713099
533410031
340061023
415416534
400559628
475390752
323081787
389621192
503339230
286726076
425752739
479591169
321552842
497752369
513297811
283049040
312943851
424535524
395720238
482991926
352850262
477079608
357198439
314796941
372249250
518521831
536505089
441758151
335039819
314194378
439372435
350436735
369881556
390255642
345561085
398383100
383906289
336695711
455494557
522411451
459174394
471311507
433548190
464008499
346903012
449883735
397151904
328084029
401169080
426408293
279343766
517300643
278779071
487377935
481970464
298668432
404478840
306711102
311952454
336805830
452397432
367508732
527874135
416745572
391838811
403525193
487735672
312559082
275259117
334499217
374545075
314596664
498132028
381635148
428865578
459561294
367632143
278060594
319751997
503182300
532960156
526369404
332651144
438149896
277240018
315639104
328364538
495575480
356292648
498021860
376481013
326816580
484132180
314017180
455874075
470507344
523316656
415005036
398684453
329928285
443872605
382077652
280213602
438824499
381249534
457920713
494752116
523890734
483250461
414811763
525477006
515850845
433433575
400292699
340465138
403407822
532235791
372384073
478394449
462169700
362442916
487416460
328830155
276500110
405758357
402446083
331221663
499532433
419939194
304392326
515302062
503995446
424065716
411669726
447419163
321936249
383529412
352978695
425948263
448092791
338346492
399818820
294573046
525346517
354929743
279940511
384631039
515872058
410792083
528815720
332786250
275776415
304632781
473114682
523467580
271249711
368661282
374996688
387663281
337853170
458427173
371234200
475551328
427091898
529227403
285138338
392489485
508779766
510438159
282707972
466511929
330180019
498247805
403928825
326993832
459317398
308896980
357617030
443494412
412437490
513445616
308072778
328088870
462328716
454900815
466195286
315870546
476275563
297538568
402885718
347499712
317959611
300211359
378986829
425414397
300721025
345111940
511814823
429638700
378644052
291486571
359795354
429798678
515918990
306770273
328928310
294441834
466099358
381496593
500391556
437931508
353963351
307953969
290743705
301606925
477202313
314461702
493650129
347125666
439217351
403600565
500842462
288456071
505408030
405618117
338751246
302478779
526171857
309039752
510359280
322061679
453696134
452470980
522864909
328869753
480082380
409779114
427171486
492485745
419119340
527252837
272619795
526277215
385835568
450091362
518194992
364854088
349732940
297953492
502421962
337492943
370282319
463727347
500860809
338313432
324701321
371093890
503287393
432131784
273827397
499123774
461314693
359704899
292433034
298472298
274804936
313141680
353502837
517387755
324574692
507734384
393996064
278763231
353468336
315459965
314607797
383157076
424975341
527237330
462765480
503067155
527766762
446090396
469064550
288771847
459168890
465946928
411848652
359388992
297136708
475600636
375160650
315966723
406028653
353680767
389475165
382082071
444501633
371871844
357522793
535625393
355511020
474208992
342076039
477137912
305268762
321508843
338999500
531881647
513516886
371017986
314840106
297440974
527789904
377533033
409837526
348339409
323450091
510825294
287482628
528966504
521323511
440421951
372497142
424891800
503772169
383751866
349544268
529904736
334285528
327928477
478869524
454473827
446027938
322475856
507960070
508017829
500798615
492006174
342385156
375746957
384033030
477226614
273499139
307177874
285492740
488168802
534856615
282060879
369382133
506888232
489087330
380423831
497343427
441366747
426137739
393539080
368873129
418154935
331730057
342806781
303924278
298760939
491471175
392551545
522022208
464608971
513964991
510730488
453017814
285762403
355519109
389744853
362632830
486476669
343741241
300966225
360986654
371010004
386762797
446817298
312014616
476256676
291327816
527882948
476349902
423226542
417357840
440137061
306529554
402258007
341956725
466974292
525454265
281215594
454011479
351142031
513851809
387759837
434497363
450824168
323052846
446948984
339669145
527110325
416317035
445831580
452720446
456238497
400596321
528459222
432908058
319511036
417137189
274109248
436658936
464151442
363796264
367606130
474597291
464675740
287467169
494497238
276268375
460134590
366089233
418471221
395725472
443300560
492502343
435715304
283123719
346695869
355495111
424694354
425267041
378213619
348891971
342200368
398143100
457032348
294628255
337277393
380075428
423931938
449122125
357298542
384140719
431567498
405437329
526638808
486484989
493947055
453805960
289221108
392960781
461887931
363453148
499352251
512372356
426691675
438946230
521487280
298682052
422437115
302076605
516248355
268474515
479876603
527194098
373299327
387138158
307761688
532093743
423357505
348464794
480190861
439321340
329419881
475555959
361413641
411532503
376140474
465899455
353345664
300660589
391089391
438538198
459703743
437272497
397414426
287991441
427616011
356121553
475328391
339682366
400012588
440584928
309214721
466520184
270182196
348148831
434847259
454673954
337255661
289260051
490790952
388584431
484675466
460604638
342733194
510685917
311358827
421910661
484959509
534355337
470008228
323804607
377656064
477373643
484005288
517821328
316097734
486481028
272566633
348363097
353428830
289804924
468028630
511379112
280950659
447614101
362166731
517853105
285025213
356665506
383618768
352082099
509243021
355132732
346268477
466153797
424006072
335036916
348127874
323065958
515857724
416629334
473365440
295574407
462779011
316882007
376838037
367793515
313566480
521666345
306745243
426834254
508179533
303873130
452334894
423120535
291412484
521802897
394138513
274215594
374869927
400385217
505251859
353427412
387303484
322720318
293574596
279353265
341909170
474307322
478137724
479098223
390081371
513349256
427855728
425396512
532159122
380293050
355496276
290376593
410623629
280853758
495446755
495693158
434404518
275766639
518522088
408382480
319862578
303708217
529096287
301366419
301661007
447667428
476107942
317548845
340541927
317453765
293150677
319017055
315198266
282188520
347554761
284534357
397783124
530205548
431262136
415190746
469652160
314652847
521084491
461299413
293060607
490821017
391812701
509898949
404359691
526906925
383338820
491244572
493736534
276252387
517498191
350951144
387678605
481510952
489650994
366572889
364979175
439550232
525438476
326272894
367995741
466122942
424385674
346418749
486981710
295973552
470662453
372090757
383028741
323236032
464586876
419364507
523487785
504546878
392888028
326861666
322788276
516642693
291830432
436936544
374376944
394467297
448207996
295681129
272142519
528850998
451907535
279213112
413687610
378112661
361008057
464521551
355097258
402221839
447789106
328345163
339473214
518534506
507627356
531855405
503646949
331937157
425001225
272109498
362251276
462057057
513456038
413890127
341291482
362719644
404842919
361952234
455303185
348513338
351629625
530388044
522364579
441230853
315759934
515360726
334476400
309449731
475910725
278219224
308379187
422314747
471041776
388259321
469487185
476719649
387027220
426681006
430108557
310196295
354081454
500450105
430542288
336059631
437918833
328839637
301662668
309104518
486624451
465384661
317396992
443797573
358318519
309256802
406649014
334524375
518732781
351262318
527613020
343084682
290626623
489231871
500454233
442846074
474767826
317154819
473754299
411336167
512486756
393341935
408032564
434461018
383923271
430474622
423682264
503240407
393178212
476417171
525495020
347052167
292383546
526086818
311809993
336743977
314091633
521660597
456517619
516287197
273759277
337267654
369218592
453113380
356557861
273698948
297704375
499674544
503888844
492895187
288253364
501280882
361429026
270782415
358465108
334805329
403634273
425910051
480980673
311135389
315872724
399870240
458338411
365363262
291890917
283352426
414349897
275634044
362918780
443676020
497285782
375495444
518924560
434349539
394704341
352343972
535558257
306236596
489268881
300945999
493521560
295570812
446527628
324774016
366035564
365394748
519716200
349141704
484997396
359806921
273665432
336541096
438740962
348689467
531928467
453291796
508717360
303038100
534062703
306103972
276491157
421975446
414486037
276894009
527964604
412526744
486070682
487706431
524739771
340749492
405369418
295813432
341585023
328743789
483377528
317398659
533600825
382278892
427686527
415345608
324236174
297450525
425268679
433419507
415130455
361237511
342726510
291713100
352346143
400045525
287073031
350910991
453352171
390796808
441177480
385538531
470118288
474568856
463745591
448151859
457749672
322758020
439880411
459414773
315634069
445629766
403339235
499506335
456953424
326023567
273071352
344329582
307192805
402600387
355806172
409808343
276135033
517718171
445435222
476294476
292954152
420130843
441338090
523335584
391711606
338202275
473012356
380131499
285384933
295298423
307881705
401318972
485020897
442184580
496326859
320969545
460759200
418270609
330915681
533040236
453074237
377517365
378572146
466813286
428727065
375547930
330550798
494622738
449907980
356001082
515669484
487126890
395143296
415765056
470366543
281128262
375852469
465082359
323934655
327203136
348815555
427927785
320226047
330274001
339455076
446083651
371111186
404993940
360198263
359443413
413202514
383634643
413771651
270440277
345019628
486117890
452675615
429922892
312358826
485847929
345941373
499950419
506442619
430169420
402857630
479090256
536432670
282371355
465615849
296100058
269289158
271708012
287739271
433460863
330659815
316388933
415027822
437869311
406177021
350306116
516937917
477070099
334231913
282824685
415062030
533853023
472543472
511197453
283332650
271321799
323526253
420879623
452419805
525198690
422077120
288847998
292575467
330004993
522065873
404279861
295844016
458307767
321194398
498972743
526662461
403176316
275757630
415915368
467347912
338871424
364484519
425803277
428526620
280601837
293564696
286479104
416058159
396786724
367321908
486778492
493394671
445697328
345036686
440596121
454574006
499913132
345905227
525848244
363877373
493626570
460853507
448369179
326328265
469639217
307950048
356636753
402077596
534173089
446832275
371535882
521244365
414428171
392352135
443752689
328830961
384504974
400340820
526610589
424804153
500165939
304778945
377205024
532099275
323431004
356442181
350002376
430665941
337422202
444664527
377152907
500741447
352610822
320642643
297734351
397594264
357172602
498082760
521633241
392139457
526364930
297327670
348888387
295983206
514185705
286036434
327595145
351253851
355504249
328140665
292815126
357608441
531891491
500122544
288697769
435837103
485815228
379947274
337380377
303730389
278149706
507966130
394017128
272484053
396210835
399883923
466075405
339515143
269633810
275578279
490360944
473348723
405215321
406676108
476498433
522723777
525572421
463882606
292032249
513301108
354212070
368382404
488574056
388889978
470474551
283061032
290854513
363092593
326525835
349578360
322645816
502510343
452370869
330568298
461250709
336940667
402509004
447348980
314306140
427206221
531568443
348902821
520337685
518274699
450906256
395817477
366439393
287872993
461393627
428296164
486562987
314558364
422936898
486260479
525727980
380965184
360915736
503909091
483477132
388456058
435671241
431146278
360027232
438078316
498687555
494424189
279978956
408378227
333061280
388971595
313455879
292156239
369098641
387080011
513736492
379885288
378808434
282038602
522160299
280197900
374830108
390850699
347854338
428407810
350213035
325739867
517324452
379190415
309636818
517273956
292331557
536046712
352414947
420669361
507860819
401200992
423645453
277391140
275905882
455938611
352172964
319039021
438026499
442590787
426101652
272732726
430997286
296447068
282357175
455424959
299292197
425357765
476888680
318419427
530852377
371390705
527495137
491533375
381294946
475835180
524969767
413788505
423592740
414495330
276969026
462377150
362128205
272714281
385922208
422435719
359718229
344339776
473633040
392053462
404703297
513996873
392735306
532404533
321219043
338706239
526861777
445766493
354220792
413387623
485819043
302644566
373094009
367012236
527050629
294703973
298679576
451624990
393928821
449127795
475393506
363825433
285974534
412533097
394768338
445808076
504346801
361782420
351828943
469525659
516971862
464161778
442889469
522998887
355452427
268847194
501455149
335544744
441500023
468160834
301830477
514841885
298922100
302190063
441538117
277880221
348969867
422749859
409110119
440603394
272407679
321489138
509799154
366838427
499110202
281818587
471165570
370436645
390372588
517008321
512938986
466634171
393970032
376465527
517822629
497108380
376160654
490170803
317188672
484514911
471248849
456098103
475027800
417412212
440148211
502475552
353537931
274391777
458423854
512646359
337368135
403975714
442510258
490263965
519952504
298839017
491046384
424915493
483801607
420004060
387888897
288112744
370471892
279281018
526640511
529652514
302675022
494356774
419790463
345090116
274521497
499569731
308396376
373960760
530229861
507977109
403665953
487874794
305170475
381957367
291496546
536116532
534709706
420815011
384835579
459437562
471221740
459896057
375545497
285077619
509489636
400565350
526097737
291579894
460118047
288010298
433351247
288463678
374933571
324416334
329016624
281472587
305255095
370919129
291623859
287311992
406259617
507121344
323161198
527454326
488824344
365727886
476912683
274020493
416608578
534155082
502083401
300816077
394778863
462603857
473786557
374346168
330639194
398638511
305807018
284264724
478942573
268684398
296377988
452217296
426403385
369717549
340084282
499225633
389042265
401790339
443053662
443065815
495826579
443386989
451072707
407465345
309455420
431075380
318633825
474068493
476235819
339292717
503529924
326464073
348338786
429394075
461588422
533644678
414128998
403306414
410021733
311067260
488977476
284456939
487056475
356467548
438255882
365877088
399676778
445197814
516142508
385638899
362294324
304250879
341882110
321680417
515581275
343339884
518137579
324152190
334758507
505229896
268944597
381619620
414440478
365754409
499259251
304939035
388814298
321925286
392250489
406874297
347417082
367853772
347984774
298223330
367810073
466497594
484594538
452255229
388191382
432655319
344045203
340283732
469789527
478409209
448227889
428964214
344039879
463712617
343220216
290191291
380283797
363557445
483785330
390737303
348177743
453761647
507833685
530667607
375051484
471212772
346341222
362336732
345907598
277849058
507540334
532659101
445189525
279633025
405064064
484740498
294730601
488619946
336495213
483947199
400007335
291012953
440256326
379960241
521938882
463944026
401999902
292015961
356655046
403705908
379036404
399808933
486632947
405347688
407684759
523068809
517567579
272139081
475736090
306795402
417358863
387835324
466746299
517661045
326939429
516515170
464236456
438835189
521360795
348391970
285895741
370858357
375941826
271116972
369694358
464112305
487754076
295912749
348269408
404800500
399796042
504251080
508599758
283680194
534293267
327637281
470633385
363000921
356127712
535362325
298923745
421545347
353303972
403890412
289760179
403089099
513771967
441028121
481603097
438170979
443213813
410839751
381320839
390095526
397343652
531171839
503414765
489988707
350640790
295463139
274332795
464585742
279584007
498519672
302840750
363500239
282105034
447438614
436684454
460460557
371380512
396120747
402806312
462863543
465623933
521253829
467351633
322751706
274472513
398152022
273733514
371097049
446968481
294264370
509198194
300598068
282490934
511733456
519343848
356383462
316112445
277378716
303050617
371193660
523677985
327101353
432662658
460417260
431640457
513605542
294149169
519551905
511765325
474534118
286710202
305416274
353631716
422766280
516244130
412209715
367604319
413703925
281283695
431952762
491505120
286338160
494082805
383083954
529634281
458677063
309079931
515997872
325304883
491190033
313738042
413139599
405265296
363753838
515231756
297991743
351692294
495032238
339467037
423767112
288794980
315056634
509820391
355793428
301789525
362050686
322864775
470369257
511105493
360383575
364609465
495964455
474322216
435300627
352243091
368342495
442410487
478918757
481075253
309012017
314447497
514169651
530800641
303707946
451841412
526793940
416775748
527625553
514408771
482943514
286717372
275829301
371246476
479585285
316467078
431799413
473090213
488351581
300839307
403014737
438280280
397581828
463581860
289915713
370760674
320190595
269254001
490326418
324361368
399515435
340935428
269854902
436081591
428817474
295198339
342929311
455123084
442195656
337119371
504235482
342921515
519386270
374875782
353413907
473414018
273254279
432064913
525519436
500756452
443566259
390175638
491448081
427798922
274510116
330971500
364765784
391496305
345327076
270308330
393879931
492466693
332478284
475830076
393221248
394571233
479152894
510855291
358628919
385370521
453445788
282086469
502453206
410333043
324804752
271738213
440770921
383239981
284550466
387081970
416136422
279138497
304778727
352168648
421314919
511039299
534021679
324073534
427509503
389039691
364485567
487881674
379548738
404616854
441202153
319529328
521325787
326808108
484520199
288033382
514474631
330349556
351235670
460496545
410717635
378473549
536728958
437273060
338581640
269468011
357304855
513338990
489473213
533637952
507008000
517655631
322355047
406087266
385501055
309425991
450873317
407637315
529474630
370840314
372876968
471894498
445998661
413552812
412707161
426831635
333476589
379144053
500233799
293616740
364062168
359894950
308019561
345266557
387800461
451522934
439426874
310899202
491750227
293559696
457482796
354921700
297295382
475776618
535060996
530029128
496573801
444885730
442669712
320300944
476261002
347460077
463025512
427276222
291880158
335374943
519347996
474060244
291288922
324064095
476777179
321696489
430667976
517888363
517993958
310328946
460947387
504017582
306223415
370352606
467497603
312139014
452417670
423598245
373029476
499621922
348974606
336900968
356081148
328706221
461497855
402594283
379649247
394218073
493115384
481961821
426873897
279671129
419371425
328705381
437372695
530763318
439670876
306372616
502141268
514293235
496656498
342607026
423405741
369000895
327286996
346739948
356003375
278395936
456514569
521779708
286820022
388655301
503543067
410556368
376575197
313706142
518013201
323434941
287270709
533655624
430169958
442768240
294749199
415747610
282224213
487426654
389041374
513170211
483458699
528362659
347097376
315123389
426916836
426875169
309567535
361492189
435719280
443149501
388789911
382214228
320710707
315674735
495526528
370375047
535793899
313420420
363492581
519314130
450062353
495992966
481657082
467040734
301420994
435099391
348194551
286041380
520204070
276435544
349096716
521490825
521346583
383508470
462957702
284508794
412847127
396581528
405363779
388229528
432882142
385262167
283437150
358480702
436637246
275829410
487391937
349413834
493192121
300141743
384885123
449001886
390278546
285411456
384269585
414049643
340091988
509716390
494400723
310883185
370550027
455156844
394149520
367488450
321456282
421009607
406757474
382659512
288070702
313636050
438767769
526026055
516462350
419657234
476709176
329594406
353692763
280033743
440141261
516720877
292530123
337949865
506380440
364443745
491199203
292445799
280415055
436591557
489736986
382672836
453868634
330824755
447128782
480541723
497869047
394372227
308366359
376526901
345252465
524420443
275449708
428408837
498717690
298038490
309798139
335460008
520556335
406409684
312770238
278935577
486760975
269666897
278382844
518992825
279445027
385321095
435768723
500183810
332297404
490294784
533383491
292324966
443706347
504184637
440626476
308271283
335645715
457230694
438375928
322716605
392111477
508995760
285594889
424568055
404090699
299310064
403886148
357258610
371182565
458633853
430112289
345678186
324931408
319832148
428096147
372122273
453954292
375822068
454827477
376185319
345463989
335738706
330438262
342172166
346546699
349307426
357300317
292694353
464352805
528634510
536030534
338169499
517579987
341558048
517021158
376417566
455236287
324913003
391221356
390818592
426359582
442591231
377193352
309885695
507240790
281524018
378802669
512251467
367111075
281821504
508666376
511627943
431967016
295787326
473700377
321769946
315873313
311021718
316492780
347435200
368585661
269826337
374804224
493510441
423924345
310257124
334657426
317032391
322377428
532034776
366779511
292138190
531268333
430750627
398455357
372602169
442907436
307886101
365966241
366611727
490267080
483516801
535851210
489638419
474352366
512028994
313426176
379337771
521349537
469296178
438190044
345036806
287076246
470490421
528211224
347720076
284372628
367603256
450150944
361922945
341841084
476312372
416325361
473018013
277905830
499389234
445404860
528432503
528247729
451848271
480175699
324790134
400179778
288185653
418106856
487890756
367057927
334911178
381218357
296637586
527357508
417809973
450491201
279846938
317106876
328968289
428214046
314216429
386473118
374185138
391942734
335701019
507960319
400032566
347159118
333933288
396493849
414307713
290651720
282299141
349915160
514926092
390148978
311092426
323639978
335751375
361820310
492867267
347802239
476316848
423296234
302280035
291406692
536078524
472476514
407316818
282049405
494920163
530037892
308950115
516557304
358084492
452648344
269098622
326661239
462034162
417369122
524447604
408646849
482112497
530215437
471110633
503903544
502194651
411911457
439017354
426104489
416854324
513587447
407855317
412676006
444325402
371311678
482927048
499743885
282570540
305829832
375356285
341595164
511022827
286221020
518195828
522475844
383588889
503605644
477265600
458867397
526297549
316783214
489671214
417324669
353318466
412999328
342654476
295778114
394089089
522162322
378969847
494093659
344239297
429797557
486275395
506685365
505629141
306529148
306413115
271694008
508323544
384051360
394630430
534459534
378567903
488122182
278521857
508435948
335327393
274689505
435053316
471369573
380857922
499551870
327892771
448570266
287854003
402542791
339740994
321309757
511802919
419698381
277815436
353228614
455128742
298507665
471046895
306034975
474048088
362171712
511609134
460170551
352184373
341051821
462495344
299626544
357921708
314509953
443397867
484349327
392199707
465277966
437336746
352252201
448849141
493810181
518624015
329241821
285911127
517922570
463013110
493879413
522657925
473889614
352562578
483933931
491190130
526804905
416635716
283882907
514373366
464568824
283307160
420150419
356763558
390839258
347429538
438412803
385495267
498949166
528333239
521481029
413791405
520141158
368164355
339187050
344186981
496160384
479073960
514362946
431165058
461802577
431884692
383708069
469753601
414287951
465672078
386820047
353443754
405179009
292898721
510701810
505380489
496833448
416320482
310951495
441487222
324829829
333727473
270955725
515793322
470835669
270246611
289267896
457706354
431121759
361055939
490480769
486690150
482016016
418499840
292665774
297147874
446227273
503893938
444193562
307182417
473436323
506842832
533367673
280800824
287220759
453964475
347244952
373800728
298341242
410862696
337878411
275801543
534709631
285446782
331074203
326857131
415365190
427615263
420072242
463961453
338541075
492322822
518239043
471908601
400607515
405159553
317499974
365208590
372580738
341741407
475292189
469799576
428656087
305113746
285890848
425782826
369404838
482671496
523690506
324090695
519517962
476442679
402231458
291052240
372308455
490829728
281051589
370776946
456069245
343552233
280512658
452865919
299498166
439240760
502169283
311812757
456169045
293791969
321102507
410316829
316135547
515882250
411348069
403837891
420141554
440457219
348801129
320656919
349436210
374899872
350366420
304610953
269620509
380887396
364619120
517762186
444038638
509177328
529510308
370575774
340193819
462009585
454169609
290959314
378369258
446689376
427082265
321005914
419687841
407381363
280710483
420676233
510883829
517509189
503627037
447145982
335509441
450222321
469623049
511187065
371373593
536601051
350158234
491607175
363810317
387334420
290068713
445111619
509901356
341335744
344479740
383689408
310052531
519563742
531739245
466540198
400864676
438097547
510128312
460530212
426720916
370535736
487923311
269055114
402610073
353392455
501943701
416785417
463517697
481939714
526017803
450637665
291422920
335828171
453126355
276207108
269639982
530911163
469622508
271421061
522303596
458282246
499939202
490781162
418918179
399369305
323864789
520353498
378333838
400011120
528208166
485583951
375402918
529744619
411886518
467307783
437854642
478067344
529634644
383639592
461768306
399178740
515740414
390625261
315633705
453017540
361544642
340073121
432785187
453552449
462490791
345469502
487662162
507577239
471502105
273769508
450750973
499347533
389216818
421041955
402190446
456417544
348469980
474781131
481514295
414649505
459886760
329780748
295920656
463532074
491770305
485654915
500615635
327319472
513725089
375762721
301347342
279301970
364916640
502141948
391810657
286387857
400388788
365143791
307532949
376085814
351676476
503871783
356416192
291058306
303677358
429460309
439769598
291487452
431764421
368176798
383236413
508244464
314806648
511925681
271112787
496929237
443978158
313736940
417879631
341089482
297816553
342600563
411016338
512381233
337018590
491273565
334609798
445801173
493138997
379079187
473017797
279274341
369835191
328600560
393174181
335811759
470078765
477165474
418593404
403311713
369053919
475198768
273204056
294541383
449367233
467650281
508036922
358710560
391557274
378689627
482326121
483149816
281335060
345407231
304829792
296157847
294303629
317228626
336387712
405065678
312839180
424148598
455713003
272127259
525472490
350554550
403696275
321551241
377213121
348148358
515915932
381799145
517636982
312175153
448756902
485302599
361319958
473892247
441052587
440644468
493646563
518850468
457339825
316222631
270130599
514828015
388946272
460707963
488509584
526316335
309018615
487055123
431217338
366751254
470690584
529381404
518797091
473090534
280910014
382413814
462856376
311296969
463292518
345479474
340199955
407526772
269811845
517871005
390273884
364040118
270393615
465974861
476087750
485575392
389342276
291704324
343892978
401637717
330456165
507334877
469312629
323335792
348932390
519405011
364929815
378656089
314096550
387694744
352670799
425007609
448441963
321769549
493074568
433907061
351417241
307536337
297564302
481683955
452816205
333072918
432778822
329400168
407758516
520140351
439138618
452651872
273667016
372397342
415937963
482786233
379214994
415326852
532500712
298443584
362715785
432442658
393878140
336775169
363651640
448496981
520353053
331894526
470550772
462615685
470536576
493427233
333958453
518563156
411576800
524855291
308450126
369954836
456068453
343745500
290981217
270479294
384902409
338563347
284673379
424999463
352477352
316477119
475489158
533075195
411702724
329226476
443935094
473665531
508364064
272496608
480174802
359664909
510099609
404595242
389311220
312009144
467183864
408327970
368346563
502479829
290194777
457191999
431839477
454900387
422522601
338250082
350754908
352092234
403237428
272162610
431514212
459846595
322108929
484083982
320539137
458065933
455251796
406319751
401013186
490043173
442572520
270555876
294814101
499980581
441603526
501441426
527888163
355721254
448662761
281570296
528299768
447854600
374911929
375241629
492105184
289730746
320765573
279126824
422990727
331223797
484177513
469392688
338964483
511852239
506250651
299642530
389502537
353056311
508801481
405032236
425224779
490891393
431205790
346704079
436205073
339469458
269013015
343121044
436087045
403652748
515314857
300793515
442045886
505461745
336597915
458088886
535655010
359606733
425747541
472841929
524218108
528412688
317210785
451003500
363275780
296467229
330134178
511303866
431690101
447519641
418388850
332385524
428626091
459661387
488122535
294133862
406179620
532915775
337684733
512647595
377397840
529931623
383039045
399559892
302626901
301370727
405249929
439218823
427920668
510923072
535408005
437462797
396125633
361126360
301049514
440763348
488599432
281517647
528178746
482983990
335438121
387347236
522379956
372449643
294865059
492880397
377255083
297281254
320400759
371862677
439108351
398635604
465709347
446597017
386340451
332713089
487288528
525647730
516338249
284523675
451669167
346947129
527042133
342725222
456828276
527865728
483224709
279134392
268834052
280239788
462035522
436189016
504124345
387491506
368591672
511934327
277523250
276944392
528273329
426609297
399255013
269732522
362871370
433833407
458159796
348860713
392619125
481998775
503780481
296664371
400111066
412849437
517436494
464795318
511138866
533269739
363018608
281625003
462869542
522921211
377096245
387963049
432376663
419421539
367146376
527019501
395436301
397812282
439738995
380539823
366559863
422880849
385566952
388896892
529760459
494923820
365416205
272291510
526478524
507058104
288613151
341121808
309844184
493554538
469778076
281058388
317167121
483801888
321732419
340608335
280234043
332147342
470194818
536540260
498381734
396614281
533343667
506228759
488779665
398325046
429165647
414411983
432801315
282759856
374381976
463597295
372189111
412161355
450899920
498260910
320107395
302813870
271921168
360222316
466478003
334591429
449147926
406025230
507471317
322047794
367020244
401576164
364302327
431873878
348988514
449624941
342604770
268930093
295967657
482143126
431144184
406071771
311975834
398955844
331086404
337981752
522340191
428873428
333022726
333238095
396298213
445561253
426520359
372260591
315904062
526767628
475018409
486237935
285304508
494111040
474608202
379809165
534734404
450856062
320791457
385404265
409001567
395150596
317665566
517742918
353659259
324111721
522339358
434967580
523398791
332092842
511611939
282703533
348985220
528983032
502358454
495502140
431245431
288792327
414494572
304192524
363933660
496209021
326700663
384961838
367669325
458857246
311500506
425330767
490655851
500226430
533727728
311049678
460376433
396485750
494248201
384418882
342021143
348695432
447759489
463780352
438139676
386711539
277098526
314313455
491038932
366440426
273288590
411248966
425629503
407528453
417008734
528450946
436993891
524611299
319386541
432902472
279233641
306948602
511862012
528295530
317826518
488659915
460229948
394415474
374305206
509197418
400630371
298683383
533064877
533314889
468041426
412894245
325170553
392603148
287383159
369012946
404565934
441387036
404666561
385366908
437450570
415292749
274620633
274558552
399903251
431868986
458686126
420712339
534074300
445012832
533856509
416607573
417920149
391070915
316138965
390592541
468663051
432438179
381262632
425778677
294784706
288266500
524218942
271727549
375589754
320565081
409342491
389718935
492651524
302732853
403646938
336438746
372680746
322941464
288956493
489527271
430161164
297066508
415653994
451181668
351335033
340889961
522416779
353419915
524631312
395415099
288194120
425275063
292928447
444131950
522005898
298233487
438289497
272177442
519229432
418811668
399606130
336673649
349708311
369614716
373943932
500684501
369275140
271857761
332659593
284164490
384392779
486631335
380534959
372545598
418312722
311709868
432010687
391566349
290138648
378117787
358337139
278901373
405561855
411823267
392191955
469514950
316587594
489819820
337005153
320183243
356259551
307948126
526629245
324928264
414259576
419197876
358858512
337193755
301074243
292962503
515224439
291246900
390819471
455431803
317600461
439911761
340395689
307021321
319885029
342323748
477481509
393238118
471953114
480069335
294704336
465686314
431889428
530685583
328324732
450465013
400220429
322013486
287182659
483882421
487598490
282836686
400906520
316291821
305336051
415268039
407316666
287839336
418411661
423512174
358690665
513492466
331510393
456286716
310144572
282503425
411836659
282547568
458169481
392488917
521622325
358563921
535187576
436665107
306887997
445588133
317987606
380511352
499104737
398216828
402870353
291527332
344557229
336759080
527592995
475051173
347162220
310345676
331585173
286798949
407629738
348511726
338427039
318980511
525457341
404028020
435307667
479777984
528657870
524367531
476515964
346901741
328367900
457557651
389156836
302832997
288008991
420613982
303221416
362337748
351148609
479642641
490356821
363793133
355002726
302516959
293512734
328401122
424504604
357088815
517201159
363829391
530933415
525464145
343717313
514233542
501354716
445949762
316329757
323952578
467592327
474116884
