192885660
261992964
109263796
230880498
133800468
60356446
9277231
62037337
110436384
214046205
229038879
196200866
122676271
160692601
73097959
1634625
199174190
219799528
163885742
63148152
229113156
179395029
77401829
213954282
92104227
46521663
162954486
215051302
260048576
92319425
143459365
144196664
83748539
41504167
90529798
222136736
137446023
166801707
148008902
154875400
80764206
145296045
137007878
184865107
65205539
251459234
202152083
79966603
99895961
233240270
167522698
247297461
118297299
198743419
250553364
222070701
47014001
208721153
85013424
160666903
133126867
90482965
95743709
214789956
243526978
223002804
243458009
81674459
30761112
40694291
260396532
13805125
256953592
239541381
97233225
187280304
244353292
149124705
218478006
10575553
59893152
46821615
175387138
222403928
256326482
206371254
80451239
161842299
18845761
187926143
19944371
70786190
252089304
208346344
239687349
165786790
217022775
139582513
254125046
185347787
22283070
191390107
216943083
100793612
9348890
168783463
53276447
220342983
53794876
99784651
268313292
135693977
264479601
167941385
24525604
31226504
55973658
124163095
53363817
198875222
72003152
73242707
159278512
3958509
113081803
20046275
45184890
207388418
104922608
108009160
6842368
146338985
41471698
97597822
234265659
220187745
175493413
229968506
137154479
250250861
226852790
266704562
10741147
55283017
232826662
208174310
17630718
147041652
180058764
148168541
167721761
186407869
263918054
38039950
109837731
27341844
108205843
152525981
27373891
135979875
254990250
58489484
165551525
159637251
184559519
266147927
10965109
212975107
192322160
145435783
214281231
261109143
34795495
196870798
93427737
33372389
135647064
109552510
231430864
101254491
10422592
80126714
152821671
148398694
126959029
248322375
249604458
193817159
244559458
239177313
49189406
61042513
160257799
244910471
159536371
126045635
21864865
209085609
94483709
60187353
146196472
232252664
48990538
141532489
82605015
105724989
208051527
147089966
178699872
268065267
180196713
216061195
183473567
255897208
233516466
182063813
16935470
216305573
162919073
58162554
266450535
1082488
13871696
56947055
236126549
137186446
71996174
140310900
155409631
246234203
13749343
57614751
81568356
23302080
239543966
83732910
50688114
33573155
201055321
53671865
151456632
29322383
138713834
116149251
8538397
104702430
31436393
124464167
7047651
218409204
44936280
226574821
257942162
132217979
202662774
188615695
101377711
59749754
85044786
94073184
267790532
137409147
38297783
211225071
265950318
122780849
151354659
218617238
146640960
169379222
110458987
239408094
79497749
263223756
216093827
246795208
4671942
8091524
91551996
111378033
157086803
49163166
22314446
131343492
70332955
172876425
100935892
89275955
129885444
25104631
234719430
253893233
96779625
198897907
260189389
263766606
190434025
2233313
107813472
257115934
218190258
206265694
202991397
266046602
51083772
75009387
178262595
116668497
233650930
168423525
72809737
234189449
134480015
229525806
86284338
228749149
217641165
254896210
86825068
122370813
143414967
129605956
125097370
196584651
136941080
161165961
63797019
206215256
151450416
71446309
220724279
205233040
191895328
157620040
172105710
70154889
243871342
122239421
153503388
74473958
187051923
35907018
52311886
241158571
230872030
171455930
18410912
194592213
220460756
135861984
163985388
141900242
65022606
126580584
6631741
260169288
262148117
263953634
26675883
40458370
143051158
144077595
213414338
201628962
140992832
86667087
30351018
181052646
180744365
97083346
117251182
196677006
215655712
82857897
218912585
27744254
119971537
144656133
6360511
188535028
38219067
258629247
22863399
108766226
256740783
109592699
75114251
174426115
72913869
259640878
245285759
72722640
180693835
5065179
139666898
136754793
204904400
98185460
146165212
248849527
11968783
172601889
58560899
76714088
224487621
99740407
49466082
26278470
196984107
96866698
138149853
8420519
2578353
110622163
188699641
49532806
73195188
12918336
82062479
68332871
175475574
70333091
153880503
258660321
57031543
149214300
210199991
237042305
184847863
117732639
27530135
255188516
39013515
34197589
25406473
236936221
228394720
101630439
98534728
43546214
144391041
253417263
218332182
194471060
111265377
69735792
12812661
139641502
23534189
172021993
234639861
179061048
69504067
252714669
65034755
40595447
256467848
219579540
105726659
63716945
88241041
177079062
153220055
186745389
171883564
213413287
261116631
134404661
89202390
233745450
23860787
12452269
145916716
151459737
249023641
142710798
50071699
12565097
58501372
73307882
199878227
44297768
28296441
124473740
86102249
207640513
262639597
30234380
121266669
21096955
130805982
30497451
197739898
107431420
177076169
262591477
190535964
57532727
262803881
50546368
90087580
92938121
212369350
168703923
246246788
18445008
187795409
18610974
5886876
95445101
209754152
64664330
100595445
227296144
125281538
159563554
56628118
220450825
168751187
106208316
46952959
202149110
39399396
134097729
232041445
101714475
118118536
3396565
8051567
101602273
197424861
198672603
91552598
120630434
245848401
82250899
260618481
47065255
84541071
210520185
30929771
183795859
267964492
236232337
57223678
228520554
28940835
116633575
176064692
73482264
118603662
70552502
20179146
109475597
109670068
93721338
15794079
68285371
18111847
241418271
229815585
18749711
23900631
83639168
47411724
1288620
140755053
40639554
184135687
262447202
259284361
224695024
62346165
224252445
219648799
39435324
151603795
130099121
74720926
208792674
185477194
31326945
131156821
32789603
125960869
170486330
220870611
4063814
163831281
55327393
139834548
35564508
144955184
10220131
19067892
28316224
249448010
47935326
109011879
131582228
244487299
153421037
45997282
257107284
147358314
143052283
108577834
165742671
201407776
266537759
116428647
209027093
58189457
169398807
221044658
151161900
79333090
246850041
253378567
24950457
24415899
124940706
135015759
39216353
86311951
96846080
89763108
178573624
35111198
235746142
228567603
233582205
88715108
158498420
9162508
145591468
89658235
108158895
173151269
127286125
156384610
45326012
81011610
161168772
43332597
212125889
243259970
638087
98521622
142329404
139299553
202454541
86527261
260393914
259089988
93944366
262394833
167797597
53610158
78893770
132097260
113447712
57794768
242903773
246774543
18466194
97893549
176779237
16837226
260446834
170352218
3360798
162040187
92701024
85959918
9276034
42242524
18186477
252914844
103461301
10623648
110505823
191643405
254310225
112631875
97282112
237537090
172974986
153760557
210768516
87482777
14052960
159242515
266453800
193667203
107583544
127427475
99336375
59902763
194555299
78005365
19431620
45241506
103550801
171580981
81607823
163285632
69995445
65124494
121630768
204888287
12636639
79804879
157968582
170373297
63336066
39445663
198605485
194985001
9875488
159964655
266502248
5221676
180358021
7200040
93030401
209474777
233971549
127319842
70940189
9440541
114008020
37269041
130110127
170915858
247238372
32037360
236496914
45711182
48517999
89988536
149636695
13413334
230061676
190015006
226148358
218158659
148915896
31178208
258974117
107083029
59219339
149525980
16851450
179521497
104824565
114084885
192749888
236378851
169517920
26677512
78609911
264779089
181818126
20494164
936074
153288179
195984676
15217990
89909580
25049175
63604593
14264632
29619156
15538588
209832267
102301870
221212021
116882301
142413979
83792169
256007563
257017420
218835686
102703057
190319664
234191457
6732544
11557668
19073344
242934115
30775767
55386719
102869134
66224766
194384962
75358024
180037641
190746084
203538273
82397731
89308441
104086750
154839256
172391151
157559168
2475430
113783130
257388428
138583244
119518042
89024737
89252186
149248398
161685041
195507550
42240608
10734278
127858119
253749331
4734228
126352498
56892756
62367605
1195234
249637803
98171789
177589315
191869338
141352023
200323451
245026437
187697715
244643522
173258302
45792396
4034545
118040153
139806483
201249833
174002638
64885774
72535022
209335538
107053840
59525046
9226042
202570055
114870922
141945869
147009589
254175185
76748716
265224819
138017221
108401264
33848974
159130637
144901959
99690357
52913991
123836909
33695791
118982656
221354370
244653985
23073159
39528030
21588631
147690411
33052765
243623034
229359262
112313508
244645994
102247782
19481333
141019193
157627731
103115035
112416420
24562778
175490805
75210926
123152976
223785952
47767186
179180428
183042408
56272619
62020714
58149566
119256678
96826696
181243875
163400446
134042206
119641653
164819734
186512124
114784326
232822372
81233591
205697272
94805022
69033279
45240659
253371516
110334855
181848527
33811585
107938770
95208868
59419943
99955787
183125578
78785465
42732094
125150262
248194201
91234170
225423766
20825164
159591313
41003024
130518943
225615684
98261435
159855495
5469769
58822267
166683529
156472582
211655296
65384037
28267664
44821006
122280787
148172797
149198471
253637778
135041104
5751014
215335010
108776060
207209577
29335335
121583140
3813407
17018860
123445595
238233232
211126245
183343617
64063423
41643381
127395575
250966951
94003632
204277379
62798055
33584422
173604585
164128079
233067125
44379711
109329038
32313314
197465505
234427324
104059746
146072344
147074438
246868577
242262082
213945399
230135810
259995100
235971561
264143493
47844319
207039392
244837390
102483897
29748555
261727760
5249152
21169139
13935
243033828
254855283
180183183
211910621
142838759
206194016
129193089
51122952
149455313
188839822
268104381
222214416
61758123
263428569
208974356
164860763
40522008
102661558
71195402
112452376
111843757
18027194
88744465
264399499
50920010
31952600
164735651
246610781
253569879
178692369
7624004
259131046
156928921
8214299
161607196
109173311
59775454
15495917
201691385
72091286
3867107
239897542
136747268
164702297
129169167
11375530
189293552
131308033
170328439
253331000
92966121
6948285
128872062
221046180
215699584
62827480
69027577
208204096
4660504
3862138
224271584
257687071
142795188
88546160
167170631
52937210
211197387
248724069
12768030
228579237
149250696
189307873
236968996
163798609
54018256
7356849
20411252
211921530
172347777
46508496
91981415
23542107
49512872
210293756
21543862
259929052
13920671
165652290
149761795
20732603
216481270
169438976
70507892
52669743
40417016
78707499
81302501
123975040
169265274
112116333
21492876
93409987
155438294
205158178
248173697
243238703
165950864
223230830
250594993
237513834
42419119
78847015
181643209
105672210
185918005
180281963
85051211
18372226
146796942
47444734
23994724
122841578
9277526
29048318
119355831
8268012
149444682
175998476
55291578
67877209
86085042
157098762
189577117
148642255
252329057
229329684
103948476
152175951
266224288
147775442
221802701
13614316
73789378
253123397
93198262
29076345
89311302
198401895
175530296
256746775
125224813
84991188
91921579
14284787
4743609
199845371
63993067
90162217
221861948
126154248
1072395
191216957
122418148
8581525
48999846
264822576
210575814
33278873
4919975
149253672
217885561
254108442
55736739
51903975
214624080
95223570
256929306
2166224
154417979
257425974
206000411
136158432
255588923
159632356
222379305
151329899
78738045
132215171
45242075
220287707
31400661
258960359
150075229
138409023
200820121
196738057
85989610
237267444
121289301
51799854
74616303
124361512
60636476
131242227
236174313
254375588
90221852
112013448
16577917
262556011
195960601
159444616
2072680
48011585
220490791
3384171
265908413
199082270
8179600
61794020
48952674
192889344
108549736
74238886
102580713
199539670
114784
237544843
241638215
114421580
209384660
261758352
232993593
42146811
216691786
223143681
60416371
43553767
181854597
245513561
117385271
234251987
141884684
76874267
61236469
5920968
127680781
143045675
176268553
152774557
219486903
259343624
40730145
112138661
184469883
59656313
138299549
216360651
172823861
148861494
241589992
131320753
130944797
149735622
208326195
205631661
138082176
111581132
172667672
258457961
265829221
240911846
122977671
212883641
101843121
261013004
17239074
228245551
56621122
228394077
67051819
171432401
64066328
19405116
127927606
225295166
34926329
85243218
158796945
67565772
181447455
42818022
203498130
257279854
14335249
205842075
100770987
58001661
165294392
81089258
67057402
94607382
143409275
132808116
29686632
20853749
204666516
109763214
73160770
56408516
84162461
218405785
263266334
208764184
151673342
63055831
79315937
113052222
76061400
249195004
211389539
26749518
32321040
55123291
124581935
39120853
148688461
119027388
165761059
10967839
72846644
100651799
35059180
46558279
144194343
93065316
167566150
185956435
116155382
143578677
15216653
150062415
103441636
117621524
85535516
186866897
72655125
191379673
48075199
202006777
83027960
28613568
134453296
2844323
250093860
101747069
218741059
222060708
89003739
105885969
221116231
165494106
198468167
201154269
45937121
94078431
120926117
99914644
135211957
122467269
249176869
17479230
81117980
183243232
98773722
245245517
195626883
130553703
154033876
217668053
70513924
238122655
96607624
77737487
189029285
65002870
117247230
81890619
68666060
19963915
146589333
230035527
141394112
221261905
263791876
150890235
141260214
155613779
139197007
27068481
13207729
231095791
49547592
223634384
50979927
71884629
104234111
15753335
176483623
224880502
230049395
50072550
35274145
113206343
261268597
181845464
1620071
113458742
44365173
214420320
205740877
161067017
106629766
235461820
48486377
171579907
146551289
59680480
175702536
208172507
175674554
117165599
252143068
57491248
103245214
215354383
257285257
235355475
48882876
214745613
127674755
259744125
32529680
227403480
138755698
100183201
258911618
116739980
253232419
150063037
9498885
57092672
160766115
199151088
42076174
109555274
223181550
54988392
237778030
245806440
20859867
259532534
189808306
39026136
265134298
32180680
64776902
181237611
121913928
31361945
18540142
68607353
60647469
195362857
87190708
56977971
65750042
140823729
66443929
208784771
153838224
169602322
192410252
74431808
200613811
225627062
184338790
16805201
38163099
7968723
152629353
191162913
187512289
165514923
37850344
175970100
191965333
96696407
174327870
248728452
111510
10527013
190873226
216332695
180266675
65884029
45766903
201361093
27883424
73305414
161921786
244906881
216076634
15796796
239941447
141111792
108069465
216128929
267192985
267777276
264188117
79804450
179164531
234767195
189962076
89532113
136216814
82266827
219910601
100443491
254621498
260638848
253149204
205479693
29963231
69661959
74009870
126116612
86026925
167419375
138399000
96821501
53669810
219307945
125846507
233582803
198503555
73887034
46918082
183075776
163418818
259822192
93388817
143331670
249586733
200587674
146871535
8218268
121450639
111323474
8500269
266957882
256986879
67673746
231379789
209200960
82759005
233734814
37928217
195729983
71889443
255263799
178371119
155915826
46417408
202275363
17043448
230368194
191208318
111706186
267945764
96964987
138949593
88603862
50479018
228029672
208679520
111626616
201487453
197906447
89304899
232236437
56601002
47504526
44763945
164526729
253019283
193783164
267046077
225805418
12203539
31724873
68220911
248034633
209610141
82905365
89720836
219769181
202005859
218523370
228408087
3278369
64448303
231288903
90502009
344349
25213896
142729173
27452185
62425020
183861742
129922201
62594191
128706364
231408841
15598186
162847070
154658413
217667774
14370302
26837880
235668706
222460527
130173073
260552469
107825278
151713704
179622946
63905324
198045647
208312177
249670868
29670020
207493850
191077199
147730600
223773265
100276736
18280635
121792422
197868154
147712937
116194655
100558103
149113933
102795721
235455418
204620008
212716586
179275709
207840188
62358405
263527793
217599887
201722972
59153823
155758256
35839551
226576040
266217906
24220485
219324448
123886289
138356968
131854289
66919697
243798839
46604303
32327664
58348008
145160503
223443307
196807033
244181599
60222790
166060147
187678785
246315494
246527039
22249712
116937556
124393954
22280421
251027877
84652416
158093451
189728666
157767779
37937899
228393936
34811888
134111941
133296085
195847590
130647137
63525411
234825038
4722840
11120573
101721455
154856817
142382318
132834432
174195566
109273172
65503743
163070517
149598672
224563677
7849647
172277829
219187311
56372235
216547530
27538642
263190182
177172101
210256515
67190818
247808597
154972207
232865596
206616425
137445072
265409500
196859458
179794559
51623411
48717920
63690171
24803382
223349546
206458662
4005503
263578144
266056253
145435523
258158155
25440739
218564934
136391430
210697814
75624025
142068447
221839994
249331834
174523109
100445754
255587312
214288474
60169087
4459804
122241394
241506014
135329688
222693269
241359622
252791175
166178310
88287916
21556947
220264213
142992548
258150999
49547377
185437426
173541943
67335455
17509537
187140936
236415547
125487491
28312272
31120800
16959373
118841079
115435055
203989603
10028067
103937902
169485516
5571651
51619126
137883511
245330349
142167892
102458630
246344991
174444329
51683148
65706780
102427664
225000016
253628288
795702
206543344
167132815
251043614
39746935
135523441
136510892
112400774
188763682
229378125
150643844
61512350
157704515
262715894
47860110
126321399
73321422
44279280
92156297
101157547
148721013
58676530
87593003
33913667
103868671
234123074
182404005
159503852
95305409
187808637
161368242
85532122
131428219
111508919
54500347
234827086
136869337
243306944
153612803
148460507
52942809
234669779
227786354
63105820
168510738
254242049
218334808
255361562
243549943
72753259
201960969
19155162
75965860
2482262
41447961
261887664
165528626
38182179
59125812
106944704
61981588
136265748
51578424
34318514
175245331
182135386
208239978
175061677
172668067
4354585
119169692
104202390
191833967
229141805
186048359
117510176
261594992
144032230
114089643
1528186
197302981
180119878
165507844
59490399
113212597
122798686
166879190
186129473
19311902
175877690
158185917
248019936
40257932
8637174
254046567
51752611
195530609
257686259
145231746
158606190
1763571
69243449
178519312
211125918
127170567
149868090
234497850
116201720
117703620
201306886
227438760
107369932
53686587
222941646
216296480
148178393
213965872
260042143
57261563
93257440
88054799
24203268
98480366
144612570
95486559
114008870
74850757
185409860
103848046
265761725
130793696
166220266
66962036
170037120
104087137
78060610
249151403
265840774
192089725
131786747
247110938
237833984
162377602
110327852
246161346
238537099
238839001
117410915
46611429
263084763
42863926
176071512
242193603
37435497
136823654
51080208
86998403
221536719
17844399
59142235
180617113
69201832
192565988
234508284
230273391
213688996
219845055
2252832
196195453
260121637
59341728
2742021
220533695
140765628
56276419
62368643
153767718
185065973
17718295
29981560
22706789
118817621
228870145
187122910
461460
265686384
114016003
202558008
245388629
93729297
169545478
97146355
55258551
221464260
24242686
219289000
149315415
219656501
110440893
157822075
248530123
44864611
241466117
79949611
149989968
31975773
133454102
31741113
128419097
63246631
88396246
198057652
177565483
12161531
96815959
258871559
186616242
90238637
142010109
142945417
204138059
179756896
109699225
35023522
42272062
66456279
155816090
43566024
85368992
160335992
233227991
93802125
159917761
22310515
154832006
123357086
157767719
103980845
249689854
181235313
222376655
61095074
249407304
157213199
103668477
6210739
216114418
140039617
199044300
185677357
223064658
173381215
63967678
251853329
192471844
78081839
82552700
203870794
215837021
93641180
91977370
242687102
95559118
163384054
130571272
228429056
123116242
243240122
159882095
206929386
261526031
28987876
224876756
247000205
131286348
136393344
176119370
36976785
236281723
250620900
41565691
45953220
119004193
198496757
154472838
162498002
178781598
245209173
49456732
86394977
216557328
214518759
256429686
168978046
41414273
78388404
130609939
28772838
32647229
90524569
60728063
1180673
114842225
67734168
4584651
105930784
215709363
172146691
223603459
122128642
102115442
111912390
47520167
221360867
12452980
37866694
210239035
60755149
176496156
131712240
88126546
142303113
101574287
233718101
210139742
50828482
53013643
40586080
229725779
127748991
267640026
166618967
200600731
154220712
257392692
254574792
7277076
82000434
133707475
183168773
142039447
70808728
205774935
76027909
129786834
66730450
131442340
239429015
261896134
202349117
16580595
91631003
250738795
168388034
18996489
202120853
217468528
194746705
232114578
99965562
69952838
258048905
41545047
164363937
59411590
212500878
218547417
114281594
20466530
196388226
51002612
152843302
113253815
140583308
267616503
184307872
215088721
32038432
118936454
1950602
119008445
239357414
254867457
22045782
109753982
243624120
188736317
225137268
173257586
31956852
148559703
220154176
255435779
142592842
199198837
192474957
259552864
202649215
5735872
187198846
34345165
53462136
181600280
141133983
100010804
210066918
244176615
144602465
104702456
120117675
161700822
167437051
129152675
150080947
175768703
189830605
149000392
95392989
23164701
137057325
212151300
76481630
149786448
132344278
88575110
11014337
42566298
170442430
11674600
232688225
164132619
23962468
114855634
54703867
203507540
80446619
51300556
204507217
253491679
238730970
94636503
44435137
102803799
80172495
124444051
183714156
164912723
88254529
60679443
104303460
89941517
213701840
81156296
39541233
151362577
106020891
14764673
95816873
36851082
145974835
165527099
60304182
65349672
241802388
133855568
18481756
225441926
175857755
51462871
42864407
38976538
11340440
205627286
261052467
144629593
111272404
126781922
204575429
28857606
161504967
38820142
60631368
169508182
25329822
21981839
236785420
125403802
186625710
114923941
213915158
194384537
229806285
65384888
44240801
83526438
251523365
37388857
85189866
2324871
164824643
161842394
49620204
24239378
136505868
191299042
161575309
6154120
29685237
199814669
218789135
176326568
177649385
123344842
152912293
99045864
182969892
116809059
107351100
166590371
11797209
112132766
93986127
163246687
55837764
237990236
218042066
24793253
120919999
134507841
14378357
155752445
54759625
181992319
35636497
52993444
84050475
61717469
46977074
225434937
170749742
181950480
56226652
102266057
244216191
159122266
223379409
154155254
52458800
16421328
187971984
187445928
12847419
118839716
156867712
72087136
229678018
52117492
6962755
126820976
37740221
219719869
213000109
267066520
217269114
89975604
122863958
140467853
168098796
187029450
99733480
139947248
100241572
77244852
67851958
126956523
70134324
248660590
190181905
146187513
29274908
34925215
203558993
60028336
122114391
254970884
248872970
202179531
91335451
112041060
51737102
96376496
59004558
55958878
61594993
183911758
122568738
228782306
134288429
258541349
20036251
223209053
260299200
232654445
191638935
206070187
96163624
39700934
257065911
20803133
184628617
116431847
10701427
186219743
36540272
136533448
29285648
92456570
80186877
211220032
85855125
99727861
234641675
110978563
41328728
204522413
259373430
45828679
187901685
43743034
1923979
150227285
152111378
227885772
154641332
232939201
255410788
123586057
1016466
129461625
146510747
136529857
186034568
252777272
124370246
93753339
177326766
187722818
144607543
193390153
32926986
232941253
10267389
126703536
260069702
240057243
241405045
267172398
224794776
17235463
110739815
209603510
64576848
53650352
92714144
30717999
218420397
175947276
25047302
58391574
78475906
174536378
251029894
155291542
153464741
129031579
52502682
179597771
196900905
63823069
226741879
101472475
39899208
130780293
134017362
12382150
81237977
250003443
120680970
137365413
81561329
206397085
132120881
42443658
55820916
29896471
154323321
248048610
113511764
240375950
248288310
35024218
120156073
204283263
93278621
21731615
56286959
201182812
8221312
259164531
228338227
143777011
83564708
95649785
55328293
94919822
111065820
104388122
36646566
238659445
148741206
217339070
119498998
88164180
203125091
213957633
167597850
235904218
53644392
29193780
48076582
211508044
162875835
148183363
221817090
96074469
165455688
103329689
212151062
198653753
255461059
68529333
187388883
239232014
193992121
210566639
21870825
206794798
13372714
75284838
222166833
73595221
222125733
213720742
3066805
191482749
45660257
223008194
184903224
237912270
31329527
48754405
21537844
38313425
180596880
52033805
93530825
202385041
186158657
55724339
48094279
139884357
56579264
116416730
3761358
92180276
98257732
24833058
42350453
17117722
110070873
187987757
22246141
58600205
33225790
5961855
91600949
116146613
69538574
46126507
191511345
133361255
246838615
141659442
256840181
185709026
217084597
254026140
224698561
20546003
17846259
37690133
234504549
78262866
98429345
50603840
41709445
154302159
260836437
60968833
64328004
186336755
160685638
165235540
124680350
67335228
41381536
211165478
228570059
59588041
203618033
78793842
91538624
175896511
37013987
217154017
19995102
237148876
40667588
187576692
153570133
31990821
122676748
10705750
148587438
125169727
68556818
227484636
208413354
194968392
4428567
261295615
203665822
180881201
11659766
193126085
58562138
124517160
105897032
257998528
86504567
112770471
217600093
209738636
90344541
50181216
80369497
64432401
154555846
91772319
137983351
123620667
248401855
181535230
90411671
115807490
195239809
250344369
268424549
200349894
243278648
213518852
77597017
47894994
172134110
85337990
69733060
73367806
210638899
40666476
186179513
124089831
221018238
199287238
19806744
203578573
182690868
171693803
94428032
74546419
191486222
206348670
108600991
45367
18321258
70268358
55872950
202029589
19496957
267937875
92619357
66529645
191265464
48596335
167689365
219769192
38122883
231614449
21278920
55301172
51133010
20423082
104039387
206773042
64383983
214428978
252979127
10197842
100422604
262125130
218798784
96586087
264839297
131131326
61748943
135005379
19731965
99728549
201376446
169605200
868313
132691948
211911002
61012745
113020884
91832390
9845761
166037404
177415623
132696623
257509090
181893183
108049412
209346504
257705718
211758542
163778233
164541292
97057580
20273860
266046933
37118649
9782893
252836911
76294976
40025693
121022825
263830555
232765791
2845721
136871134
65955126
254084935
226332493
73253968
69086339
81818036
214064967
91321901
30953132
13957411
210397464
181659180
205937578
117484971
261568967
254735324
194653277
149160909
50921198
7801370
258996217
27142806
8860698
11762587
239144195
75017871
97043519
220266528
239604097
175734558
37380490
238248121
257006780
7213360
42389451
247463970
201771771
239134702
161878267
240858589
90519926
122676976
7271694
125935850
238613495
72176399
223959699
191979252
212406686
83038880
176817056
116311516
128490106
170171424
135485172
160864159
8245240
124608111
54781458
222287963
170745785
89882726
60736657
97021465
195840013
101343755
189060154
1552293
32070342
107998482
207124332
241911722
176451488
253724981
98494316
40855256
123780471
107881673
242243830
217733863
107921109
160760009
254007471
166338730
3415474
247716813
203722411
66647057
11211102
6547082
153976011
119944486
119156840
25353712
15647454
252327570
87930729
146923064
178184340
19399575
141533366
120692973
119179416
197902568
56971302
259375051
124665222
184136762
99024429
102036662
244149787
90435900
260674965
93554251
170550591
176706751
121601722
122497383
140033420
4009034
100641704
64779256
65715878
239334250
14442639
45691712
237032063
160323862
38400432
224102678
80373673
30631353
49854701
83362269
228789495
136245656
195532572
46286581
86262189
195305826
17301477
40593214
29709994
251066027
207723709
146524778
111405475
241282451
262475800
11218046
81430412
135389381
238795995
69689268
147939487
461402
112231933
160673909
189501114
152032156
109739806
238437885
129308572
204144497
255354637
184427883
257676599
42017255
96397951
133976277
138973259
40572690
120336772
135510917
19431885
179947019
187470334
261890092
8998686
46186851
264519638
11544122
217996317
168411668
41387006
205716436
88053249
128561204
203007094
188816071
190173618
188951365
126422065
39733270
92529795
132090093
127704862
216404096
199500753
245171960
142593604
82409950
3089157
258851969
72373364
106018412
248990835
202890924
142783161
37124372
147350683
231290690
126869570
68179348
79420195
143649098
40403323
166305129
123827737
203410347
14456986
238032286
38179959
31265380
224407827
120348992
8577737
233759724
108320260
122196224
129639910
236977319
63156340
190634577
14812623
34885201
70257117
168212969
151693899
219733462
196203398
243076741
14659221
65523062
59664697
95683160
109476332
107914232
146442669
39115243
206520823
169032519
117822531
215248575
231436023
221594576
60427688
150769676
131719848
260290998
265356449
229220120
235766606
101353128
60649097
72841436
161419314
149496076
223164923
256210867
172174611
95213658
256167205
265081434
12410253
149998728
264936858
154125830
178194013
179589406
66003232
220381711
179575615
84749467
113749354
116296813
240848870
38333044
43606812
80819649
66136703
182573805
174976845
114656452
47844784
183227820
131063789
216344502
216480189
210460451
223457025
155358319
166610676
243187246
207134527
186135292
58196065
89573898
250080345
108365446
219336843
190464982
268413326
148807199
99506784
268197961
149816809
38495780
182937780
28144029
38668222
228197344
105687387
106261479
78950563
107110654
98802021
101466060
204025625
141313769
115249433
15236051
36534338
60952336
87087777
50791302
57283877
200040625
226497441
188602054
106836283
23894029
194147511
204614356
30566102
89840541
163814446
108841968
128989423
197589553
174639820
147044222
221709724
39663728
255001464
237753433
138542039
220020142
255156978
197333603
174191153
197858796
139351684
68877223
9812350
15406733
223347059
99860760
193551877
251866730
222099921
169373025
222959151
69799192
94266798
152404243
25340679
74981579
178137192
22290864
58874274
1851037
220587435
189094430
41510887
108877922
73706963
169365344
66111356
190196226
174592532
134522830
108595671
264312159
70425048
243339856
60859358
176792927
55334848
50524765
250836714
71444963
112977434
253080023
7097691
210033205
249765644
23748569
11955353
175065891
162662819
262555179
188796466
46114564
7452195
90204823
103774123
105125002
77836831
74607909
222150147
161126764
168362804
68994570
2745139
233756391
130839299
171089936
105368131
27025901
247249019
219008665
168694473
157469448
136893325
53888763
218749724
21095333
237744348
251607729
99609737
67161502
234589835
163787811
124797901
43786537
45645264
245675447
264309792
247346277
149472459
85544068
55880344
31060085
60303895
85287879
58395994
16204041
3309561
131277235
164948687
135810358
44033035
138249472
4003331
199749641
119663015
194475998
62198043
266306788
226613876
216125817
83723104
261366529
266536324
249222080
74277541
218112910
79184305
232163514
131843073
81146404
244980268
21145657
229527318
194589773
157653982
165797119
242490853
54856353
201170989
34611308
19105821
171788747
163687664
102303701
50185469
156395942
5686859
163304046
5769436
16597521
52816645
11280037
91319348
38871468
176974559
63475452
111402524
202210626
156919803
222492722
5580755
257160489
219816205
203503702
198856481
69589573
234957757
158471515
57944505
197946915
16020973
211413409
33659084
238517539
28792427
216520201
213864525
135068021
78341618
247005372
182067029
223466534
90047822
45859978
96991272
212531524
200451127
80994684
10267011
184170864
116660572
15657515
29294963
49980987
159333043
152554831
49540504
178986923
28304187
201762740
9376864
245883651
237568873
211058945
87686435
208304105
56025078
157271143
51100419
196716870
91457247
81403330
105976739
111443878
95516609
95327056
189628374
118409132
185041810
219761581
152595761
223924124
156058809
99771785
252309596
12503685
92246813
41446056
104704501
31559133
223029708
111931996
20734237
114016281
152508613
133562603
214754067
14408697
12109830
240828812
239700976
187751016
188779658
149607676
4614527
268377259
107552170
31301593
142720154
73615713
153133702
251302156
58140028
1225717
247796122
11387363
79818605
59687674
77245854
122009184
122269228
86790747
40407987
135923116
234514613
263350782
203867589
61331130
107925563
146171474
58578060
171542645
131069337
168804906
85547476
148526781
52364958
123057500
148366792
172782670
75319649
253692992
134828567
242747795
70650269
36721963
194162676
236984541
206798953
182893022
81113654
169233397
224781665
42539755
17750935
81354218
54674440
101170811
178630228
244796518
88494406
189959582
261901668
154660469
117588635
87573796
1290502
141682612
92548831
104309964
31920120
102352975
154424038
153272714
177306545
79874693
243748207
19556939
191510586
123521773
786003
23283278
206247013
124020232
91474159
63559474
182196348
179504718
143433222
184761132
116979089
210570714
101647971
162669323
153617364
102804160
258123290
229050008
180851738
126269470
46086717
76165973
12373767
12454351
221504177
2328405
52343523
114432850
245866175
183428579
178882611
225553559
101350740
146747367
19944823
100537415
94895949
247273102
177214923
235861116
24007842
192557856
26920627
96506713
213765852
125569398
221066603
159121001
199977161
218229289
221530489
114168156
94555337
90543330
175654200
169622348
37068495
178546277
34624076
96860338
177763810
116368142
226001503
117988959
148101933
131277373
101825160
148700109
111645887
175749129
231026804
219405076
176629838
180473300
149149617
177593197
171416797
215849606
97858544
125161475
219476671
201478214
2130716
152152199
122116076
122096668
46760142
145337194
70519212
222162049
203738880
76604054
94292756
238263735
201734091
44502282
167346833
227476524
136859429
58358252
66220163
153970618
29969558
95570151
247999459
254082337
6857276
249635430
143257066
189504345
115375539
260979606
80388729
256941882
82716710
51902639
83001346
206947837
11663536
66547736
16705955
27586443
141049090
2531085
163237587
1915112
82670513
57002535
16812789
11486197
32281822
218661690
3480806
231127352
46545716
177016421
232925450
117079809
23029414
73564547
220149624
155035408
169359840
137741885
255828123
223481794
219776313
166434519
69845490
264264392
205685365
42881150
125988051
150894658
221558658
76452514
134128148
219193835
121506562
156788097
242412172
51958418
239112254
26329338
81847800
129851034
34110882
68485899
33335800
32653736
130179419
85390231
138939739
63636828
264673301
200527428
225368389
104467800
136777641
232525706
6853570
118279
221515327
107260202
211970803
151641506
196177661
166493442
82517954
77201138
82585621
170273300
38518404
11149959
137496995
122191602
89223696
252666636
56539034
260879877
66602106
153067090
178640811
91121913
229970561
85616526
159228171
208699862
215633085
135305439
59522121
107572982
52346403
89720379
35756650
203823600
199921474
231275482
101445054
163478250
172565990
50238935
50854220
161425480
83654425
127992066
189818343
66413491
197145785
50838497
172198169
227025347
188871310
15780677
263233676
162503258
142614663
76038392
202362955
205642007
174050339
40589066
251669718
187989064
100907889
226171927
104776042
27595703
40306273
50000829
224650691
261010451
94322203
78292246
100151205
142996188
8541333
78829102
21091673
1878402
112747104
5057133
187986296
82579780
115053784
175059741
238062776
128443478
264079813
27169969
70629884
41187705
24377245
141723610
166153821
35240219
167113907
197766392
55981101
47193053
121450220
73247744
112912432
203162330
181368680
38612690
25505802
177338697
173108350
100119063
139381658
198151546
191609390
64810462
207448180
212126690
151289527
104133150
167715583
218158735
115082782
210267490
90492235
55746552
12477334
227376959
37528968
5641819
63044726
124161269
249301867
208558706
187701492
161557514
222408533
267711827
198547357
257910391
64103655
49308402
152637538
173640123
207244702
84614763
183764225
30952879
152650474
257080601
203631402
2446710
112579821
98860789
250037136
262137256
62281127
20974976
161232014
247126122
181506474
7649796
264806541
145493520
24178901
215681665
264431196
73318188
120157264
139806572
91278857
21100451
15927235
28387236
106831471
264390330
25825975
77318453
33151894
94478480
205772701
198542603
156838366
78053231
659370
202406473
48944886
47174084
240798206
11204329
254330148
228526635
200110840
38165869
34292447
144284225
118419555
118094817
76220066
264744201
246394881
225177313
57047723
59626630
199198946
186471996
96347389
100533835
183392970
229649839
10095037
110840883
224107808
30306370
5696913
33449347
248405700
24413588
238840978
3616116
22263796
88682361
34558210
183042264
181503620
3949964
250712003
58477350
169390402
254254567
92762771
77046763
255498840
42072741
136791341
36050798
93535973
256188863
164995281
56008286
189250396
90954145
152537084
22620838
184614717
109518361
199910426
80964632
185497050
233203269
262979467
248392829
159949869
223217429
62837133
212319117
50661596
162060804
182059916
101628379
172150778
110033923
70707285
74633057
61410791
209854393
196056968
105190038
79511193
80466701
57997091
47950316
179758623
60430819
226166650
212994686
176540017
138406400
206813566
266452713
32582865
185222844
152885806
150590024
201075427
29946720
77438254
9445885
172019601
25046664
49839676
203083070
849317
188979417
229302931
267434619
5285135
221509959
10319707
21753985
72144181
84965761
21960074
40176609
259529173
131510619
65957298
153274572
263681547
149273791
96769651
230409417
261712973
19372596
233724215
109308891
246667807
236978697
257095042
267787493
178298325
190675884
108360238
8404918
151220324
131425843
172628912
216796215
110630898
219632333
233055992
32815999
180853864
141826090
33647035
116623547
160031495
67096930
164277466
223971657
71870621
225471410
29098436
4511386
208370842
217020546
25188021
411496
97839852
4972485
58529024
187551886
206742044
24295547
30154724
194370751
6603658
233099458
251012295
149806736
198614394
154195768
146174859
40582333
91447706
57338245
242079553
126591909
217444072
193247872
149391986
64855135
110781591
228662718
50717670
114056730
242066037
128486487
88602195
198247373
119599957
76009636
163740201
232313968
242350646
178786488
167796868
148001805
175059709
112147988
252469280
199136161
70890972
125809700
165627342
197563157
255593228
179814297
155961406
266004830
187198066
25899554
29023564
166524424
130022985
140897049
252695051
124527037
252880988
266807886
264273636
105365785
114113170
34652959
130646679
178536891
96468404
233551449
38219538
13801232
171627652
36158142
143612957
254278061
262280523
175076058
50344333
139196528
181136032
193045750
232313659
236946223
7441163
54277294
207455113
91385721
170490565
152252500
161895073
186587204
254566509
49945010
76263962
212766934
75050760
254328791
164839066
64139784
206327897
34716625
265133844
239406259
248135020
35567226
96186410
248661963
188151355
160404511
2024749
74313379
111699097
43736237
266871483
1580722
198424476
226239978
237126486
145680722
12191306
174208437
36847130
75988789
255211911
129947504
11576682
85756993
211368934
243060284
129148242
197973698
139932632
19658010
118010000
227887007
84101622
237862561
24486701
228281618
257132197
3446908
153254157
202976524
180581153
32805188
30735893
147664091
164969786
151920551
61182987
12900357
157477018
118868954
74560061
172709463
211631058
139927315
134507233
97310421
177959808
208872790
37365604
107280974
115253540
31792291
111815122
215509138
62903108
37838403
78565758
255506011
220797943
75369652
229075158
131010534
67409318
226636088
199279641
146992306
111670833
240779115
99622827
197693441
169204029
170822984
25018291
224595528
91060397
181578671
20387576
134165470
19092820
208085938
37049859
2875196
3043725
177658407
214817172
122530313
44880276
187649802
127483522
236290331
263705364
125494704
2352726
173991594
40699957
5243239
102211553
15152229
12273718
75613563
199372559
125060056
240756389
167826615
188925280
174262238
200527214
28598963
79765108
207343288
255947523
203055746
39405914
100934263
214026688
228996484
115706154
182806274
35462127
233665826
992376
239306008
179944242
134024633
113188810
64439864
186183967
139365631
113136119
207837318
41944226
167742258
130276471
115627612
193670150
102495382
33893118
103416674
93405552
106558372
38164271
72152709
144523056
119031730
157041048
84844386
15123312
147270651
118726931
871189
233233409
210454816
171945359
183184906
114888468
10349661
163555089
160968456
112719455
141746113
72663951
8749666
1581787
119904419
70366247
5847212
182772866
146168505
266525591
60236211
31314471
136606237
158769834
16846809
178760887
241160368
1444083
209528458
153674319
85027416
54727198
127468844
57341618
89770772
158329258
1937494
63932566
205706329
133784354
46949327
239323709
203721430
156710986
17171035
58601502
97355027
255338257
97871983
102061761
12868092
265488175
175520086
130371639
24838957
96289379
123466091
24253824
59399440
163580771
259428650
29104947
164966590
195579821
44944258
108601181
9752549
173117856
219626095
208007694
173122696
219499634
43765720
199246372
188919438
26847105
153857139
41221332
31685677
225334724
104603245
132341555
130090983
73369874
114999526
166353641
13898027
219312106
73547958
26082109
97773350
84424327
83808904
170319357
157513493
236180801
112541438
225534930
249868215
144286051
173445466
22309909
160657598
260845340
265093556
70870130
105587079
53529267
18731602
260823070
193864588
81424135
39931707
69554220
49695395
88316369
141727547
172635129
92874901
199104589
84840011
197785958
224617734
178557520
102387776
169250792
151563376
128246020
120288996
36086738
73675205
128036564
54940819
101980168
237850639
4183780
214194217
1749402
151951819
85933613
25767392
54021676
10902296
60972350
183334430
191970200
237015226
89143027
22022952
106080928
81355103
140074051
26833868
219981583
136100661
250244968
179600515
53411205
4725912
111262620
243982460
18886852
47768036
38320118
98406847
267611383
245567991
28252957
66123471
158633011
157387218
181697433
144175719
77922912
165380536
210008040
9331791
226411691
17853461
69915299
169446037
246042338
112696103
232076731
44214404
189706205
72372290
169695980
7688811
162357715
193888904
102958892
64879305
22869334
52500575
158614825
249035534
219789049
170660872
43440250
138530776
47304030
242156459
260338996
11189704
231563049
52937931
230233344
237782244
96971582
135614598
195768066
123953207
118990885
249952935
256443742
151637971
259875598
77114251
99321346
36101785
128629407
94055798
65522071
62759029
250440746
30032570
100400781
63801698
74031709
268350106
151000189
33863701
209605841
195697996
250551634
41698751
46529099
232356773
118704280
22664091
191332145
7004053
188726661
63623495
45862886
135893070
125604841
49208392
30245355
14921560
7678862
65191048
95905233
109316691
16459985
102696610
235817709
91210128
142232759
113476661
142957784
163958350
11664145
207478756
34896487
124091908
91019198
106869113
249609928
151407298
108439998
1531531
6490000
151225868
192313655
50025967
181051046
264028694
38866509
267301516
132650656
238744494
120913032
263964594
135116915
222028663
120998810
130211757
239260066
185705429
248478408
28628467
177301394
28912687
168453723
236447106
19150290
150162634
93754492
245144036
51716422
109564814
70535137
89930898
49573276
2942560
75919858
222511187
157707814
31593014
49650723
120845668
8338874
229356954
10824643
250503790
56704683
105277025
43117695
128686147
214477542
33841129
158576429
118734298
92054067
201158238
262658094
106364488
21870525
97538576
246391166
161790062
120936324
250122708
161092079
244971052
127022368
208030777
115785127
105098381
50855544
88520472
192141431
200559796
206540342
39680398
41316219
206926151
92519256
11586848
38205725
88081244
137044047
8726566
137487151
199486948
158409675
43542210
17453164
48036077
255845236
122556404
19855694
205540776
195039396
168071711
163298571
147239945
90157523
212387593
91330416
67127870
240199085
159792080
176389672
117802284
112382645
246895679
233698236
195143701
123493333
57987456
223481968
51908110
79547248
74841253
27850058
3165556
10055691
224441189
250439825
23625882
242974373
78937553
266810939
170610169
60493987
222143889
24567706
172782535
2650577
116412439
262860303
8268572
80000017
18022055
53182800
49823769
265495241
204531635
36925238
186709350
242055641
181339864
56524593
21575689
43297538
116025107
11077407
17244568
135084841
6461191
116558687
838267
50875693
257733062
250807278
162371789
25530955
179517010
127065557
82639254
218044568
2095429
93185977
148129756
24429496
241044843
141084513
224064547
103869971
13614242
104789046
130293622
2795584
257797283
228903456
170258879
201986304
239607282
155577855
212630522
159616630
267077499
61056519
18520935
143708697
216723975
202921576
224675515
206483634
247439235
79570583
218516345
102670749
182323451
20510966
207579546
63303823
87708482
182278258
105704087
197399287
20940834
253054943
213427056
168179334
225434391
120136201
239305353
174038036
240375223
268424592
231440564
91831495
44720916
254038051
67261481
112100007
55627612
199931755
62805198
23589371
262704739
221873499
64010657
45454811
179862739
190902984
223998041
247279873
191945032
140341993
131652425
208049397
205071282
157819153
110295474
173577069
164841538
258017605
188770406
130186109
263464304
97339350
170152595
243793168
16396336
148858126
2276032
58362581
44625504
87013222
228449708
213803626
29371169
211126796
85956713
177972595
217888540
221131848
174037415
258707425
207298731
189124134
264713509
135923787
34457585
126619866
61866160
264203428
242913620
224124895
103205690
25079348
210973609
159303253
162137926
127988631
113563898
159466914
150639263
115858609
169037008
174927532
66857536
176486074
111027031
151524040
96881204
153536914
27620642
25583508
125095559
86168844
81486520
73239373
111880282
173382920
136695411
218308389
79472849
221068920
38033038
58078983
8384801
202645320
222843602
42064265
103289622
61163126
256297802
101218068
95204459
175895451
133693564
84042579
253619179
23090324
50538818
229316840
197196064
169658988
66363897
131801176
19843062
25015998
99478419
218082241
237281566
219688228
48534760
238266440
85420029
195311348
256991589
186551806
116665112
143661864
122607493
233277334
119569492
8180784
253635982
14920761
65038080
237418332
242924911
235219896
257888989
64378887
77382365
45464517
119295255
34485465
136123485
65343730
198610019
192183554
159452343
152071836
202365271
157462454
15080360
183805508
17876215
90770913
48871875
238894868
109040760
238667394
175011745
118902278
23304481
166446658
251304349
125223845
268304983
74975261
235992624
234927105
138613416
223143652
208980536
103908883
146745040
72961037
186846874
15461514
20881584
71102874
263231494
129590326
151823336
33357847
28656230
135427075
237273048
135729500
206666172
231414000
226529762
112721710
840625
167643715
148105374
139236771
105531933
216253308
188416955
207782838
97678930
197793490
133498688
25233143
146685600
88248014
222189122
203065814
66545654
216422996
11398202
31874737
83381967
237518139
132783362
192359461
178306629
37949107
71767693
157849556
125727553
29233447
168039319
219760048
93716644
54187653
67618197
162735347
133813565
172691490
52020605
176428180
84776870
93613453
195687410
244248676
182739329
21300761
129882940
15339614
159012675
208606487
230989057
27956820
102286488
85443033
116744527
78110482
118330200
88239885
148944767
263532848
89886640
259686124
255988593
71857378
66541669
45136037
23728105
157600799
34228312
219768856
216791599
118924936
118041098
266597058
108357256
194301950
109807044
186007490
100567914
55574283
241262863
5284985
115144582
179371726
44943286
32988082
39249944
116164397
5082884
114630191
134827788
224908297
257996700
106839118
143476381
150150723
235149517
86084722
142795394
229719902
48523408
154522403
105611844
123221028
192541795
8052170
82468907
256417158
213781871
146746437
261465454
191238270
88423904
215928791
189823194
82146268
137540689
235275918
48111305
239404151
31513099
103150342
5790227
185196047
246579575
85998933
98235876
10770188
220196417
82551172
85123781
179813950
118875185
136644074
158022357
17892928
235932270
63115363
215334300
3202111
61733786
23365826
119438572
235618365
191994822
174218740
253038389
55368880
9861003
159284390
76480779
17189955
62158226
195717373
12759268
75860533
242828092
265940019
40012291
1972691
148477724
237071227
153455512
69660361
55563618
30183302
9344532
265941979
47478574
258364616
29094387
162122390
130427496
124912474
109052883
111709082
54343696
191425485
249779708
172697264
58500162
252680156
173686962
181526087
124833564
33676834
125246163
155661218
107952762
67976001
117402087
63346131
142548966
59853607
83788819
257526347
40148253
85579157
92877713
146594804
204133224
114635362
219413936
48105641
124852230
176742763
214825614
179614067
207273675
490496
160999502
258716822
55644464
45821767
213427400
149143959
120857572
106288908
173426779
136931455
135224170
45835759
251104286
103128298
57588472
66132427
266859670
118312410
236467623
150332691
147248850
67205702
230624603
76574402
181234681
117274874
265926142
158255195
113440687
92515206
241317835
101495607
214457826
64922539
6926084
37531129
53349255
122592020
15169329
111274123
255985149
126226
157422750
101177488
21599371
70330011
250719486
33197718
107691810
58034697
10327511
82279029
68484766
160007463
112276060
226881047
154159778
263200235
208839821
135311278
109882101
149832341
203206466
74474114
127358829
29886435
116886281
119492070
44999572
5132868
103649972
12036327
268252327
142530596
203897606
119092751
112119819
188280425
215870774
40236298
25928730
242745339
60391986
29254485
26977766
85945521
212729480
258105197
19798179
147980840
170003794
258091053
21289526
12719857
223376634
45635689
122891976
136218072
95223622
137013697
55624550
252124636
19042545
107647000
59524394
127445730
16495778
266903513
211709113
110669551
33768386
43944410
223724191
148167075
109442764
263789668
94813526
210031005
95512726
230846368
128643091
237614687
140103204
221075745
186346472
181928598
240967253
241266572
127391739
136648345
230613793
255601724
217882013
87689033
9339735
5606578
114205852
18842316
165042974
170640860
251914505
219956265
12822432
90545459
72040170
14040319
196473323
114825501
169874520
131765939
88523417
96560326
246839210
109216891
26070506
20354916
166267161
173967167
44461177
222778607
221098413
84571720
213988314
141678696
220760117
82400842
102058181
203321104
185820404
261082929
118552285
159877883
8869674
117578108
94665891
57688312
88605772
24166664
76239256
195054165
59908964
68431042
8119165
153837662
152546570
89218569
187873830
186751220
49576207
88532670
91828438
164853874
244995543
268032382
6928090
152569573
140083408
245330443
232656404
135270758
249305026
16631006
117441342
183075509
73370296
167879115
48714110
247801323
67086193
31932696
19066008
201741808
146043735
109486267
70522840
217143157
200906559
79940651
252500281
265481596
124971657
242000149
257171597
213496448
9440185
149361340
233989851
199478785
205490863
260605346
101837796
154422378
135823951
203088422
265881435
43146374
253347819
191330043
168836499
195180037
139664273
223797562
173732703
263453366
205023021
263876727
83798043
194184921
50644237
109975706
125001639
31175449
261539774
259868414
156900652
258765853
73418225
167808841
148008446
254058527
77926283
147312272
161393343
178766430
124551848
30120097
146232032
1137440
94590941
57622684
218016066
193776987
235903113
150606302
112595641
98818753
251180951
125096141
160555789
260630184
57416436
27917510
149175967
155464697
164800752
111403858
126241038
23370652
133201262
94051318
248742168
34968782
184048171
224903291
194209531
23632407
129798665
52697293
183311850
168269640
168482695
230774753
265309947
89251145
170490421
146404153
88146028
237504247
209065211
119108621
87847997
47708227
158893881
66624688
225811437
155341820
262706959
131285367
76502356
187008589
224549780
101848457
202812405
8844635
58427457
111202516
192873005
245510507
258403940
198161508
18425335
154876075
189031073
139704280
23400436
59358208
173072850
69299060
54201198
176447870
791101
40237801
220119105
95619743
8980485
256400753
227872446
121237646
29250954
72079972
244159343
112757926
90371930
163524850
62630813
172213848
46268569
11854438
240974811
42306095
53024292
51090246
31561055
21337086
27425347
257109932
256617637
188354371
219393094
198947704
240346528
244336778
135854352
162532571
152536307
228824459
29579100
93246063
75023811
57634599
110547944
193246422
56298539
117397536
162621895
57305632
662066
93493368
234561370
215877559
7458319
163338541
210160412
213049060
192577305
253592154
34464096
54697655
58281877
54817179
28940947
73932490
158717122
259226206
62993064
91328636
83886451
196054351
208584748
104147637
91207504
256899889
223205618
158190869
227419519
132051403
146709747
247094770
90156776
232201040
155513034
268262477
170771729
84401796
126427329
114137892
115100382
229514494
248698927
164800496
142334816
69975766
242201491
84640667
23317760
101483542
56865214
9147614
79965356
95298156
119454762
145395189
101234847
33260659
24464991
188243264
235674072
176743842
130773152
176850399
214322524
259834795
115579205
80811987
104068625
53590150
223218276
229106255
253637841
180348708
52912346
2804950
110319572
174068785
9513382
68255348
36310129
39675320
235291205
247888836
145795560
78070674
197005609
266810316
155803806
38292729
65704854
144396545
235798846
238534806
206910224
155391954
38196538
216982716
180222826
209764171
13320229
56722299
223671406
147345084
219680385
230634570
256900124
130655154
243941826
267795705
266800310
212944268
166889621
203002032
162669843
191099825
6628427
15075614
227243521
73253725
119155261
116835364
220743842
138317498
74177153
180683148
174528924
244038606
85791724
214227364
232119890
229331740
134813287
227053816
56241065
240045800
128538249
174104022
23172423
76914011
170457463
199606534
74869249
14288557
104996416
232798207
73294096
86333689
178712654
121112756
35509522
5049358
198912372
252319489
168740132
19783661
128450252
161182210
60108327
53992710
229667614
12846724
4782561
53103366
255124272
18137497
89604540
211011833
124410045
62056451
142234774
42376887
263555890
218305116
28726066
72240058
202464157
180974701
63370374
93822093
95029519
17513580
82882512
245421312
161591516
68064412
26150695
248259099
241892157
141248432
15575725
238414416
166153331
66147603
215575670
62938064
151177511
133775636
107822765
245718921
234222568
62310916
8050452
30779045
201598281
12390331
70059740
48969429
182644713
215690453
210052656
183516432
72513434
151445102
247419471
138727421
249393667
262596061
42994959
13917144
29578995
229678957
46495983
17482269
267699115
249758104
171928728
101020475
166817790
204252839
212003062
12961945
16229524
63821183
249485643
226958767
96025782
202917877
262818882
198342894
2812451
199637047
150590132
243845895
79301835
204029222
139027657
170466402
141025695
166388065
261555167
143879879
222215628
117631213
11552887
29379391
189040253
23813357
136798841
6983682
65945951
78653180
74733872
34733230
201576293
146429944
39405938
182995946
205831554
158169221
222141804
107968595
147536715
82685729
40021910
156290777
234917237
170919442
266383938
5783777
240276127
35897764
23617809
169889865
246860709
18394173
178840261
136240567
53117095
86820202
34108056
259352054
140555811
194400683
51854123
184798716
83171743
89750736
170931728
17536601
212049229
250444786
167677538
167452485
214848481
110908389
185425515
149176796
15740495
139205770
92067113
267789499
33706219
116181164
193537836
135861054
39321597
188997112
243300789
225837516
197837276
237732559
23624786
252476421
95846615
198881949
129544334
49176285
96090037
244195444
104864650
161977201
252323475
221391293
96692266
69380652
48369605
248088343
207262499
178926642
76807644
50313195
197662007
156798009
134865800
256685411
168916664
4742469
123627016
256502029
43861614
233295446
48691252
211630968
77822736
129777296
231366894
139576454
14767279
188084500
121803771
199927884
78665466
187821881
231547088
62621344
74731628
57430028
189722174
10943598
19742724
33000030
1745776
49183106
27719986
205514630
180394241
219070139
105099780
240697156
108406616
126039827
141033829
26629266
15676895
211833186
240598198
250832714
163329749
15749079
51748361
257643863
178490022
259812281
265093536
100793353
64913320
51317362
49954664
32682134
87231553
218514746
60764386
27063441
221764804
231949705
162491559
180409861
187203662
224527903
194229904
26770323
35598550
120026086
220626496
78762530
168248360
217837170
144746156
119543528
3112239
112840262
92143804
66413209
267284887
90048081
149604785
165318548
76889656
37744153
211168585
95443646
99718716
225898871
200093251
230243884
236941523
106256961
23297633
73252933
140024969
161485525
65771047
78278015
266555066
232390422
152191837
239778078
223521860
124851721
97432167
220325349
35608916
55372647
146552353
116008869
111013928
251676760
61793319
117717337
45636341
24798920
25205514
890495
18926042
71886996
44364155
12167397
21518586
247357364
109680013
78614024
45499888
237287346
242590673
182190623
105887555
88948275
116397301
199217591
119733066
7608103
63164073
178627661
247758368
19957059
136875367
79573794
88630054
183824271
45273019
503837
52660156
264344277
114673913
90993281
194224503
87576817
231423579
118101132
24646155
141593641
49037421
248374647
120359391
206042926
122993267
196317622
179100472
130596257
67914578
162694069
212905959
216036692
202384754
172236151
204112872
158818505
25698089
230651739
201423183
102437321
81303162
106217409
27317518
163094964
120963282
161330970
121413386
156412707
164603022
225394885
17086492
53558950
249740523
195790695
34248695
42839634
197066367
103210236
719535
16142706
51755936
227997603
37705737
206572219
48896665
238360709
15377075
230199160
81443309
147491673
256864549
263213345
229369280
140197272
129424051
27101658
177032083
118154757
152217662
183059766
115600321
125527923
239609448
234209681
49723598
1009479
60798215
43520468
152824203
185185444
120022841
95247111
93282948
60603363
37669413
107720494
78458576
249026890
233311627
86787221
21013102
158246574
99555705
23683963
206986351
249800171
66282772
46178531
221745012
115135892
64653542
195852745
161135643
48826893
119544281
15033379
18764933
263822987
211384899
123776596
194842172
263868315
26869623
238421798
196408469
113604274
78307733
15639276
255905204
248150385
182053038
39933692
225782442
34987679
45842089
82485371
182783210
170906685
162679962
135184912
181909000
84046671
48807315
216061748
151528970
148576587
151393945
134306578
228674202
189382768
69739727
166830124
245515365
251677176
247741933
194618943
110417477
170928547
242981116
155632076
237372567
9746621
14384212
18372363
103294421
83678588
94506232
144150421
257281799
232383702
17136560
193508734
135858871
48510965
205545323
11336427
144470810
17518069
112387750
139144258
266308336
114977819
103998709
200883320
241944251
179502575
148541665
24316203
138976123
61140821
31014735
30903035
112084866
95588298
24851414
99929445
139043446
91947906
128061242
48868310
72319628
168418147
147012462
231525360
208226557
182418515
88748399
26379894
52965638
164419884
69809325
172893612
86257636
156560301
217342600
249234165
185700009
150421228
137674341
158077324
9461541
6526459
120508235
93594599
12309650
145469741
87804557
150369835
11701153
200633330
67867795
158852113
154230974
146610228
22739526
154563136
56318008
180288080
218366610
58514622
253992125
175744566
259935225
255214197
43648889
261642897
107266749
54282411
244301365
249761296
67065547
155761521
66329771
195899049
237343925
117387379
28070059
37363638
173260161
76965845
160545811
194758402
212535322
205349262
144499761
233670557
5944520
63774698
126824996
159263303
186863922
212533563
153505280
205847299
236084176
223031659
137083925
240692758
31005284
160212811
161963211
265101295
199381347
55054340
189723231
205083595
8328869
8891339
183399678
54331537
133297302
100956914
205357391
227060821
86116765
210801906
99783041
73308832
28079413
236044687
228131503
172825083
257661889
745045
18949390
33484812
61335351
177464591
239644376
244160070
236710644
42238422
254033839
55864589
180379070
91506794
206980366
15323118
84446169
141583734
61862726
93717563
43164753
124648192
127372365
262760612
38522809
56852000
224152081
5781600
15294476
217339926
190118095
190135872
99557484
186138244
85472945
71193444
134398706
140091705
100492074
143501918
62687902
233447493
208841354
229571697
240249755
206780317
165537727
72089341
180610568
238773935
6976841
95805372
151445645
177064816
213773059
186883426
242799881
149898365
114710430
55764678
1788762
145726815
220800467
241971813
68558116
199260507
57703492
111524001
137447276
181211299
157513813
181932953
91040065
168061209
127482451
33026123
103518762
8885990
104719590
130293474
247222262
140489923
140927236
211360777
131516307
156658980
141882680
16107310
231038607
111841903
147564200
203143111
109971105
86748667
184673568
138738078
78987578
174315149
18085360
158534160
117349995
121953596
112673692
234806595
186858944
122447368
264974942
182000584
36418243
162940002
250052767
254957174
95177306
109804234
74110600
22117495
79703209
123567733
2641604
17088137
197153941
114488197
5062481
18762911
156036258
176505012
138362266
45751328
219385319
65939385
79957483
184179032
173551654
19349073
108143105
146977128
81249253
39953349
55793972
63734281
76448919
82019753
69187237
41842694
138683700
95567462
169830308
19134624
5911951
15895038
23551210
215498880
225994613
205730493
154004820
75615567
206024895
98892818
122011627
205258634
2831014
242437657
86485478
226372197
186726371
150897094
208385484
10433948
45134542
89692211
28658527
10880953
235009044
11840071
53128410
24130400
242548376
77828071
67927222
235937412
160197399
246726081
174090975
118871110
68626679
138809006
247530324
241735741
32878707
247247718
240573497
214122870
76464566
56589674
195611945
131029062
119023570
250941498
247124650
188350674
238506558
175944523
206941461
146701014
244874360
223640339
198428921
50953211
247875895
24053607
236301824
36523106
30738197
233018100
187922124
232738579
66624391
153063813
29265835
201664072
162711375
170611280
31476441
165090299
189133786
202585353
136113426
87016733
210886383
235870922
130939191
130240343
79299690
242316996
120447259
14147245
112060953
163897274
74608647
152168399
230211503
197842511
66482110
178477883
66077954
83127298
76378212
266440928
75678603
267024318
31770368
207540613
78677690
116514464
238077233
81652047
220542655
229931725
173127322
40144433
233818031
167316804
206918806
236528994
95258941
144219365
232225874
266852366
249484012
52283292
28076388
250545349
244716183
13171323
138682354
154746783
239826140
185462366
45592684
1950473
152536440
4143332
224211888
47962698
242821270
171114243
125712986
161470091
159403360
141498264
121322560
76121041
266820237
47651928
11611623
174318651
34103693
191156237
194285155
49283120
123651841
94549933
97560963
177062583
220893191
163218079
222754775
104646570
242007848
223055779
245773890
15094102
142847628
190863133
152656178
9100460
108660335
116157594
11662454
122801811
200020817
99823886
21833443
205015770
45286315
63873671
181370543
250983491
196403142
141552458
179259108
67689144
45711828
255777473
15767725
132719818
114083144
87693749
236747902
259228487
118077328
73756229
57303231
162525162
179872528
214646350
124125458
169510140
175234745
74118987
99059939
57131110
199622184
225934583
217827200
11599023
135058332
218086766
131437600
86570887
223960020
214688522
174925798
138689963
160980702
53258655
35667400
78791736
257486775
129154236
204542140
33225310
126157000
180518358
59474211
57983567
117887250
235897119
193650163
127532005
116963029
49263191
185771119
149588950
82139654
185727434
65495884
123093445
244398610
153685726
24369151
218828925
214555696
109072148
179314837
79591698
49732940
157771329
33915626
53471522
118346859
83380788
5244453
64587582
25418608
196169567
41830259
175941804
167688088
60461714
50019963
116429011
161008820
58884541
99522889
230098866
104958512
232163538
265201955
202392598
151277687
77792218
109625191
136959083
41664460
18764727
144872008
173642429
257734977
14383837
264586636
150695067
168367326
123950646
183566308
79442638
266225403
22917308
103326472
118869943
48506666
100190310
226417069
123216079
133078078
107475889
153195221
241258971
243093773
27959717
89315632
206575700
133672784
111227904
168406886
246416910
50074580
252731559
188309808
112767789
209403010
151023211
198722982
242116837
236823105
35024067
143931936
36660764
50463414
52738990
110060
45656642
184798375
227459162
249911233
226212661
116488035
19923947
213668422
153681600
33491883
944670
152178843
256389151
250939466
213993068
48213590
112766357
3824998
86448787
167689340
239577781
43745708
237325314
157071978
257368587
181587474
222310317
11908184
251566153
54762194
238549128
191218326
42176184
114409042
229640669
253398326
253472041
22141266
2797123
161267334
239122017
9366968
137335708
188714765
222362627
214762088
115657005
80200129
194940814
12691272
14539755
232191993
149260875
75001362
88727642
107479968
51452878
58920010
237435390
36984695
200857198
25174579
212340062
201957607
207996629
109841227
75130194
238697115
80599499
255975263
24456640
179541730
79966285
6051164
239114041
1144258
112353201
114610248
185198964
153198634
39783244
202635778
84621933
184482619
241908215
195000772
188124069
138921002
78393995
180920097
255848402
145780110
111780312
143514548
61486278
152998589
217594067
193693698
17274932
11760870
162200139
217147388
98415240
128132753
226835260
227568639
105110269
185385035
87592320
126568086
133914177
190304023
198026988
85271591
83645179
148318832
219472317
170921306
89351219
175444236
141737776
75936961
47395826
83948497
208380672
254792409
171628529
236013584
214471037
147875220
8446473
203314293
205556743
207513889
148467065
58935047
185465722
30170805
220917584
144327761
203088306
260990583
231029232
33894022
47440046
234077692
95346135
153532616
237894201
155867912
171910781
181771696
15100649
216558575
100608523
222165830
179692426
130922936
246227738
83429746
144188101
48433667
267733145
81670556
94967050
77718330
72749190
179967177
26234637
146895571
63527794
239193916
93246617
208547698
131969658
1698147
213985014
28587514
19634989
249225428
120205457
242453675
106629939
59154631
27455612
263560586
128197009
8088789
54885150
30526879
65730188
232526278
115014209
152737416
63600067
251756485
62475048
83265171
219446587
255503386
70950666
143546579
198623453
26880706
183946861
124771939
40126365
55818759
78630100
203760450
58835591
417675
160140928
72730094
207526826
259477462
161298054
217609365
129197510
51248879
12241806
87038442
119880550
161165787
153966781
185538756
78001233
36627518
113455019
15029354
95656142
61912155
20524083
144206050
205166354
260858897
32224916
160675595
49003617
102402387
215866123
187371181
19588193
20433020
145772537
9473023
145852663
105206266
175893853
159464088
264835626
146832979
156648910
5002884
78851873
183696022
244056248
117100682
71082822
181557678
260949976
236875762
102220212
136194669
89364266
233082823
38683191
117554178
113752476
128678109
152988042
222029568
191213500
219972958
188705147
180552843
52538902
93725012
14784687
190738512
163352987
261351521
161347985
251139947
23487607
217085863
70333787
63623559
113066591
75055121
200283346
5480820
154314429
232793161
157028909
251052828
160107148
30981458
236501579
97908188
126617111
211900031
9321438
13514512
151236808
8957497
108042099
138426150
143021247
75831813
113857357
142732883
156457234
159214479
81505760
16321101
178146984
98370824
105585999
84889272
211955024
37914614
39108858
33221484
16803006
139361885
225349179
17420988
197955133
38607542
125125363
133933330
251346491
22860673
25241824
177585633
138437782
203416526
221439330
42770721
215973087
155425040
30417643
171020811
104018898
83257029
143515759
251785470
147568670
19661389
123432202
255940114
144024015
171099250
66800905
140003161
145964096
157283971
53249024
34603114
148078818
61694752
225542081
263335959
141450602
49922969
185681179
219746576
92488935
139659669
82353995
89424246
132328550
44124225
257774153
68824537
74856314
145836063
88147371
35929860
162505338
19772096
100736361
231037060
139020345
106336884
228872366
231877013
244315526
199891408
91321474
98707672
83951719
144648675
243167564
89149265
237648658
14587658
110834413
38288539
149954306
27772536
15425556
29001509
100057916
221374896
64970619
4654704
70125572
4981534
19989432
38839222
3955942
122629019
53951702
26149798
94346116
37372306
54053115
139122697
49447453
118378328
187571703
76104795
214784737
164940588
183014162
166871890
126081346
243553584
52593382
180661542
92653590
37430975
25913726
239488901
146763107
39587368
178074736
186730491
83903163
260187395
241681139
188265801
235475690
4926088
255115488
111663627
47426299
43722608
122802209
98263221
54740589
31444414
44119443
134674137
172277924
77020875
148911905
247707153
8683055
201667840
250732561
83177511
28924050
40321170
267506125
172453226
178740070
121810932
168836767
50037678
105252717
95211037
151605549
118313046
133007152
2777100
4913376
198167349
130793146
104393457
66499676
55298546
166888015
235702322
165172380
52469626
257341064
30609178
45164825
137200099
64557270
123721685
235211551
24446495
21438181
40669096
7087955
188826888
259554901
246030646
181431168
77233477
49355322
17852915
42961244
106107124
226630667
185436781
180039570
156305827
217866096
9630152
241166608
177072410
212580663
117907506
181017146
177622831
64556203
265953915
57887685
77865455
54403765
102036735
184787212
7470451
250855667
79976653
197140754
179385250
36876055
51330481
206574481
263378956
260966497
264058565
173496781
96662624
13317563
210805853
18919787
99319819
143225603
5333387
145858648
116804959
173704136
139615213
205457613
262468479
169687582
73032224
155628571
178379936
98741568
61417475
251265608
20697110
234416669
207672469
263549757
245252073
48345577
13834424
165741459
82069622
166109843
230822695
160487785
123278555
238563343
12489705
242593857
105621645
118627712
118687180
153045872
73337345
229625839
203789217
243386039
233776526
265982307
20597451
265054159
69160736
137172927
214701915
65393759
243966408
249975574
165355377
188485911
173976511
131412218
31746412
21366530
127813109
80997871
81425381
215725604
145137449
146466553
172833765
152851722
9625271
247020081
245939662
50153732
213973928
35254831
90690905
244635557
15529118
63926366
129447804
101967787
262284163
40640594
102352052
87888960
100451177
19299609
95339249
31891477
11521937
119012503
209906855
213399526
192291782
213986420
181093307
45484335
10356967
23372806
14914055
94062223
135240588
126296226
3752881
191105206
3777402
120513286
157744710
165427469
222641308
86373904
104978104
154758672
191885161
95817663
54906937
93313716
180370347
105545037
132510206
47482584
59945602
233163282
195567960
184396661
228291542
213417030
1506756
68473444
105057592
117469734
188334935
184877312
69549282
220798145
55483287
168100891
142874155
179952674
117459913
161710583
245326746
219085858
100045423
190901858
154665947
160147643
141214473
209383915
107280858
2312213
89429458
192444700
195520144
240166086
85999811
189142226
219241000
156963454
222326100
4972036
111991274
73027137
82984774
59428561
81478667
168507594
80122969
3824177
146142211
218423236
42549016
256202158
181851293
133405998
53822918
190431720
266552291
36331149
80038325
3826273
25428345
251863992
103263634
194000257
242990530
223157093
18062268
49536648
40584104
212258711
195577729
251414170
2246956
16120309
206436474
187789422
65495044
7892535
44025322
251629465
36441536
185904819
35741157
85284754
110874008
63987832
217683419
42663338
240643613
232750025
39623669
39813941
100070461
243589681
251619145
248120401
172906434
242132789
70542714
136417359
31669107
53368705
13714465
418449
16479554
190546193
6697579
37263717
211329401
6277511
192210865
218771762
100948548
78342803
189083707
85411933
88626776
250722850
35433731
112295152
222433971
28024319
201334036
24582029
240257095
183202619
228529692
135597704
11328832
104245989
187182896
172998532
104913717
247600267
39243412
180356300
183687966
212232711
35315957
114352541
235229856
116342834
113359651
83021254
246621233
149529340
74361177
162618668
45195238
267876544
20603038
38743490
141504008
228659123
82230071
262245442
245721286
162089374
231199410
120329404
17298051
160158650
171545098
263046272
61551153
10244449
21406659
198062693
165255516
160036985
123733645
241979449
81104883
52707791
190579758
17701095
13245033
147246919
191187411
203994168
255197189
43432547
252181624
67871460
155580465
268298171
199202145
47355228
222260113
104398675
225492515
230425735
90076266
183532988
253619351
133458762
46561198
240039329
220647882
86874542
193953527
134248772
117870586
13141264
189522411
51669969
106987328
30108587
177757839
60488319
257402614
222527152
51392424
69815242
163542862
18570860
183958246
87532032
121277178
73584027
243688593
201400853
230983056
176797160
24259978
64708855
28620987
230483579
94924347
155977767
267659213
217080184
40667838
128281
121046319
70911468
69698383
224901015
187229321
84539709
41271113
139016470
206580567
54028813
141913974
50879090
108648983
255951611
92498766
93290152
226749131
197116298
138946445
37808920
252948197
90071209
181236599
23909035
19118161
160238105
1522613
93568884
168101732
3736273
182520150
193508716
215598387
182914060
190274554
211319819
162569358
186894763
158815011
30931049
131611053
4362120
180137011
229893951
24755576
216673250
217429686
1724143
137378540
83947669
177786759
142672153
189583915
236694520
92714033
17991237
15148479
62215865
210677887
104230151
64364164
192674510
213115572
157134023
182277375
19248695
50797385
41833229
265627463
29285285
246531468
266073149
31358682
64933192
15280834
15045174
109295411
12355554
221961079
99031019
145963813
30709895
218180106
143878352
69081154
173425377
118510827
93138935
98906779
33737466
201769366
248375475
9879073
216375919
110157527
60516088
242155666
233216113
192540825
1633105
42380898
191532621
198987143
184070391
138013930
222593494
224947139
222166985
110982444
86159317
95889636
1635799
198195171
51925621
28007171
132469431
243945716
47036519
208425982
166572691
122767538
50186790
187422390
151391076
52683193
162135441
83581313
139597468
226307493
18571061
693883
143581960
178112311
256627832
125440550
187906359
25198596
84347208
173967589
267166621
101701207
168848019
138238848
201344725
37220657
189952663
42956294
159192482
16237976
243908550
170052071
82407860
42827542
203096519
14123013
216222700
84014769
121011450
158600902
184481106
14037983
217873638
47153687
3824551
223477925
111381985
236474091
234987824
71075009
264423697
110107818
44355410
267701620
210039650
167746537
212789426
174638704
50664610
248397116
44559471
71915231
246221780
96849668
260186317
126085406
131953835
176888624
58788757
225968993
6974808
65619573
129658537
5916574
35860245
100835630
152111892
25118924
77314116
147019956
69281681
119040797
178286691
47730551
193881192
52032457
112458447
142614717
34429138
184638741
170663680
39401856
187161223
231055865
47911818
243800718
52721383
57359567
140686511
251958053
170275071
85178151
249340012
90763369
169889183
214959089
99372840
211199467
104350127
250561086
180294796
144609042
183843476
208733153
227372763
31254283
122845251
133768588
112006707
58526177
138036818
1962588
29457687
97461059
236296191
25385456
164554078
89378136
46150775
217211626
241159901
8482692
258440124
62873445
190478689
1321075
218452240
171039899
108364144
130577527
117715352
82608303
127418545
104362561
211793183
73762815
119274348
265245908
44423125
183798314
79707980
237246439
40632238
248606392
133705970
267932200
132630282
177183041
13362441
172473223
216261356
255644493
250423282
208217222
192016547
118467445
145293361
260446292
102438245
212985878
254629102
72000587
249335568
12332540
265265323
264143739
221797832
85124025
89879802
30470013
249458658
84262758
17707329
124852903
149692047
143431285
125161071
52701765
14733597
44635301
3052627
220505810
94415852
215957831
34413520
68264950
24591704
238411186
914623
82494980
107063442
190464194
152110094
12398452
148248672
262498100
121036911
50579719
263337563
167494019
175519817
57427446
47663682
41777842
157713310
198929045
159106521
101596151
30836821
30637915
67924311
54461097
190913248
207475152
46278316
237559696
244712625
23149322
241800697
114162151
131523430
13088530
147455436
218072913
211889936
154904758
222347292
89629952
98477584
201590594
168056173
140686438
152348267
121338035
99073511
193120762
12300164
205974071
125999023
148045506
236025246
191259891
207113664
135414533
138503195
84338588
106846929
7958328
161180606
221265139
260719246
68222323
251256411
144714880
182770832
20246320
103636164
35913072
98300342
147561849
217105556
214580995
193821086
73696990
199242759
259533570
261784762
77383906
99527563
165534962
183508762
203216313
45538672
18372589
89086123
22618106
96253035
120591572
206112642
98800677
32589679
249662746
70379015
169376764
117666264
176213828
123439910
11239071
204248394
155563453
18941749
9256541
22735748
245804071
86089578
136786576
68398541
220573563
127919957
220800753
19031500
236750577
178558120
242912365
111190239
156562973
169533068
69856952
142122306
205308610
95964572
135132902
42216139
103742279
212033752
162537525
103947160
196060761
194274566
