473444480
445284421
400607284
523874578
313778432
320644703
316877985
328834999
358765468
478843710
410841727
359134005
534543505
403110032
406203752
498314295
322928596
509851878
393066745
270580848
481438975
504630645
351330666
412375929
275546888
476911069
524366313
486478562
518901558
524687157
463471299
289627153
435411360
487867312
373604104
367426275
282415324
432145515
486366038
478368888
516563513
514093780
362304427
407058587
433061439
353812652
379701007
402364014
331059849
491731574
388935264
458023109
279940572
342289963
371500521
342669905
409611103
495583105
371113969
473915363
329590687
499360144
381568577
287291861
515620569
302040354
495392519
359264053
515054411
406160487
313508196
400239299
402966642
476705404
348080703
333649835
406828093
333767719
361230721
462157637
422907464
485287274
281026299
326246120
372511648
397996253
302775952
468479951
327200661
316386416
397731977
412124558
377766881
503796962
445967862
293453629
322436585
367576429
341305807
445845406
523215068
321268864
524742319
467306855
338384937
343328311
415571380
282801131
395131208
487345942
362534907
286668115
461600520
463883938
335716749
314818912
462442403
529209617
376176828
489644001
338982183
437464886
423929631
510056555
369300948
268711033
461810203
331208068
297502348
377441646
499079636
528971351
350281995
320190102
523278478
533537477
378631551
308925970
392506096
331762245
306256947
322774155
492176663
283981582
311461422
382760271
516523015
349310285
468723997
320902603
278153333
428865484
292354474
408425630
354122400
337643404
412853598
465552033
318420026
277622011
527412907
302535719
365207454
529777056
483046638
498590326
294725958
268863463
363128785
477004042
269131391
407907296
310624748
272913062
377638198
357759589
458354898
340609072
287612885
292060544
450947556
355974491
393260581
283645793
462734524
499141175
287849985
468101182
468563659
377428509
311529154
386611452
488117206
271002950
306145783
330374709
491809235
321598070
315896072
370145780
406767609
378291203
426010979
511606288
484558443
503879826
532950907
311282202
276453547
296123871
331448502
459842102
529525258
512777520
438429129
379516108
388835497
517890101
489353264
287175343
466748530
485257782
306407552
429788571
395255416
460397467
454229747
525976685
296669636
533349082
347834233
442975081
520023954
449597208
450092705
277793777
300507339
372934039
347840725
384009148
402584896
352838611
330197477
524091450
310885766
364002126
435493354
281111131
505372673
524042313
416499860
357164422
270611975
430076599
365790959
276310465
480442576
352662679
376465696
454911004
433150301
384328407
320212462
284545661
522916714
403552921
455739073
520420656
344067181
401240404
505255562
276329335
359231939
377087133
528068516
484940351
282495269
470025307
476378502
385608133
478415698
388403213
378109432
282116123
364033961
307080899
521607818
359057884
394190771
377934881
363834703
347681134
314590624
525790680
532034766
450266830
413641056
387240639
286458134
377076857
515915669
326612160
317662778
303458106
459007526
467812830
285897680
276836436
292133876
474698852
529328061
345708700
531416224
374982441
286316705
401857838
379940217
497890726
471368954
512086638
307996371
339004720
301677423
364997374
459829028
509122460
336137748
528970575
283893578
273678133
296278897
494055821
300765422
419662623
473438070
377988333
528879591
487633751
424218640
485766771
291121867
362109201
525686092
398292696
392075248
319253086
489175198
425466303
294567306
304768973
363150511
325009971
476118393
343386625
277394136
389774767
388687602
527881681
453446640
425059440
350803804
279484653
353018389
271645750
528336428
527677581
356671874
278205827
329752741
394240503
351165527
490862251
431566047
478203683
390206070
476678385
468546378
461083868
342615571
517412568
324392518
435969005
275326059
328160943
468641362
463534782
427637342
443410098
470218187
326006973
274187755
323279361
461236785
381039105
281785080
347882323
512342633
490465075
511025225
444890496
439520954
342521047
383933571
445706119
491169261
407502490
361307996
303332767
430312560
283120380
510098858
324279923
399545795
450235519
518973269
487627399
366634692
478859107
300628266
519379813
305140675
325965907
473630780
357602252
353762963
401483619
527928551
355410414
466796165
459830961
414918975
282590432
469423699
309747752
505363706
459295596
525213801
508233912
349569240
305496172
411634723
470421649
379906488
424134806
448187805
305274410
340271180
426655662
466407027
472479056
405644544
323948192
318371391
479188644
495211828
306878289
532286749
489839273
467036334
525919973
495348167
463632214
528046719
425048219
426552948
442234563
343972700
349511689
284911321
381520332
482027649
302459810
357121478
507908355
344238709
451458006
347493279
282131810
507344509
397749002
455588598
298065765
444473973
365257753
498497378
433315766
522408049
404553573
409651339
277206607
348570027
444456459
439104127
524289278
513913607
370044159
418029301
292538842
497766645
360042240
282575002
493204372
337822573
308069689
337236799
288863159
398382283
417781631
322362928
424041011
487134653
336039241
457138408
477659853
447182224
447067374
288520503
388629363
314574064
448988600
509236724
303058369
536112676
455109763
319383558
529832885
269005701
477853542
514615246
399401470
373905310
379310950
459074488
319950030
418474372
514435771
456600791
471998529
534028014
506529706
507689941
519032795
427436090
324924359
391597370
505297323
475396910
371985097
520996944
418435989
284654207
269160349
507010292
268964081
350978603
405248255
448009514
313866133
423994963
406608267
411497280
334253298
324573637
443810959
302490278
408128928
368919357
419022668
492618152
306411108
390586675
283229277
536831508
276435739
324562597
421870030
503977217
529408984
312967742
391772596
275912703
309939214
359331117
385228377
421917926
303580449
385463078
376986819
411815863
414547718
324531238
534742552
322130948
498280568
493181092
464853473
343582519
518757552
325790132
414319416
417284777
357356818
418009659
420321044
504337014
434207238
332951161
271560000
458299385
528346335
454873782
396448471
335372617
272532638
392595689
332963749
456466091
428728790
348404578
394111814
445396810
384263755
344439873
491614938
412795007
507861083
385545363
475259638
305006857
293208399
319636755
289287303
432915630
476960225
519660276
416506688
449410939
442318922
439693393
433268766
498499509
426837949
424562022
399789095
517996321
513028684
436355500
302470534
450210786
512821794
357971335
320722670
368524225
365433577
293960067
460586851
378796795
374209315
430785809
427109069
334903687
317874270
328002649
285337130
465746375
417653697
492507548
439068867
386247854
284201504
325298357
292068786
472122571
373865020
413478936
285559003
520005433
314748602
426931806
384832092
323131683
533847825
304272971
460309034
339066687
500844240
442074641
407605864
376059434
444839969
406879294
304753871
536326399
433639366
340570004
442096814
480827265
530124654
416098134
273993468
345587646
498554294
369275052
520972665
318396135
506220983
337241303
370218281
355254420
409566713
491743215
421011472
422775934
516178852
340161635
363677242
359934960
460312799
509202389
320748712
304695442
485998890
485917205
514288459
422265550
304949859
416934552
394520258
526679123
319298691
338198006
482395014
452321131
475265041
532531994
436004946
489153259
354788742
314344471
482020491
281732547
447984917
386899313
471771202
307753209
362942955
429899303
272981088
476332020
384222044
492758465
304806463
317162689
367133667
480114222
383423205
422661777
343592999
388230007
464620259
319217876
500014270
405063804
516588980
352877095
290822153
419102927
420870964
456284838
516034472
377013113
290845136
437642768
284935350
455082751
466256574
447383500
484109913
357952888
373674303
459384291
534405328
531015891
481274268
526493482
321041312
382560270
277646762
290978297
419472187
474253571
447371729
467892861
451554828
393866657
524202161
393934636
498919550
494039992
524212363
510224678
456707402
318780124
474436844
424977719
271009746
435389088
269589946
450036439
498549475
525520929
375869923
528234205
305808359
411878551
466901734
480928244
522330267
326944256
285031063
427874235
324151939
397787309
274886402
367464297
390653387
392218455
377492983
471536545
386644886
472734092
368384328
517476510
337423515
361388263
518330464
458323537
467994525
450615865
346936734
495396582
312989654
487821418
419145384
525965873
437013682
328765477
388866329
350420057
423556862
325551502
375289843
379722191
354067687
416186810
455434617
454978463
288187616
320151854
381806801
306683367
365318406
316233241
403726292
518272488
494100066
283622159
498357476
391411434
270861256
418965563
415402767
386307562
515986618
468921464
273840862
423753906
358346813
390704317
431520466
376425856
328828854
525259152
465100746
439991950
496538993
312473297
287237832
397742015
445286852
397479255
431464140
505267543
333648112
409056789
345511848
459023923
496786490
323183915
268870286
424663813
440987869
461872763
290750448
289762590
379162792
319630958
512146516
479429886
484814410
512523974
497817263
307955209
328457842
464376189
529862823
289479986
504534747
363026122
276216530
488148732
332552688
514652951
295992500
417247248
470567959
529628715
522536032
398574952
269981894
423347822
317085634
427049323
362985569
495252021
395988012
472944892
512090386
501994132
436335095
418002710
319090454
410652653
411045211
431348909
292952194
394884801
394390798
303141621
478320215
455213947
337152023
275651780
391112025
407505818
338781674
485525795
274769626
298444254
392430403
439971326
277027068
290354066
425159122
375826520
448766544
452910647
335692693
308034415
436383602
378458909
383447501
374850091
440377296
460589232
517880423
396673160
505373553
290154587
270776943
436758027
433660881
429997324
420311333
382455721
413119481
366662700
385396369
396378074
498971348
509862952
454352870
316334757
522127495
472154470
529945006
361309559
529593652
488839274
403989165
288118359
300630735
509423631
472398918
375199766
337582189
378560426
304678672
533443342
517650531
399369190
281643134
330453100
367833619
508061525
468685960
501158771
430024549
506150658
378662315
283140270
418274877
519230077
288731759
482081420
307615511
310196149
364451098
409729910
367629342
282259708
455770826
479967549
474300242
451075341
269085286
532556805
447684044
400035355
354264210
405059655
508650241
298441426
348525976
437236937
438286300
389349638
292087696
439629962
425233010
294282591
360349186
448152711
400965338
535191091
441264970
348998024
422483342
379383435
456551151
518158431
491033605
518367942
346560489
304629817
401633461
506249126
520352553
477997635
476176467
519821531
301325856
387250380
414944897
371220554
276797511
356328746
448598149
346577761
388064176
407035369
332330451
526845651
449116603
406180110
438801619
268943457
535234138
443736506
290219460
520930692
490999088
460179385
380730690
367803626
533459723
309163146
296521890
285157381
305866898
489757275
512127665
379322494
383639972
462696369
303964315
306382899
345838810
340216252
413799924
295842860
451759881
312861584
519998264
286307010
511978099
518489006
529064755
278676699
396273726
424889060
519491265
316887668
528397003
346086934
351013349
281119331
448568767
472105085
344128408
524798324
295695738
414587017
375397093
351446613
522381695
449673471
501765481
522036994
355092183
523708707
324200463
485012808
275179339
375157341
530642712
467699205
507013063
534302769
337748968
435841560
505592514
451113633
489229258
508418354
430268697
347407366
536373141
346417412
416435165
360712894
381574144
317647007
372961226
486814991
321205937
409351657
301743025
400150457
359124491
308868747
481379573
459696449
407769463
305735304
479679015
271834447
523822840
382018355
376217806
299214813
380159626
530407871
420835626
507275814
459060247
357127453
310025906
316293523
462635573
283853186
496962965
392749943
489123277
473048819
483294731
336592351
324783036
502213161
533190421
293111077
445130322
474433669
300875749
436552371
370236641
347298924
504786627
435919036
411129619
427150961
311580237
384039973
531155541
312073680
336414950
449691834
521063336
298643137
499586212
518873962
534745621
355119857
392168399
518216597
316962601
514647251
352234010
286836882
452102543
414837956
449967779
488614627
374796086
419190801
352022531
433400355
515238858
524501570
453876906
371940855
482645117
427300090
527292385
474296090
465255833
369832409
360157572
480582535
388232591
289862417
335875219
516266638
475784621
330317915
279369204
467008343
379339966
511876594
473724612
503464669
275410926
296192601
437763735
393959182
271398645
528020431
277920473
473863768
512046646
378204002
326504942
487720518
499070711
365281122
379026463
277976688
438131871
525769568
362805897
445470947
396184670
327714877
521682432
273052136
526007665
521675989
416936708
291548472
372229997
413169581
371182169
458769390
350061802
446086413
491815270
438133109
397318206
335404452
356379359
304138498
430453693
476398326
348189558
431088831
485364166
529368789
347570693
429988474
373480308
403508208
408060941
407348533
463573429
506738186
291561919
471022322
504115820
379147838
501730144
325121304
278154047
308675036
511051101
447609417
377624281
381198137
479945996
526982931
417962620
375372323
308099727
517507044
300177766
314415808
351210966
397398015
422026275
295132936
531684250
295270412
422546743
454155954
274044526
318802175
416268485
413467799
446455642
391933869
520273609
383512084
486682239
482746541
512535237
446054201
350884221
274693098
395338126
274920775
302325111
429191970
438643801
445234097
310476980
379903186
418736503
470601805
468000657
492750292
389918862
507322891
512155579
391580204
498239703
498981225
280437832
452749569
292443146
480673873
398755429
440681456
361917002
347639466
377738564
283182259
420773946
394062585
277178298
308819777
314354165
309578936
272530387
419038440
403522639
361096942
338069903
315804304
413295927
509807171
315519408
476768602
342789176
499428484
429198808
461454360
370737953
410820760
299156370
350311206
452901077
287322001
268954883
315921170
504833927
366317561
371841061
477003795
279892667
429559942
396333690
363441731
494249801
507131773
521185616
349489679
442011862
522107697
316200212
491239420
405337294
421202181
521421435
288598476
458922916
409536533
516087260
304077676
430898389
283168657
442219290
315309129
442844614
286042470
457521698
303808590
324215230
377911344
333244738
506641328
401201094
493550118
407863059
405151191
332677027
438179436
415376048
281975627
305736363
338045780
345749448
472234987
319247164
343599430
527866761
281483063
507250405
439166932
369117610
497653608
371285520
516391650
348231679
418695525
399383184
368045430
421974156
376229628
326326186
504102790
337334714
462665786
369730023
387059813
524770687
360018553
466780435
363186955
460948775
303012891
516593070
287354658
429383735
341660404
370316315
490029197
361610560
476868212
455520913
272797539
375274786
294824957
462639363
448745546
428191785
289078799
384748177
291152551
403001428
390789930
432278906
509831521
324797688
378500726
532260909
375253445
450267978
272295610
295619942
370643321
308793329
452298105
514625806
319244186
357012220
295324764
379691774
435610596
391219694
438569903
352307414
385830694
386095967
438787507
466940494
485378061
284911869
363111634
342265124
326155003
276539212
431068182
495915762
340133304
309618226
462256601
446210368
328628270
426384063
300257872
315373277
386201791
274192942
340298615
438827899
394350107
272727408
395694815
381418475
312350093
362435440
311799428
467414077
494043036
400053391
467497021
501732657
342376628
529879070
427592141
318680842
497654392
359306133
485151872
334028819
427384975
363370209
355127630
485146822
472977576
509146435
519343271
461889380
524930844
300479928
406068291
412921254
392824302
357268899
311767428
435773436
358650202
333381426
270813911
374237788
407092515
289031212
334479904
472206841
518820248
325403815
399463444
273906652
495200522
284157419
411438424
420497112
403687286
348437461
467383371
318123565
502213216
375904914
326620841
397885200
291989869
494314557
399303000
374917694
458357409
399796046
322425124
488813878
424558559
330152340
325039050
424334835
396182584
460857044
507364096
273423631
490146278
355905927
516232293
409605630
462919598
360782691
442351206
436286041
334077670
435496794
444613206
463467855
319638127
326695086
507955063
520644910
289137100
432636590
374672049
449092353
369390141
408255259
509135401
533550806
497823444
321095758
304706811
288741209
366102249
490786154
291009140
367713210
411163532
273246583
469601618
328909103
433831518
353895946
462810927
351083207
356384566
286296671
352630531
498203898
318565111
421580430
337509572
310254367
296468990
333846604
370276891
466838282
440498687
485447565
466190023
281709983
518355656
310086652
503549507
408825931
333508528
491100832
478715071
432772666
283302428
368445745
299093276
488844779
466136875
348980053
278793846
310156983
449030933
441593435
280766248
313535342
310236231
386684848
521443724
301110000
385073704
319394670
443358984
492791484
272377396
409461635
313527203
273645579
397292070
309436437
290967188
423583727
305141433
467433317
374669624
454438373
519055654
315778155
455441297
500690699
511910235
308871946
334302305
524404559
310466736
367374607
427739757
457062047
519594254
436597961
358620584
451852477
530701260
416391209
374326523
430102829
482561089
444435787
359370509
506935524
331777498
411536390
523080489
338909986
389519194
321348682
491276759
510403059
442106435
525912779
430517113
492446701
512772528
288640108
517348198
278110927
475376461
358703153
350519596
523555014
272686526
389731910
289786142
351734673
468148224
383165858
384869551
317371223
449747025
318160852
440475545
364861999
415081439
521352983
378691925
456107906
454092975
398921366
305209347
530384712
496434944
444748520
283391689
448389072
534170981
309735593
279788813
529371978
483783732
529671642
495333453
465191655
300152808
340498179
516837922
417747556
379378795
299085285
427634444
510582942
290466952
454701317
451219489
429590466
493442673
293361628
410042830
505017524
278967803
470651328
505022497
506941991
532298231
306331801
327269565
462254787
426764994
326371022
481448559
531971258
501173442
463682749
288076542
296186662
368415391
461644465
501556591
386148467
494319270
274056781
291147823
436216752
326462193
500899646
344460839
350997545
385054355
293901482
446412050
428311166
456753756
414860746
378684436
422933809
355887901
299510227
334819954
525153190
522278290
460275098
335370882
529707173
485370791
496216996
491829374
411779685
352927418
333876322
394324431
313826238
498929106
359918547
518776343
391567019
491996673
524864760
446146619
319674447
370206184
347106795
453375996
297555963
305543627
524926461
371181083
288240175
442574320
425607105
382664767
494857372
380584535
490537306
271935077
373392875
312947117
461846175
281857460
280746267
407913108
352063181
325775075
282157574
484925730
445565791
363448530
489818346
479307354
347202801
387072675
345913720
383754839
281030048
269008394
285126174
433919670
326966955
509856909
314090762
442370142
452623271
408891845
334048811
477733325
499862545
445210102
280579280
406096886
352528457
467023576
287114800
534389231
396952890
322154857
320731515
375205472
276915325
448909634
485071346
377501301
396891978
439539438
312477574
292580800
351236002
425252828
468100367
518380774
521754035
530401450
433701754
532292561
443512766
476298226
536616955
331873292
369477589
443468529
362121752
488232324
365572438
288268812
523453164
466060852
377325761
533023926
406786317
312861206
504927207
421077121
318597669
298056803
488550367
329331899
509894694
284262541
405247422
373513205
275162188
364386437
300501228
435241850
288007827
474238596
463060281
469925810
449166203
273485054
317476418
471901576
350270530
305903052
427699523
485059813
344510618
460973751
519711102
446209589
502021128
353042035
269836038
431745147
419147428
536680273
284407302
455035541
310536164
318368674
479501983
529610169
536349249
451860554
385632983
418242164
376402011
289558439
320676378
430283318
454717128
284775781
459477141
328732941
487930726
360094388
296185568
331700344
513881209
356726443
269774257
444698632
350993037
420475359
407661023
332563534
385253846
305204030
309547192
416950460
308128987
387077134
493787940
357632994
304592421
322726292
420779223
402419346
497669502
429750783
433190848
413281307
336122431
408683008
457565064
473174060
432596084
532776320
405831770
323509102
383883123
487495019
367111078
285077652
270557476
482177083
453154966
521717428
413971693
435607531
284032823
523855555
504474879
430653347
351606451
531530909
524494599
369124945
320427250
380556857
486399254
390956030
282950136
525773558
277187189
425159569
474637595
438904278
456877102
285485268
428737700
422286553
344169168
408336695
423721283
273429763
503297351
290188250
521553972
368808601
363567624
517272335
494726876
391418995
436682348
272814194
317720945
456999440
314958581
290868786
371631592
361208509
475300944
523374818
362873403
490638854
530413537
420380712
468737867
493764697
287892137
275428009
297512451
347393811
500056625
313809369
391661888
466329496
304751771
505781427
273366444
472427826
516923382
418310594
390809341
387342425
290476896
526919070
513555072
525892403
366992544
458419057
331965748
309123434
381130338
339590291
279067055
384069741
418422665
360257609
349732379
281626233
450795580
450483865
419044822
361679458
393359789
371379540
274507668
269711069
318354115
345810705
271820322
446584601
273969240
424066769
486560950
286292806
505966574
319871295
495223547
403419092
348797242
328423071
424427045
517510240
276347452
452197965
290150209
479126544
435612118
387018505
465856537
495438783
380457834
367759950
355145713
376189563
532291196
398857378
503865942
386184614
310585434
368561468
443217030
278265386
500898485
462134905
450627750
282878230
392251685
382180536
279773591
442784416
513840339
527945747
366055514
436226235
301446913
316648914
428267998
452317107
279757197
446292537
359019677
510369631
295466915
487634942
388968876
276389459
521201331
353559579
359745227
292931159
413965775
455969580
343125815
472226553
456475000
387249373
488961159
483981914
355425418
270464454
372243683
408662057
487540885
301863826
448682971
488331279
307624047
278094805
313783185
339973660
470489649
445889657
442144052
534457482
356866849
402767129
434989750
487683618
447996761
514799861
427199664
445502963
446330680
423902631
440288159
373010747
380281529
270867799
285033497
507102012
387141354
477138579
493091192
481949277
375862229
303353090
353368404
482181090
394503087
398803110
276030669
497973334
522123346
358180125
306650720
449983008
486664470
460329842
476336553
311827192
376316556
282501900
418029187
340859389
470735308
442980917
460350658
307231254
424764828
410295498
513542418
373260856
427703995
295027841
419248745
536085428
367090062
283126985
458951963
474588877
334187484
287245026
495678734
508516226
494895292
282511666
371807812
295174268
491183688
393991314
307609782
285910247
351871267
320327286
322502593
336121314
439501245
281731220
400387714
280320532
438969622
274339624
483436380
397790217
338264760
436721108
517759797
448928403
387131040
480160376
296459110
374953809
310900513
346557054
417892700
437724999
458993310
536512333
388501727
341717406
508935652
324974762
474725581
354671486
382316095
341751404
381120920
280985548
492126216
401504104
339889589
399737469
351838921
319871756
465251483
379558993
304784961
332476996
308877693
363680706
485711688
383041892
327791211
278232040
441073910
516003438
392894975
324796453
356481484
401519869
378591246
407833247
365063230
503195984
526101562
379839549
307238459
439292989
396668039
448964181
378290170
421559143
338264712
445680962
273400731
487089748
478972270
420854521
382085858
292309287
383034860
289954334
437436591
391213393
310745564
520338483
268651977
376485777
499022923
505204258
484953588
352118412
347221433
371242384
511114062
284746910
350483391
375208387
348231607
426593936
479361871
455713402
316694214
379375701
294188253
354563480
284297261
500057394
482997313
529791835
419616637
401408004
290589165
406683603
457052469
420793658
361356193
346341307
360290405
462825353
443446139
474668246
452704688
317476855
284767708
368027557
484714746
301238617
514238113
380631860
474598034
330183924
417748069
456891584
377067695
305905977
477021504
362946421
502685389
301758006
486339313
413621214
489125381
367858826
405137427
349512941
510141242
411866586
394510332
418291430
524470809
490410515
505144243
536115374
475550228
457111392
393930620
336939295
367893334
495039089
434015967
409734444
351166959
529229483
467050948
325836715
268801241
339431488
324919939
463793447
512119042
357701893
432139408
492529705
299096966
332393698
506614587
309281660
489558565
280586744
326618027
529716350
467406348
290465958
273092353
339280462
425396281
340265340
481551848
520361212
465567070
360507504
314707257
404694623
444208968
450609513
453230689
340288525
403876864
426937112
319904361
437414497
397280977
473544560
464314991
332732494
470837505
360070820
387898532
332820617
284548288
398224322
462226094
328331683
292464272
290979265
325643616
469152624
410682525
411493557
319763253
372030962
293814166
452191789
433994483
441159683
496524881
307916100
403362136
334627816
504987051
431731138
276481728
389151003
387729854
432564075
335949084
412714024
518160157
466129967
394407486
373665071
437493264
312144870
464841290
479320789
341298838
464217364
497917115
277500344
373746817
531227198
374522319
527073302
334239576
524470624
307126036
445969423
478048561
444401388
525661037
271402381
372804854
279143395
446307955
314695190
522151455
277182635
471439270
483569020
317517452
306201706
325082745
317261319
530270025
349087168
312905536
307972838
499697379
523604897
354928845
344221040
294015273
461499043
506561812
384789613
455887678
319903226
340003358
450306821
445228707
529198308
507030613
402787731
324171708
399966719
473860015
509346720
341175700
506075659
486943105
428565763
389018596
435232360
475004417
454941671
288063087
469697434
472872816
429447547
476377948
502460232
335791554
302163832
286163772
411801755
434732433
455454381
367802401
349513983
362621347
480236528
318335078
513126544
420535422
493061541
462240779
506661454
414204383
489123936
276576291
320442149
502123890
440220422
383779652
340702945
299566320
491270478
328478427
396259632
510749837
363070661
272114253
450973887
396788930
304886138
351504262
397512676
302251268
311674682
513402537
350289195
487803413
406335435
353750365
387033768
286748650
533312500
416604302
270713288
521601874
421261765
300264790
417196923
298869073
502139509
492603113
385520443
492259683
276667682
326928221
513989023
355985788
355332618
486957286
328332008
521669432
477473644
508448515
291409708
324729932
443648850
505985056
467043176
376105917
413911799
526630072
311196341
520488007
501435676
480246086
490091468
278647726
385316895
507815711
316576054
498644024
333900628
338016953
373722810
399619720
445813131
472259015
369496172
274419496
270486820
314151355
405661822
279964209
451058339
355416771
313927492
365914969
387887039
484218888
295323862
405204670
405024145
357876170
423443055
276299305
440676284
418793188
489564312
462730605
358737864
381480450
321759145
310877235
323188254
286213904
491497094
512799560
421178029
423708663
461437682
273393802
332294728
505492413
495129240
375739732
508375924
429275681
495972195
342245431
479506312
422735464
413317031
526760017
349279359
398746500
466592804
288869787
444626396
475448862
280023979
333548556
408848233
313431124
386988363
273266073
531756789
326304236
275499587
304991237
446064237
298716851
275800190
527346905
488156675
493758363
288536858
487614254
530370494
291560769
471632512
482177040
287417273
509118377
448890733
469273311
423238301
370753778
501754419
478238461
497116130
378322446
528685275
329768582
363042430
273302654
339809586
519211773
407238166
325777659
282470076
294848943
347738667
448308211
323542661
505003478
467975535
500785172
361114734
475279084
288277419
309269912
290559110
471880959
333623114
341394085
442783461
451741860
392228167
328513197
427637315
318667436
534195645
336072232
454772233
343048034
532709045
361194260
500320790
270020486
524203122
323570330
462793260
447448791
480103220
480972198
366720652
385729492
366575733
288819835
463028689
459956787
502258647
355363978
371802004
494496838
365918636
421081003
512663302
383011185
481818123
321654390
514650312
331788223
339984444
407851935
301326748
516455569
378925106
355243821
473510590
319118575
443660311
439967002
330426213
357548754
455524029
418912810
468070729
411228347
292975750
306205998
483613243
347928204
536365581
450875624
473708094
340309613
520021501
424520791
425303067
296924319
442180186
471019337
361485446
404656570
482515788
336545749
369331933
400107466
325653365
358221016
338520773
319559491
387865765
279876356
376110717
327445574
473259994
490631854
313986508
271374224
295378659
396227705
337991706
453133004
426364718
393219559
415157214
465393679
515797833
301293838
474774114
425390034
499797689
281388513
322594316
301967037
335485919
369250503
283030310
387368206
408486170
315057587
370829509
294696109
430301552
379650164
363987537
269599894
455877150
310609514
369285778
489067282
517185318
492182063
315938267
384821198
449553800
347678869
285895741
388894671
278518104
292563276
423588448
455170579
368500758
449897330
473483358
283721221
425379996
395649614
405845825
518781461
453888871
298881463
508177933
392549548
362184236
420851525
373225004
484354449
507278093
381273195
312457476
288781677
404154592
448365723
391654778
317111414
452574700
367021583
400223309
280333241
422163898
329456106
450007356
331256861
447671695
297426762
432415078
487624698
354075858
323441029
510376422
420350053
535379927
428974384
318753219
325332227
438176662
535237641
419796371
368538238
428179166
407623108
454697103
297678871
395719504
333724489
387297050
476277240
278479133
396648421
461575751
321323281
390281991
362678212
508880713
302034962
286139857
411365032
365656003
453897171
298767839
533625378
477289655
472662440
496299903
352107050
510584371
439477126
282164266
449160229
474407887
326948780
478823116
460008807
394633220
308743860
420524457
283650675
520262834
534183351
524778473
504425934
316046487
383070125
372772597
471810368
406668324
319081681
365947814
448961823
485950172
523085051
298614829
388072032
360926407
319523029
395950915
528436380
413541585
388525251
348325946
421807317
322255361
508640350
383059494
326863974
422734235
526625826
451972162
442867532
369004276
470489854
467046524
311290887
318664786
322582365
512097316
502620946
360671675
404248596
319301228
446977163
373651855
312963634
454268904
416181580
321290088
370219777
294128098
381900479
294827506
474121114
327015586
430681292
280941353
483282653
312023181
384475100
502389753
521560707
295691830
348135991
323632378
355921322
506225089
414769837
368801062
347936846
327032251
280030772
317712044
411149622
519397729
487834925
440934866
329680956
413335320
459732457
314442892
377822331
513176843
282331140
269307842
400753446
532127882
375079274
493719769
513429877
330122101
524931272
323050710
293507118
344545072
519928390
410969699
278981431
528454068
350909953
476024797
338866312
317254044
290494436
302416756
311317582
346290918
413898123
441853091
522297492
364881931
285811165
278447656
342073787
371436237
336662558
505191133
287297252
521336487
305561535
291492172
402171409
354869189
279468086
333881776
330943889
382780862
487489844
488484900
316573508
526925908
490997687
510946443
348104360
457650758
515822658
463499140
338530158
349327077
449631253
495523180
470263963
477225735
400084967
469382965
529767105
365816397
279487078
297989794
324543221
492130194
386790500
352411424
381093594
367599462
364242951
511067383
461888812
493826367
365671837
334319264
496885903
434983954
442491586
408606128
397896324
461139503
452414030
364081530
454828562
416337961
455278201
480751637
294361180
502639129
468612748
456667801
291295376
389839737
531295266
384035455
503479984
360733859
375266848
377774106
409932117
411630569
457426760
344921171
501826368
488860646
536239230
417437700
499464098
381325242
298212827
315990071
330579758
503103133
340535947
475540980
493821621
491928178
359106304
276831625
459394000
514694259
385256054
399834619
511646662
365422196
355745471
377497602
526584263
338149491
433451619
399372508
453996025
297562199
363597692
521107706
337583946
286584736
452124925
447593273
372079158
398666554
474754665
524748148
413102104
307966318
445083244
474522626
386579877
522971519
270306145
405421399
411252774
379417396
437384817
370439262
404115410
428939826
440817345
432578168
278543385
394137288
482544947
448654371
493943571
464143457
476354690
302143363
306170962
460436656
374972130
408068284
359139201
429177374
502743457
319939286
394894216
341695802
377037418
409399215
533026452
490044528
433054646
466233355
334069393
340269035
313553686
343587494
391664071
411050662
424663380
402768264
470505266
408114030
409677768
512615045
275784531
418933861
291959902
400724183
525191256
466341627
402117532
509051529
362075803
502380989
529514987
337384498
434883074
275815071
431184702
408151398
495735303
442520853
299969649
446078438
518793918
341458019
338523361
483961060
526598996
446315699
477087619
388745472
430582116
505745471
530345133
373814737
485589860
326719134
280549884
340614006
406296885
418494486
275968624
421602645
531213961
449665149
380779237
397036212
342081791
305598026
407572562
496854134
308439547
535377075
536008604
411942214
426005382
427267892
521944193
345151523
461722116
536045424
478821675
277327699
344001828
506234963
324811500
467834428
346824678
450516924
483756472
369460684
312733747
313913355
481164702
499440278
393012714
385515190
532387965
515189758
273160388
451706948
357130965
371638834
401698994
531697190
391228682
468513974
506723618
443937106
501399073
460310373
486337562
397116227
455062194
311705188
448133845
288858719
419551674
536033307
497256161
459974542
437319412
463441179
288916278
347337795
441589597
502801789
330170192
413749011
274694821
332811567
353182548
276664086
446539424
308652845
417170072
432617864
403093010
282620767
418127562
309780254
423889107
412204470
517699083
394676699
421853769
469194225
336913076
305325497
379729252
317769531
352847588
419922596
439500330
428175636
491800143
297906881
363071437
500611591
339197865
456310558
276896693
383160929
305965469
381672884
311318450
366695438
298691115
523457742
492413090
299715083
268906397
305025488
380030580
509512103
352149701
468718368
410014435
470881959
359175478
415499354
378531300
342562000
370614574
311194331
361537807
324411178
405535017
475474463
533514106
398528990
317521226
456752785
393500102
418828476
434091851
488811690
394548228
502569952
388883082
481538899
302297621
468212507
437586092
378447725
354013082
287330873
339052227
438307833
422060250
277145353
423521968
524153124
357086632
417260774
297797047
386902246
457061772
360727493
453314278
467738197
465717932
463698375
438878900
497477079
270646980
381487140
467322651
389024408
414459029
529207818
397040407
311282458
317426912
515424343
493025251
373282854
421730720
364634986
288932263
516727388
268666664
385691297
396822024
355508740
268573243
361818542
335285637
386083262
317061208
496427628
470944806
429194334
365251676
440901664
317013247
373380864
430284852
317829522
363889168
464102430
482586854
479779514
496996519
517026057
420723152
308387396
469527469
443467079
299911198
286880294
517290947
329782019
345426686
433616964
343956577
309521778
447694637
272708848
534411503
491028925
338436425
280229721
476202185
460328668
524496932
390401076
400676666
435732703
501824450
291639699
365200648
497720389
413549906
322211381
389656619
342131203
512509939
360757898
465684256
269474015
502834060
358887059
379968040
530672191
451845926
372672884
278206825
355019562
349873713
319184758
383965401
478071560
334700314
511221585
472932976
461620718
431869727
501627788
467178141
403783825
291480600
360804853
471490440
297848523
291035451
345173505
403460067
423224319
489139627
431174162
366766232
470159560
473947008
309244811
360716083
297796475
502956727
521232058
485959102
327810362
287480208
304355304
488706809
494386617
325812716
375361053
445546266
332141494
365925139
276084887
432742174
425380195
524391411
394645121
298457374
409595037
271473637
477332831
504755892
458352941
339755902
315256115
324900861
488470729
461265621
298878708
403807310
491080893
277638029
333176544
287369503
381986726
368552086
342380565
295794169
361549647
442706792
369355785
475221847
278240908
326895363
367527522
504964069
456783566
502371975
456269399
313211603
308427717
377971330
526954015
321006591
326057784
334416278
440251360
447080624
410497603
528929651
367758136
340221786
323890300
393145866
273029627
407180007
386348217
523610485
527880744
391275331
488876347
472795037
407116678
294999052
326885929
381746930
293677085
367855053
462650916
442773096
311380203
370996494
337371213
373290747
270123514
421217810
511811469
434025362
378849045
505040863
401609665
397548162
468803363
529334882
391224356
496673771
315443878
282688210
490360049
407003875
459597576
312077403
268609626
298436450
268473959
443669403
345321487
453380199
438776457
427042057
379510792
468752058
506435354
395333589
364349267
465497884
357368655
380422602
392742617
523486252
462441966
470131103
421144682
287099531
331929164
489718107
319703791
371940207
452735554
509641786
393272286
442014770
385503610
301151507
308470718
492543716
442481718
444434731
496364787
387001757
396550778
277104114
300129849
291631221
330526543
411667637
431689416
356183570
381650336
412326206
270340934
535457920
385409505
274273995
440321672
304782212
495985427
397425476
365911966
433479011
514588535
351154674
446691668
327280991
322986696
368011206
495840792
428175333
447266332
350796172
414454768
374185163
489995469
381473510
366731585
360465545
402227855
371164684
373079598
313491791
405364786
486492716
384801923
396166195
340703940
296149433
276529423
346117846
516212046
386170331
480458701
295458568
469487741
509775264
385176543
347245171
349020470
328122116
429619241
407949992
393913560
474504776
452609374
520603467
416678591
352733690
530383773
369260570
401948376
395336363
513342945
511337700
457663738
488544650
438189144
281280579
515508077
272147019
481186680
529016418
492083459
334099209
366503135
310190233
308632217
419778389
399872095
275273335
474360650
419354359
294660837
338713981
379564712
376161577
287315231
329323184
349423245
497674880
502839217
283891381
297723992
502509815
270707422
283137579
399479295
313133360
360354975
283636793
472039327
422545268
292630021
269027299
405727205
368977682
521688006
513540929
445884171
338157034
319464130
320819284
333226059
389847867
276280181
342050977
348006875
514353807
434472517
429856599
301448820
529309907
308973013
450508287
313760596
339702472
277455284
465045755
501470245
473266691
336551711
407703746
472553121
311089034
411043707
456736688
526531129
377507671
403816352
358461464
330512387
523230906
300493130
468571167
397610017
352506824
282916452
480430416
518544014
477311725
463158892
420380739
519580854
322291560
444029946
503491455
419344682
428389708
515173468
323457259
409017323
356733494
510441276
467512558
345474017
484319570
288289148
520060705
461271221
351936766
321974772
426276243
306332001
397681018
397673924
384846866
318029875
295350488
496281691
286519437
419622752
458657239
340873300
456357297
418899759
295564312
487724455
503484979
483692654
363498529
413679848
527071358
452108937
523364359
408420706
480318635
440208934
449829488
500660962
389794149
358018500
361502870
405401974
451248815
336763604
429580955
511183812
285316195
290912933
416019561
325074886
518785266
454439624
283174500
298929275
332987887
520667881
348152496
389033260
281105365
519901969
277302168
377517940
348358661
369368518
504967130
272105036
343799633
521018037
353694815
519564858
441393715
310658779
458753908
435618420
394820763
374697629
499628690
381953311
487061196
461405866
513011138
278112533
434137824
485606557
297329366
504958351
405733608
484242386
442579199
353400817
465543539
333695937
474526960
473480735
483539968
466139258
334962257
496503411
351806308
511449718
420949374
391015242
505101050
306604502
296701735
368490290
373105861
410480403
391000196
421731096
510711484
306237919
427985620
520917213
492192265
407598865
271428166
486879806
500377436
310200871
291935864
448556359
435081823
387564296
318423570
400347980
492941894
430358164
434475570
311461315
439869421
405945623
396564373
509080068
483430039
515596320
280607775
374314801
286013349
436581063
504489087
458327206
491797466
369214558
521689344
312053908
459578563
392442914
496493554
432056123
489062284
319421548
315106814
320944456
290483738
282622486
382495104
408995962
438877433
336150363
423036615
313361695
348134593
297790696
367766292
340231063
427810419
346739107
301896534
278143572
280593544
292458393
294955516
524428233
513093463
334497810
466005192
315393933
494692885
286973224
347736181
297786360
310405817
505702026
426059124
363730216
443956943
408128255
522021401
397719363
355646970
506641758
385399917
443517888
476704783
532643957
492278945
383993667
512826596
274329510
326276397
462667968
418645511
390026397
513776754
296921383
431745933
285902795
484481991
451790632
287263880
340117070
397438202
536436085
497837570
373714744
506578015
402076270
385068834
278692838
373705357
303895254
313156307
296215592
271567401
531646494
483112222
386979011
363059557
448634886
459641411
524666421
479336521
374058828
332715998
477678123
515033497
400529003
306425132
479233466
293161558
310471081
473976804
504365762
457551375
330350352
287076136
457307588
335604790
498123621
463460261
405388749
515536035
484052551
426834471
308226990
496732467
482633777
372090829
443295336
341768571
485249198
276320526
349874757
518060493
415669640
450665125
315783598
468456075
276920316
425346798
523695954
311765517
361883711
357507584
530924712
505789650
451999368
412463742
373790351
483104036
333796466
455795571
425985086
522093825
502771949
456872485
481019432
401892974
329608758
385222535
472481072
336924732
487343717
355415701
466485275
293829925
454437412
373712929
512031494
390552099
356403164
469477271
383471978
334097329
333916255
381070018
486972003
306007224
521298725
405686063
468605408
536795829
436567219
430677374
460086534
496697675
313431342
395397517
402911376
325707142
460188409
442397911
403212341
321993152
366274846
435109610
392017831
427096704
408003211
276770886
449574551
283657331
396961687
473026122
377953080
308328643
302856473
439727966
363302189
415121667
464286689
404812737
314409848
452703758
379710668
384464717
417945093
400574648
427402839
327959380
368736821
364202807
412312707
460204770
460979787
523810553
395749958
345773532
490240661
469731527
468190380
531719746
349315626
297185105
298123275
443500364
388029517
287173062
274773585
269143493
268764130
520529970
493200015
393827601
329941621
364438690
277126731
367002627
526870196
503627252
401615986
401089334
449741339
382372427
484080441
324154097
323227583
473534826
454195464
367962632
322955803
533309910
297456516
498178331
455876176
451313431
483159214
364031888
484474336
476069171
331655515
397050851
341419859
335681416
400683241
429688920
439746561
424039304
375828655
308184613
428078089
308030346
338311759
377663747
515759158
500804692
459560371
500218565
506545143
439865489
479175851
366396550
303934525
404330120
486165149
397682202
524372246
376911708
280007779
479445671
379184470
322146085
370640981
320095087
439106360
322616434
482424470
485840454
512769007
391566831
280794990
276213667
269296632
373609475
361604996
459809248
497625597
273502389
361486301
412221604
435593548
495405074
484444630
308441528
343208172
283593676
446984349
368887987
415564161
462417768
397105850
454249835
338453259
296238559
359095705
294751948
422561125
526210429
360348256
358701883
509450600
341458010
512809286
508038170
531132403
419791072
469483495
432412636
513749659
339518299
367832596
407274865
497261220
440573069
369023371
442655188
374005759
529100978
303835700
415041025
412728753
444149410
355737264
357181603
511225023
374798520
515398080
285785969
467092541
494018251
362267042
512669252
510858932
457291931
367500703
287686362
388540571
402636045
447180946
288520230
342523561
395640092
270267718
487391970
335926956
433950106
432768649
278089762
459123954
406597775
505117118
287396429
307548287
523112453
405269115
364262358
382900013
379299890
356423491
383138786
502961022
418423035
295714079
317877917
489991123
327976076
524711932
411073813
515347700
303479173
534535155
331468024
330167608
322164103
431892375
442931463
438439499
436315625
406992674
383041025
316272461
380647426
310146247
329172960
454662955
430662746
361382432
532031191
309036691
317758431
515041440
423198987
468335159
453752892
418849690
305552919
304618614
424695276
389567692
532179200
304241068
339541040
407165284
370292277
503803005
365339488
397549608
415271483
467631521
438890740
517500753
449993968
300053065
383493689
445153227
458814147
390455215
345736619
452143017
494961308
427610869
347126497
535053906
465870515
448739391
394015047
308977242
399330857
351143365
322465877
495552705
433661224
498110418
481596294
296933764
417081591
449170525
391659452
445017848
310507913
332893416
282616580
377895821
326295798
431822300
324008942
446735996
412094770
507000267
488097486
290921054
309894488
511059297
283259210
472089846
416806682
462267596
485395899
399766226
366329609
510026208
527186469
308910256
421201757
392073413
313378782
351165317
447482211
321835672
480136623
365989809
338152063
378874970
461588866
378847024
409018862
326353941
499368473
270413444
323481057
398431478
439713556
436475116
457228037
410867887
461987480
489162435
494223536
527860906
297462026
355172581
460051937
521657516
511432934
470965425
384635856
340697899
510398477
280691728
410089399
468667123
528021354
524399535
336150023
448542471
331779964
351641145
440118175
435583075
441970751
472694485
373020787
484093433
353864200
399867991
418547286
511198169
366848510
488702810
380815386
341986327
457799596
342217775
325940973
503135697
435800697
360302307
441612164
395653078
423899684
358464984
442256461
374687783
426020405
479500444
347810036
316993437
419800807
311902156
342043579
351218026
305195218
352744617
531264016
350777053
284870576
364679513
335046633
386036462
320588935
373655164
334696621
354288175
482539469
496816137
525856153
274513728
270121590
417045671
388406359
486531270
299190881
476681004
432053568
495968666
334950032
403729510
357764956
408939806
363340138
385078700
364713047
346313972
384588223
532576489
273246240
474382118
481112107
434262274
337810572
380595982
409799609
369279111
436903193
536690218
535694104
525613121
502371030
441272749
467014554
377711749
451041966
352328854
276594333
335976312
523850309
273216000
395792148
271307275
436626324
363732160
284790314
433216132
382552720
366835999
509242998
525424883
420873671
455961491
430240737
436673218
298451036
445033510
401281457
536235342
305986104
428734128
444015169
510793175
535213241
419419504
490615027
408760060
306068277
293210889
410097477
506240606
404155585
391179561
433941515
414133687
456823313
342961690
470127881
384659671
515138081
378236532
348049434
353715518
311937870
326332882
319732942
401967155
345195769
490927084
358345045
294129947
536790655
273551929
337454162
344305153
409403185
523395747
296626188
382219488
467087213
399178912
313946925
399514300
414248191
413631884
534765751
316747548
284575839
376746528
454241590
475008321
313358333
466038612
317248619
295060984
318326132
479300663
425360525
416708441
497576476
463643985
435564001
507751739
307602452
279084748
343323083
389561023
396908909
459840216
450863429
467893139
354867054
452355753
456069349
512622718
447865145
472065155
379251453
460932519
519353692
297620493
435548790
460342371
349367328
371520985
518434954
510042741
333115098
419274300
352840072
397164106
409204591
391953765
289112326
304344436
345063503
535318412
328296010
526576528
507335892
304604054
335812605
482053584
414225384
304887321
534681185
479946801
355166747
438353652
463285820
416671817
346129643
513880996
529125667
391766859
295989393
356802081
501593379
298571410
271801121
388860452
415806227
399390223
370606419
331843666
529789175
344818472
341533573
278195825
316358967
504704060
517762364
330238092
479291025
422324363
470448156
304398610
299591618
317062986
528578004
416437491
278106028
413101591
337284275
416184057
370346714
326544658
339843695
313988823
441267179
458749025
508385828
463318508
358149011
393375744
396922937
501225848
487666895
470198833
442510158
334098353
483630681
283689068
363817249
450490111
377540378
272163329
435208143
534056544
525109125
455266731
288849446
305216089
349445211
293357622
340742307
329597600
359566164
536497040
340852302
291485705
515556387
431924275
489172327
498782747
356432915
418197734
499821766
420809040
526558663
327286184
292446528
445232550
463304420
503504064
331344793
424590052
522069912
465134535
360197543
414181694
471777794
524446609
426750256
341625136
305347169
531112872
512762373
297774087
523742277
293343795
502974835
353921954
296263236
345348620
452554557
319591604
322634996
442547731
275208059
477351153
443633015
520684683
286891685
373187112
408030919
422700012
518027761
416715019
330886392
306026581
449443930
485580008
293886248
434331030
383927574
494962123
343109600
514121564
465335226
526598077
327393756
369721047
401873316
320523834
319804298
513138539
274947061
336295056
268437867
368295758
326678474
398813109
303372618
494851379
480978621
483555365
306412810
532952037
346250606
530820255
530761399
514903907
432812507
439505929
364931519
374071845
375713376
377752243
336183306
343164206
371340716
407483500
389756201
502982634
517908694
413508744
395641477
402985771
446764942
309436807
534937036
403272380
483559507
324836137
299876085
357217305
517304854
443346960
284701256
329454582
480504700
291297852
325424875
528915157
402361403
353806526
296903619
472084408
505123255
432106546
357809743
295523245
481334602
442715518
493199327
480621785
299897650
334449467
518853434
461836200
427620889
303153205
377343482
304591900
456528330
377104367
333690095
324192899
352715598
395208738
354393888
366588932
411224935
500956749
511006664
496142864
348215342
517819822
323923596
485701954
441546285
285711272
467028137
391780400
368021517
348488319
409175724
487190429
527846278
503964101
434339541
268769766
441772705
474032528
332527180
533019519
460475853
442843896
515505758
333261701
504599495
399913467
373630009
384389589
528414783
339945935
422255657
408649575
333791674
446167128
333806491
453815816
509841251
270906759
377169074
354376494
491325161
451583325
413972682
493795399
301169451
529727020
517248196
463318823
503589371
410786477
519326036
447668958
378917187
356090480
496151380
491342132
447208147
308160987
364117946
524866377
286928094
480114933
307192643
320001252
469403503
364186657
349810703
409502613
447209801
434772671
322556949
329396407
323849793
474760878
428244864
274098492
434688468
274688771
374542636
406708369
509497772
311584485
292157229
415149640
389264448
354944824
416830537
405734209
505598100
473069735
361646757
508152439
437828090
533476438
446140115
354460818
378771897
464405422
499829156
388834003
385720655
346582985
272155947
429429754
300449060
457816749
293831677
487657561
390415018
517496960
500223598
337201541
435037053
509997309
408503811
486282271
430072298
364241807
319437033
456571944
437370994
484446472
433879233
517269563
269224978
466250852
512031304
270674454
347983316
379813052
452686866
423929718
513076299
314122321
349029293
520245287
349793173
445870252
298791305
336350711
400653418
515624927
487587153
530669815
324680309
523050239
460207742
439418949
366926364
511390239
299418522
475666608
497527636
350310887
450525474
331263440
372761102
535732058
507337372
329481644
272624531
321492074
274662686
477853273
390755981
289235898
292108220
419442955
428249570
385398184
383471705
348835463
441423469
295482335
458156970
446921272
367233436
439750802
405801951
357465832
468772322
472578055
387444095
270386617
321770179
366024851
488455954
386168896
377254915
417365581
476965714
358570020
510816023
440576508
350851959
466714464
298154236
274374125
360108985
386568015
283515738
439472598
490128003
335951526
461932173
531918152
436076760
283750402
474420853
503753827
517487966
384525168
351165636
489120578
393093362
355235963
446568713
386664428
416840027
312146716
388059568
442369346
365364756
484583920
308740524
319140421
290295849
376417356
374788018
473018564
436444063
378830264
505367894
490919106
285589706
426702188
482613157
317168171
501982186
382955293
456800081
487853524
270870596
469887320
426235727
519137727
347222496
378928058
479622839
344059146
389435196
313050029
492852216
325008025
347050087
337015851
338219150
329158426
454099891
321415312
524259529
437481283
468349875
408848970
340141818
379176491
315233169
286819542
478012680
318906868
294138227
417872920
458510096
288642080
366091968
535092465
308607702
303701536
305224540
341176300
302513435
517145271
400913711
420666813
478975355
322843932
459665105
317694339
334940209
293919992
494977121
278827276
525768359
428775383
399479786
299296580
495311463
536581939
364816093
296021296
424907629
489102432
411628970
442923400
453904586
423547779
525553248
274732995
391418259
488165383
429105279
370333458
458949501
481722200
444900994
519996281
490542833
328210448
330274876
292825654
403910845
415905026
496245598
454879125
512246946
468948690
306156515
528601580
419998072
444572621
292004814
402616611
502376013
366466323
497645286
432927973
510988729
285969246
285449277
531182100
332536655
463156496
404246436
417477194
279953089
465073934
521563434
444318206
396198616
299464663
439224194
369547475
315230016
525345945
530835687
326554702
342914963
485294174
377006578
278915550
323303233
459633867
272553360
279354308
482355251
484355281
303029696
415963364
388621879
321290816
282984746
492307388
429191065
286792896
281291489
504121656
301605074
482005385
370430093
302993246
406410642
488228520
401931739
329418164
332672365
276847597
385808253
303841352
471344583
526062497
473704056
368147581
306749217
327679694
277505531
417349437
494604271
359020775
431728051
412405111
469893550
441156982
412552684
280411926
477256621
278565090
270805996
468653777
272046735
324266703
506929671
378751026
473398848
503655437
283863702
412893272
443948018
286147970
488047199
477521376
287021584
373491433
459665745
389590951
365219066
493465690
377600023
326447154
431480253
408824882
364483693
372790331
413549334
402709505
356408209
350522948
536510332
486566708
358379812
415548150
405217528
504734526
387773068
367482318
413916592
438703892
440280601
315136078
366779014
460544499
417051393
378116037
440865775
360433087
411593598
314632326
341511574
466204339
392251607
294151569
473400665
485485663
303330815
342528513
384463432
307295073
481544584
374236289
522951610
373945451
465898038
358699215
476102706
382843655
465351801
442739689
486811591
367784788
454280405
303083764
536460325
387651294
474614242
292482300
452264269
271814292
447198367
311538112
378560043
337228643
348264921
520549986
437435271
509103081
472377843
398339526
415138336
330796930
387143044
354524750
516660923
474696384
485928484
389201160
434124214
457329049
527766778
412439945
431825250
427343009
429543569
286304671
298672973
415003901
357186777
512115015
403121206
321494559
484212242
432777893
494284793
421570947
353805534
465401505
271311976
405916307
342710024
383941400
464965244
519585015
482245347
283315227
355388463
268474442
329459989
510491718
514500039
311889700
341682236
305522407
401062672
304523981
321795347
345099888
313872722
307703669
487650975
294243420
295310088
310411182
419616893
357950034
515616145
503479000
517695753
327044624
357777076
289783944
498930329
401240332
382262942
463352598
465741888
356645549
396695709
505670561
308171111
469656750
487522881
492864421
525049654
288857341
532832092
346389816
282152989
440120050
283633498
315604500
531703380
440936663
426798708
289773009
372722657
464863476
318076697
327742591
490991915
459129935
430254622
310191295
286919904
362972782
277350076
332061578
396249855
308087010
486780481
382000143
282449684
415376767
495711457
346473595
405339616
420112593
331480420
369939562
426565529
509659532
424898400
509527178
487225024
345737614
505004492
383052123
469129197
494278489
435623565
396494158
459249354
344366378
335476513
456411715
453829762
456834274
520355675
491186324
412450428
492932769
418429888
359287808
534788786
396378289
490377964
312638035
358229551
384481990
536274684
430628309
463315936
517028839
459791120
472216505
269410700
407832069
520780342
383190239
322723670
462668705
285705436
477770834
450407627
352284809
374986765
493893856
327853402
475181622
532847107
451907354
396885604
423375922
486737726
443482851
402446427
334778357
424666253
349277626
301372130
374158557
360737789
465434796
325201706
435931474
271172500
359054545
368396100
390709233
533724223
280635359
430041429
357323714
506844234
301986718
393387341
372321507
322475602
297197470
474876728
520723193
376328646
491120471
477137428
520277979
372966549
535573934
494325529
394635713
352208349
456885633
439776954
424824426
324915574
282725838
371039062
313767902
354785323
380023048
524844700
493324687
282693898
410039295
395405035
482760766
336438818
334023956
424958015
376859732
518390422
470203941
433093389
364699641
300381457
322704753
313705372
369260334
476127923
532489088
310999107
471740881
382363155
500978169
507153555
344055048
298005869
376107317
294320094
455615273
510056345
366858936
422376648
355510731
494280135
295401738
402971408
315623965
412378933
287671429
380389456
425866237
284971083
441579335
379249583
414676802
429303988
446890719
503839052
386416530
400481136
313063574
274152543
513282037
355424603
294690495
319366018
281344525
518452872
381286003
496956664
471974182
327228039
314831350
407221706
340621660
503714729
379913593
380502705
495486704
477512277
290226623
291155598
383451898
526629785
462389528
462731310
520701037
479632245
451938770
515652720
280513456
342425486
485757448
484313912
302857944
492824856
376361790
273657897
479243706
304526912
306695614
423701945
456902008
286190059
410695066
505865616
534496900
341249902
479394343
506391548
495889057
467053969
348380165
377876216
293773494
366139438
421962985
283387584
515340704
419605985
443552303
404146161
345245475
284429898
364106081
473551550
508171325
269026912
347913242
384922389
319458243
439623695
421114934
468271909
355870280
380490674
371319673
327828825
439768712
338848878
337381880
398081858
359634488
443864157
303835166
354436975
314466056
323460874
358737502
373337682
280362535
419607907
462665112
448418614
398597306
397053567
370764806
290779898
527035324
513594597
364820003
467505253
508263644
468575278
462930911
373662734
371921726
317617793
496032260
514432365
447978542
531825920
329821832
353265059
282560952
274934824
468199235
530387015
395885389
376764533
272069410
324513482
372992348
268443005
384342064
427699504
431791186
527009754
398502993
398161167
370310384
446002907
303105039
371024367
527660299
326623120
519494734
278460269
502856350
276717514
401474984
463321193
438474892
310362342
283963655
412957283
368384642
451456327
374919653
523227199
476338439
472978803
531889799
528506765
281074250
268774297
412020021
486236806
312772302
478752965
409031202
419824471
411833054
346417484
499047747
296343460
518311356
449866122
460249752
465806938
314455896
512431024
281158263
299445407
462016516
365560822
304241091
288297526
416002028
312473132
302327781
359685696
328865058
532764654
500019154
340415802
340333038
388545988
443018582
311071435
288451400
343625098
413048131
496449708
443194417
307429882
524681720
485174521
303460570
358307015
444947680
335409731
282907681
487413453
308789184
384008522
346721006
498116409
527496303
474142521
395882551
441640997
461894692
271985265
357421413
510793487
278636144
290851425
446765868
418936605
382256732
269191923
307463752
399081147
297737592
341860084
272771340
509390755
378210420
425928238
530153517
345750555
390789496
500007626
372815315
404997303
405844589
399835773
446059529
421980586
534592557
426675184
468351813
448238105
462916060
448966469
501367398
414693832
400712064
364098968
490565204
428815330
417016024
446560967
336057702
322116574
335717490
302351113
379712393
301390158
370946119
507755609
295760512
407725846
458055902
286649484
308620429
308093614
357333244
469729874
468325577
417660463
477968026
393972076
335070291
511031073
377842126
529899178
337016500
463554485
372718731
401577392
308995591
432633509
415026089
450190168
283234973
478374421
503472006
310007107
355147617
529710709
327269125
288391736
462506607
386131127
513538896
286340070
310263514
452926120
354753123
521015497
331241329
347090567
456654144
377236266
309781324
458508630
301162517
414224436
310933484
269982478
378978033
406714480
410736400
348352583
382773409
375490124
343155516
335402247
528529958
307307021
405604871
514144729
450239158
399218043
507170378
535908404
348123112
483366444
480706881
305792576
309772965
386940368
411096813
516209242
406421890
383002682
486528320
276935553
372733993
490839915
522422403
519015504
464866045
308637889
447592812
494125443
376027056
357686328
410492171
531438687
367950296
463375647
357779609
405277939
396666923
456518549
455303970
331945207
325351577
464411344
375666875
505900343
362177264
460900948
518087580
344974742
348207955
520517764
496203929
338894912
350256392
476176300
280326780
287172324
520636126
518054016
504480532
348387552
300780628
355944673
358429630
517880740
365906237
425819454
399997303
363120834
380234039
414288915
356788850
393887541
450395052
268444860
323666721
335882461
275238651
275567088
488578770
532098488
312121342
426525618
480940866
295791172
405537805
470560315
342381073
484185959
404604856
328372824
457197261
513905815
513351641
360456276
277011222
534379102
366734556
271318450
454464708
408965839
497665131
492696943
285212545
519617088
388016733
353363003
357820213
321872430
386877059
366618166
380931671
429421991
365464925
352378378
437865002
389660571
450474406
453600963
510293150
354779344
518072183
396742426
531409412
374469458
445481519
297077446
526709724
349561071
384620122
471339001
272236985
504685490
297030673
399955224
432898622
497854956
273918323
326285325
311560783
301176657
346511667
269810555
407573491
477819573
308753918
511281681
520803951
290982158
424400883
529668742
477627319
382688404
369041591
430815624
356519924
278135459
308067222
447271828
524012884
348846107
445800155
326121540
406466988
457772714
408950304
467248605
360196119
321603098
422834829
426882788
533137664
516312038
375224748
505265098
491526379
498469645
325881106
514712861
495961473
533960076
335765967
443906957
429109264
526907545
370249857
312181929
421005664
481399952
467557363
355663283
505212000
488451186
360721407
465420078
447142353
371984469
485538254
339637329
475136573
483185482
323158914
512296794
361340226
467137268
528063541
448220934
305699292
431151691
329756289
295972927
366826323
356486131
436207048
399129805
518046036
514114263
350668949
527343988
421063834
442213611
486671808
338755644
515464732
312699138
441757187
350158182
342464686
444768866
410840481
480446231
344100250
517167378
397815599
398816630
484504317
301350652
521640397
482941040
377031043
375266359
513939690
397928121
369050248
320007350
356662284
455977641
481869301
310900132
366673678
271973940
525067342
461741496
301751196
271351913
311117737
474992122
437764476
277307510
421782094
459603540
373932265
533874903
493472532
356887053
428573418
279937075
381600271
518517610
286669122
344776481
379720679
456035944
389009154
524457721
473657683
401797887
317891032
286666933
359067944
444617410
350673960
308907838
273763207
489086320
417259918
463869783
307180248
292627807
460386483
292887575
288413208
490062644
298003562
320300068
518202311
504010924
333913327
363940484
356617686
316840809
450315565
389807552
330200430
327971763
404592750
331786910
454707198
486008285
490962919
461102223
417947308
427950460
493243433
268549101
526763970
439674034
443198589
534891172
485316816
313025657
421416466
380517653
292178004
390732261
534115323
454651560
514401340
304920402
402908952
357641411
316027748
496883080
407625256
355707818
535100181
402108107
524729141
347780337
323975887
355344857
442956849
473574500
329167113
402623749
309843460
330916434
379365697
506199632
274431279
474449192
386703391
368230538
392985043
366807690
269649828
344175713
283439684
305870502
426653505
419485710
323256070
383184759
271479745
417462438
295324078
369694537
359624342
391260046
524331238
412671123
353735985
397954828
485253892
379903147
505063891
414573052
293817719
361776873
490558760
378309126
297775489
447654963
507349945
393634472
297085594
444431860
365563727
286914846
377113192
274596706
489698415
283927846
477548445
467372772
303805317
278349273
341528178
415422440
286518684
470447178
522740054
460386991
356820746
487604550
397486266
411770961
366138532
379696821
333960170
522485890
356383141
280110274
377534690
505826296
500294225
478399137
324507075
424810405
323282115
406559997
327115451
490091496
311092678
328119538
308550739
470654969
455691054
334990855
373286926
524427498
281054172
332010670
385550452
479678804
464192900
520073483
404360791
413355686
442674469
338094615
391028430
378054991
453365556
521143210
292512173
407120083
494620703
524915844
485303480
300328150
281146201
268956811
409075394
289628413
480463033
485609027
289750362
502128525
351478665
428048440
444099284
458737814
465237672
495956227
313730332
389996029
532784629
498508554
325808971
300613944
286475069
348950688
309253793
500515294
525591597
385983201
308063645
519661893
503588140
532069550
372420715
314818208
354577234
305233745
436074641
304815228
307949384
467570708
394590131
276200087
294638152
449601142
444292807
302133544
314588109
499952797
335016121
359857150
349651820
463395108
327632721
482745907
417121379
422100884
480422467
333285750
518089076
424758282
397653027
401659066
399498714
385168922
395354574
395082258
421650621
417558283
357340091
280819464
475625801
307003830
360918343
459809094
426153854
469753971
443534904
352729690
503305468
478520114
392635241
346042970
400459109
411478195
420746279
375158213
282246840
345969995
366868737
508931846
350971669
323262306
530700544
380430518
284821085
403068144
301612533
280955948
448303101
415402313
462486699
516227987
294545125
283391241
292806520
486696719
320804089
358996547
297923077
304322844
301984247
369728046
394641184
475769739
279712741
327983206
287904118
352014844
464715266
428748349
269312553
353352011
304646288
411411984
367227469
519608923
465664776
462442467
399415156
457844618
387989779
522635760
450608462
362753268
294374292
425074745
326236020
388267520
278943027
383413409
291396481
333738868
314611807
495509393
414035568
365626608
268764598
421607223
337480579
455005098
402592847
344077539
334205634
318024434
294579752
442433419
310664217
295643399
311719583
410064425
310163019
476807762
330968872
528048680
528619568
512573397
269233817
281042958
478882898
510247407
413540442
452542201
513866303
327448955
501063621
532093066
317275987
356187107
499376231
300549518
482864413
282234748
334341460
412999010
342786752
495456158
375308370
452417593
458389791
446572961
470972939
503157906
330853256
396539229
481441773
343877847
296972446
298915739
410269796
469244949
295669125
425348367
427343984
401632079
421862354
280688270
303081481
405732618
416230046
389549788
368760529
363975823
345551503
291998304
511390639
307647477
353765450
280273710
269939654
400366739
384841839
522731532
272520021
463075599
291599193
482596475
491972934
403627028
517799448
474661520
355243731
420393314
535280461
292713173
422258221
340570873
313679619
431243768
380290682
368287291
349784760
435118433
323100428
436253930
375878283
464614487
273782048
496208899
516214716
348746203
431732202
413192220
411313842
447649222
463494155
319689722
371336772
463831006
448439567
334583393
512895899
396017059
412851340
405152876
434233761
278670779
518020157
526077281
507807639
441720402
385759391
283459181
522300633
432992554
274053644
442240830
492675175
276693378
426692682
465793349
400598472
479160665
442762775
467848288
288942897
288769084
353354468
340211004
326206598
335236734
454473032
378710370
337405454
412077574
433004683
349156410
344082135
370052329
472837305
457452545
477557720
350256519
385509002
379854505
448796060
469000189
515303412
380064353
282786038
346178875
281867425
441512407
474302049
333756913
471227594
416991559
361350307
434632502
362305154
382265907
486496548
429675604
447755102
462987869
404069737
452135381
415603104
425379284
498084073
286665838
324027546
487782843
269086954
377090288
447465617
312138684
478419929
290689971
357432437
380132003
447412771
469560462
459262696
278301085
393271938
307078286
359119052
487661217
397336946
326075470
479169592
389726898
338513315
399866114
370076112
290286423
444485703
308994063
467113753
417182141
482852098
378042969
532589437
361676011
520542207
420955500
398570174
400136109
531483292
308906397
367328496
408262869
411371813
405864387
335631279
454070930
295721708
287310043
524898535
424503155
443572865
447184225
376993476
436608951
341274462
466705165
514149356
450164421
429061228
465268458
276160238
314303798
276794352
354466671
451723774
312155646
335128013
364217160
511312802
480527186
367308793
428915071
298994574
296748360
506642472
337741948
362879842
327185232
473142381
332906304
356454572
453949280
379015730
497204072
527025330
313042422
401047693
284269982
463217824
460192258
303112956
271826206
507353061
450905088
335260724
312148707
309454830
324374645
365753147
391377538
442892951
304819895
496377882
288656337
429953739
450411583
478107936
350972481
345716651
426083592
476114229
381970983
353784617
348971771
437138103
356453899
459837330
313335479
467622289
296496164
493898828
485061705
436696438
522547868
413336362
532078333
508678450
346470703
436412854
515593554
463186341
357588917
371143055
497211716
343193993
389143093
447855026
353915142
351899329
407846892
511576044
330480221
411737165
413619884
397358023
525026171
447849398
522145845
473807181
334859669
484556921
307170666
534774440
415955280
422747897
388237004
388260535
429632822
430464967
515217506
495204605
332830489
501167360
514979031
390056094
452338577
276237027
501693848
502168924
428574535
300318928
504271977
436909670
364892710
472148652
404066723
343809459
372413827
453675987
517802200
495881956
533417347
374317984
298917362
273593101
381953082
518623560
415728390
280239714
409694498
369969725
272561204
359904194
437444628
516718794
388371977
479562037
449453350
357339107
521703833
313487708
377141754
430055349
455555867
396937554
341260066
356308142
400186386
384204120
445417812
460197711
344357087
425316501
345721678
514703210
529298535
399224660
309373121
376413201
300385161
375443112
516478578
395829849
451247327
392659291
509413644
443475502
456306832
478999395
422445423
351700868
394911514
419305496
416343315
485506146
295051080
338189527
533454345
338774099
526645636
386350746
514952564
382696683
293794585
443183180
387151520
484357137
397922709
275187775
307425787
391381460
299293301
446551524
488243215
520933691
387433310
294313494
332082382
504645566
364450594
525588292
429026441
497388866
512794049
386154209
446681647
478719786
415555435
367684577
326942198
372799255
393775576
441065459
478353895
400815269
317735426
489892835
450351516
442628288
387903916
508419190
463756902
381307865
508133791
392295192
421237507
508053389
461484601
354463782
450461713
413330735
512491492
410313040
511907878
444275673
391958659
447024564
460119566
515702496
433422985
441685267
349696368
306010734
506290755
268825540
491956874
473838492
459153939
530301941
477747890
478881545
418460278
490944518
332526001
283868994
402242153
453109682
300084405
349635256
362586717
306791316
476181672
462233865
522967575
515156686
343966403
332246962
508394396
299237444
318457798
501495951
372509542
491437607
371701481
375256632
282902532
403872413
530686822
530655514
314663440
363747111
482349166
353117320
414908451
450600253
434992662
418981747
470723276
509027343
491856748
356671655
453496495
391783133
425009892
387820205
503919712
282400010
444233174
271200516
389930500
466168186
336208721
368625086
416699419
432431255
359640726
286705432
438393148
488575167
389917247
381302501
274622092
282148484
360270402
508844917
288763195
302659563
411599102
528651564
505140550
524804608
327420659
314160799
455291203
488712663
290768917
533301202
278317145
397198702
522346118
526470553
373354042
399561353
526993948
343758123
348648090
321374739
407286051
507079330
407861413
284087348
329733332
425187080
411608142
300168546
521852304
348367501
438156765
491235102
386510836
335293417
318599897
481584823
332441032
516500638
455910741
309834018
372831857
348882237
273131054
299332777
362508147
271717536
348580398
501327238
325115169
471067506
363457541
523576796
352932398
413990169
366456610
403854344
504032305
340540353
372880259
277822858
326463597
518543561
525661640
379747753
271191752
332309606
329984597
358434125
532983230
405331457
286751772
357601297
331647506
378191581
494367598
380711961
454960861
369741101
487371306
447516907
505903085
297506308
512980643
326171911
411477158
342415257
353029995
276255166
442766477
439243740
334969143
502027585
419499766
508432237
271460810
355672871
367469743
351891324
340466975
500360082
384665104
387998052
532847453
367230181
313342881
426788607
485777087
353290442
434403556
329791893
433442618
532658738
393067288
477378176
326501117
291541808
509463692
370322821
311972914
487706955
480217530
526562184
327680521
496592749
522054607
333921386
354061083
288618919
273673615
530641058
504677010
435138807
355942041
323892144
399943493
444117136
534386935
439511821
348605662
509536992
336886690
337127104
297263826
380083911
273295951
375557321
290338963
459960471
381802051
399582358
300513581
336557354
396309541
340589959
438883683
377322139
305749182
515701679
372733547
351254740
332034692
344198001
503129931
343499360
368537137
514050398
416714260
388278309
398803485
471744963
385965923
488856184
348150447
433225050
293777748
409984491
401635049
422326192
374201277
371107061
480656824
308183359
285614126
498834230
492878411
533543353
299482638
363333819
495152179
534165802
359393230
408317405
386463617
328008576
280352512
491629574
371902477
527211085
435230591
439188689
345563216
327227563
484242537
534340069
408922656
319699433
430899836
384319139
436161476
503714232
304028300
290430309
473623642
352510614
327404868
415974876
331334605
450458952
456877962
413606955
356075353
362393809
382932330
409107639
313229381
301066412
525518918
373912907
373281848
278683370
415254145
453967141
444039334
355124006
279508374
455202557
427413777
491000675
304164037
308832968
418017408
476962540
388976521
380116276
271619801
515498173
324739451
360094154
278021044
369284651
458811149
280964379
410346531
388479591
486657317
433155491
454365317
320983978
331294154
437647250
317810783
461989629
413634703
286668954
381068631
503945937
471104693
300297978
292154395
503137871
310858885
392399354
374651289
380820853
332278062
274223535
385899269
371760266
289110093
318611228
325562720
349345426
413126991
439978356
377237914
491666924
435371823
330284265
393857939
392112363
403487979
330462589
507134586
500392785
305399817
354293244
441102154
355727056
280839595
508954801
462678446
484451459
440396009
304178311
425477717
448832025
488702323
361013633
367435423
384204871
447924468
329226644
298436283
482989922
326703917
321409206
440183910
396859909
327461021
283624244
332127502
495719439
418237190
373747239
458940174
359882549
475541544
446112826
431499943
271470961
390386761
307171719
313423756
405425073
506906161
456898556
373900326
268742014
487287292
315347070
389227779
436976679
519774138
491318143
516927226
514308588
500222723
293652687
526868349
530359792
373034710
478266420
312505500
319542772
417306722
418151425
332767417
499397594
466812690
338286945
509372290
341680312
355130975
294199801
298379753
324569582
457608895
525763754
316077717
321847890
283858938
333709249
386200950
310261861
293738795
484140555
515023497
337085780
463083481
388215144
491129730
364411775
507549624
279819236
491529356
415518960
270851042
512262446
453102633
475320229
325279338
400080259
483420095
410138903
302824499
297538384
353010942
477980527
514450178
496693794
439683002
533964694
531149325
368449395
374428867
458344032
385157671
288948456
278069007
461220013
395842124
482191894
446249651
293310447
499062722
372950721
347483349
471013381
394063672
294810679
326765715
494792831
344159125
405028677
277198431
500018088
528755289
395191219
472049730
356577959
316283106
305502074
429584245
509215349
536315683
386903928
535290098
371719833
390506351
324271366
393455125
371822705
462165143
490529631
505091439
272195012
496987881
450605575
475155203
290861662
481268630
446875897
425156187
453926977
368591185
457164276
532311297
486637414
358925500
377477086
328749362
534409282
356176250
385543064
368152614
345570112
466039418
318314773
462872466
379183775
455065302
293091822
405826262
309210665
395041063
420052486
332175704
389903936
317943406
451553905
509416788
399529828
364757762
473308078
461417843
515577772
288794977
377547829
501571881
454798138
507502210
411591967
333162856
387428778
382829712
276297575
283601577
302764814
434393948
458974093
317840509
510319373
443278719
426035813
520210327
482217499
462638220
420926237
357991769
353391745
390474446
476143578
353540465
317344970
449460371
273852591
401854865
391889965
289749577
523358829
526776652
516700567
525101571
426253603
346752622
401926977
279697289
490548582
330603970
473331964
428535135
508977308
480112009
340479569
422119323
483798754
355510234
284831408
342601601
438266493
413979674
447004285
421449810
482365724
412507665
517508833
412820777
281443081
369251535
380811680
409685074
397733924
416426016
512093008
441197815
452166602
437242969
481010980
403657394
487015835
389895869
389024594
471519766
483358753
439597289
288943784
512747059
364265156
486578581
457621461
419264346
456493559
316159764
530027313
408734012
372775016
381405439
363895607
512042600
332015752
328986387
351613361
470224622
533775648
426576429
401872995
429253443
448796242
406196343
432825581
270428331
313301535
302633233
412295650
269129248
269096670
416581489
391254216
527560209
368369781
344297970
355345696
364360799
382996242
516373417
383888879
529533555
432237817
409969677
308950941
361053664
452671062
515890015
307183885
347831863
414285580
325091550
335955176
273453363
336879642
500253158
525749973
421917512
445985341
489979145
435937387
460099413
517071095
416392475
282125223
378268447
295100777
440061315
431302014
410809947
302380268
532334327
452071603
445604232
357008912
453975476
344390641
336149519
386804469
503643648
382575425
360116975
476756393
491324452
335499482
428156654
507340400
530343239
512773298
321711050
536648305
478722605
443045627
337567659
492008911
530585150
297940288
305712935
490235754
462634523
286200907
391325207
404227841
324141633
414514052
432429274
357603731
278221130
506399345
513215761
336557206
283731103
434215293
284016991
528113427
347193538
338391786
333508454
317596543
422127966
518037026
499515661
298780258
309452013
326985766
478229370
525530615
406498861
330782554
532748362
387434458
340935795
301457325
286773032
270024690
432063621
319622750
511972261
279464496
329163829
397024701
312794623
378487602
439431974
375762135
291086205
272219370
332042353
402299938
418797487
455518300
530684519
411837675
426106665
394167534
273678154
440596354
401883999
506079934
399239597
444051884
289474527
328609995
469913283
279655627
270118019
362697983
466178952
389537217
444082321
395884726
404338427
366517145
400812550
319994718
480559113
283476101
371788313
465832235
372320979
324187592
399685312
534865655
370884850
314995836
354407670
491652607
367944857
297660908
337087556
301073816
466632751
343117225
515766012
419134304
470856863
412263146
474338790
314603894
452397646
292020023
458789369
405176472
354629628
272895732
431945686
372544517
534346661
303059132
447463250
496331385
435867412
343515190
345673564
302815950
481530751
273885816
412993605
502478010
380968714
395005532
287614050
461149227
329809401
311916269
395333403
460853372
336038913
318137184
385550158
448348487
307092327
338482400
314328711
333217643
424433492
359545548
395298397
325803077
478502201
368348543
510149182
408069097
288609079
371215133
359270850
489993372
413379741
354872378
515608811
344146417
376951222
304541768
420247089
347346506
309640499
415434241
422905394
373723659
419625963
500242980
329904926
532267060
385400044
282007605
324352770
371694263
304778032
466366038
457110137
299153320
389561841
353355751
343300633
505857573
472760585
450599607
335772504
443260724
513232344
419238382
451119004
354609740
340685193
403169056
511074957
511329889
471142834
331282899
314082926
368432291
367433098
363893631
307282917
405144322
409480301
397827913
394332540
424077761
532812653
371539999
352978372
354007614
419001292
468211019
369085247
495078912
492740940
502338593
299099542
301664472
310584298
294407587
453083155
396378267
432387638
480037714
443385390
307546193
399985182
406778949
423678939
462390462
278493823
377538029
465916405
514223579
424734529
514658515
435379354
293088849
438276912
450800576
307032546
410081342
440552450
279218747
495944852
300954339
331531107
276431237
344930293
522998195
353246561
454235434
438868067
479069394
458762962
384527291
448709547
333540913
319205490
505689585
294004995
446912315
412677072
