260308952
85898912
31139021
131646077
44086917
244433536
196184174
231088033
98548882
115692431
98023341
12913281
241269392
84796921
76371598
170451
111619884
86175736
113302651
181600741
189361162
218541547
210506494
159477170
212866417
128262930
169668076
161093676
217342739
42113104
143354933
15598787
87595944
6017267
142692429
234626440
137827003
186113244
56274
259997428
267637070
40009459
51466111
181740396
191658885
222605199
267700396
103826889
131517283
247161213
47384949
118416765
107807560
115904890
126837062
76948721
246733443
191173618
192690716
214840047
83777146
25438290
22805301
117363243
72203350
80885847
6400619
223890174
230037563
111003343
138811068
177214146
126922466
212406197
56995451
154997534
73423984
162081334
102552676
68231272
68623297
191273455
202535697
23756950
4332311
166820016
67141163
214937279
49397224
152331258
66016412
153643946
181894543
202239313
96654738
209593769
244111657
199607532
233737129
6663460
188000001
149051581
84661751
73006162
148438612
258662494
254086829
148987916
133797908
64387590
2577967
234483059
121415805
146809425
74012360
42887448
164729004
236229792
83043383
210914273
123273801
182596285
255509657
203073333
99047200
196110860
95709119
100780858
250307924
54370489
77582212
239410869
195063467
35228860
60708183
118227672
48461946
199003954
79923213
218976408
107057713
178578620
95126987
35294759
241516752
250650297
131670492
250215500
75998542
22150733
149240671
222031241
139992872
33280189
54679597
126076106
254634392
242247959
134126137
92021684
110433032
85004
56630242
61522748
188106275
26475844
208679033
225446197
262486771
231438381
61199575
67059822
98189909
40424020
75762642
14428172
38166038
73629654
152756757
28023013
89033236
66905199
93001340
75012730
117845755
153176877
242641319
75673192
139965531
76960910
69110945
163260669
29743142
165185331
123259765
97776873
1673498
83923508
178204187
14632798
81344249
235001565
89713296
104873302
194187768
267558091
24178030
118969325
182507675
21464086
265604838
30585444
138418734
90349682
192381102
53501122
87815890
106929999
34891917
84487022
5085832
112174320
13418273
112825167
118465124
265042709
86773841
261304633
9932722
201281659
207206352
123804273
140846013
2089921
36739927
228229237
168499393
35696064
95507924
142529125
25292163
86730866
54588247
196724719
146155295
42960825
207137571
77231075
138305961
2443951
91542074
49295017
12335023
254143618
48475816
216195514
207932617
29336469
71883363
124396311
137566872
20434002
43855914
198843996
188401390
164479387
8425135
148383209
10187417
206654419
67076373
62809197
13260141
175780535
194586456
241186917
246458660
262129866
223942967
3559361
260529770
258431976
256436700
263443574
129992169
174101172
156826768
220559989
13105018
45102914
11354950
173690730
263461739
99277685
135924017
159269620
28048853
92806721
147789349
190981531
205089768
122570470
164185836
17377279
186523920
175810722
250266700
61770355
33855054
228101081
144643978
173531236
243219715
167099114
212193519
55900127
140044600
106475280
137576652
20884105
112221648
181166310
139716083
105448987
133023349
127884009
67851149
114632317
57983897
137591632
228450439
260679895
62040708
107538992
190516270
143269604
21008089
168977539
172824563
252885401
203331128
20639246
240018087
22441109
173458365
233090724
153883824
83115486
262309547
204812878
25146971
192939022
241390010
205833418
174538483
206328330
27449195
69286807
111986417
45312027
73638006
73431437
142879064
110633246
248856220
36475944
185878610
164927676
126364684
224578742
196271556
29498173
189323944
246162018
40073425
182892148
252393256
98259117
202931532
265518301
76667081
196223495
64245085
40438548
247975852
223800000
102788353
50849245
12692453
173570316
58345393
181203398
88254265
40811665
1304559
124701468
67649306
123576897
26176584
203129712
203078598
18158506
222801835
113621449
200774355
18584415
161211719
103995160
15875424
155615013
78879763
37207875
147678606
171008294
245699599
136051473
33988563
139346115
261313519
189010563
107622739
230274234
96758980
5692286
188856319
241090292
197143958
171573406
22643479
114096873
110777445
169495901
230473724
45960032
37475117
170686322
104469223
121199099
174650521
198566487
246273812
160905398
97606272
184060366
202459550
16391441
86691424
105615046
51740110
233016441
29550615
62945195
109531227
80269565
161686310
59812093
158751838
207222731
234130422
116396973
43355159
194986798
78023236
173146460
249068642
161547860
193967347
127236348
171377271
25138130
253096456
7415257
157210546
43263912
119184140
580
78839162
89056904
203403946
183240385
133059337
119498041
140970741
63295418
248433506
254902879
317038
254390707
127503277
206225420
223969312
60780074
175275729
217553719
195842178
257442089
238329488
32761009
161070950
244407343
18684134
237389118
89415076
185277983
70425146
196095999
170785484
105028622
209696943
250847181
152996614
80154478
258063518
75884658
209442714
195232820
244366763
219334768
241952479
251918929
44073854
18729295
118751526
234820899
48729625
115189852
120261924
150635024
215227767
173534400
43155149
243450246
233781849
113165511
16536151
213886430
48456997
212074262
164534372
137785947
149055386
221313814
49651068
134815680
117794942
10901122
220754424
185303428
38163103
183118190
11155622
165344554
225905471
230778311
161118178
141578935
247565116
263618645
179028738
246806609
153823544
117317332
138956885
6505790
191540688
17755808
3744289
99714265
81194516
191277414
192754980
177594278
106565036
17647410
227952749
31073078
117284118
30133463
159469869
127341117
157649122
169934693
62459615
221774770
185335472
143327674
124341881
152441929
172633796
212712539
129823628
62066876
173583610
46042789
243458049
14867052
231247713
149382372
144280137
88454826
52868125
79154929
143232281
195667595
207963984
25970981
192763976
121820882
71237251
196387617
132125182
233305065
64316824
72747293
52175925
218475979
24292057
131090972
36522543
37116960
175646150
164185281
71257
18307188
197084662
224670637
226301137
201616949
7222633
69173041
72051746
1738316
134625843
206238347
152515964
223229951
26136524
83895078
178510359
6437100
106025814
58076292
1612071
129291087
63193655
201931470
10114411
197496287
121226397
203428144
33546779
181259559
204680926
958200
236392055
254534421
91418422
68511635
155353288
237250829
51757396
188945831
148214220
258897057
266596368
51081507
166004670
237308136
125256075
169810667
95793238
112288677
207072407
214897023
25763385
241872216
24608846
173751344
76509030
91560191
234833924
266043317
217309324
11634942
193794708
29144805
232871192
168390364
246683237
37166554
259329734
216265091
68408763
182970987
218704419
175306446
115143825
49283743
42762046
14471719
72485925
144742747
205979303
53033567
143877120
228577093
36781638
126923071
199010214
211485774
139091000
209023196
141759068
81711699
87823989
26604201
27713453
196609186
84323286
100806374
23568693
101945412
8563435
224506991
218933797
223765995
126624151
171782173
29305856
71547445
76813182
200613470
209037264
249352748
60214642
98109297
262272529
132103376
72306912
210191176
163535586
76649985
239060455
258377734
100971688
192144531
157912308
179701939
265379677
186505964
129886740
114444248
79990501
208144180
73372963
187239229
186593113
94180067
191368956
258974856
224478304
63350833
53234498
237942779
131812988
35505866
255885960
84660413
183952464
32125218
240286434
255256581
72851385
216741238
4017135
192037941
221236236
73381376
201711580
191311813
11599512
144902583
85749836
57682390
100197232
42643939
148669561
29152097
17078979
132844922
65958238
100036166
264545226
247611783
66226227
104492771
165139231
89393215
157001673
6512135
14367416
165226340
186340929
218625694
15365895
9835164
218878360
206075703
110167632
229864493
92628927
61529025
114644638
253187933
78869802
197932729
59292449
261056914
7688612
174786814
167502666
175817239
233025179
135404485
162206841
250679225
137437775
224199013
266064183
241378621
173263535
247876538
72307337
14465450
51696268
252962269
15622594
257093383
127510738
922943
244449014
211943625
249305732
136476131
5463083
166023529
5589742
145253579
219700390
43356417
100568148
190757972
260936237
24201139
265414022
101939761
169989507
185261441
69540509
68623852
117173348
50215513
177417429
141220903
98992814
182379699
14286110
142578809
10968721
74952111
98060772
131480225
233356384
219966669
203706941
47508811
216788327
85294957
76577381
116254262
36125660
140602123
219711106
196016932
245215755
111682883
225978784
193040147
87331869
127175431
217431780
160002567
10208943
200908042
30310833
239342885
72707443
212247239
192419596
14274616
255599457
149408572
154211762
122740888
199441916
7395219
150272471
204210957
49990801
142632964
208452762
66587031
86474220
11943414
191647181
166473567
84514479
23579338
165102220
196187245
14304233
124667778
98793351
194324480
223466776
182730910
178755101
76716195
10207610
12346534
71607121
15839436
75347090
90622560
200913771
168825848
81153670
154800750
185740408
131167613
117543446
118666829
164503706
215275659
156955368
61987330
203049385
152823385
171209735
40744454
158980736
186159408
249777324
266434323
36783992
253407020
104511241
50021240
45835087
99111597
241429435
18363161
58743172
114734689
148223895
82989032
183993226
224024433
69648419
109712676
34917539
218376405
264700524
207315966
263233976
224795595
158382604
62549667
242524909
77065709
121500067
116208583
19312214
92970912
227460878
103234154
84215847
80730153
244803439
70536446
152866792
215162144
182415386
225459549
262452034
69837881
224667328
153358441
114158911
183764701
71068689
160894434
45260730
232777476
220606161
134098001
61397925
149072230
209681445
32742645
170309120
169400943
20443834
213501774
77615261
54390559
176657885
168171684
194328205
233030411
75779643
109406633
83812998
202136694
209652165
112816813
201886759
51630817
230122418
242933281
90510563
193683558
253551114
236332731
64466784
14617331
21754644
199273550
120331727
9051826
119841801
28342881
230295561
187874092
201555936
41792955
125938058
233314655
243552731
183580926
139602274
65722545
95412887
21986134
167528997
31084314
166276108
11319603
231280428
189785136
119870837
226156782
207143542
41608429
219931564
106227930
194062819
133908609
218484167
48152024
76219974
123657322
156065640
72311292
245805689
236222994
247603086
17566602
97662530
200072700
226530173
190121147
261506651
2672402
207863072
96399680
51746861
201981967
260564981
236859548
76003600
80006403
54389945
88830634
201311941
170564889
52500943
159177216
123303299
228946586
209401983
65437708
190876627
21121661
234174810
59910686
15474726
216497785
184031779
29238311
193324545
168755501
119183750
102450443
37409021
180584282
110545063
220615301
268138917
129423394
246206111
233038816
242789016
14581146
140528164
112791697
132322400
162763743
221491948
219334535
206225564
106526142
198807241
96323068
103457903
187233909
217882470
39416091
161578610
58294784
56916990
111238924
75783908
190854486
44257070
94579567
185872497
78367170
165648643
210841483
207150284
216825783
32281819
265654355
116111682
227771228
84505186
165638811
2423590
58309316
160517470
226837325
160355104
101435615
242887292
84739457
245788522
85565370
25567148
89990798
80798009
163560094
13589061
168946343
47848785
1458474
217838014
151531419
260869018
95553926
121417630
128457839
74435560
251902414
133454752
67514764
72961128
94496219
15660308
231487505
135685427
225854219
132807005
145483365
60769899
118489476
142937003
24637
220203281
83459134
114831987
3843069
192222251
261072864
161895235
6248628
156099471
239846213
157376460
162109527
149724888
181110368
25778122
126182021
82975484
249445021
122967607
172566636
84957100
166214252
13297549
91240744
202781453
159595036
204627803
119009836
153504431
71163123
47417732
45927217
22080496
198740781
55883203
26362511
99436523
237584241
25421130
62362295
176986790
44089754
68839859
95477716
218704535
227630829
44253069
102335421
255023023
104816767
256507253
159585947
105424458
110708533
33927806
196821956
96492377
31314400
113028866
141912222
243229093
212340870
156310086
37040545
240462632
111249562
192514659
6242931
27829102
148801226
30971275
204680668
255410515
21888271
13511468
258994347
236410024
73909032
80700283
264165884
181565570
108879446
12895664
53966670
135676208
11831773
172762327
81499001
152066157
77471896
198696093
218148031
117627077
98626897
6390447
238831323
240619798
167510157
264221252
2389126
143102340
153037982
1389441
14268103
220123701
83637947
193717338
44489204
110735227
220152890
76699911
4253976
106881614
15686449
204447330
85003087
221182998
95550447
194464008
132195874
267143884
213616817
4992908
169574619
154751816
238846778
254518756
58145400
172714926
172541467
21076343
254941178
160899274
15069002
171064884
133251666
243583846
171021398
84212966
233653844
266110361
35410803
224943928
211403501
178321946
191101692
70839945
174531119
57402566
231281701
47770764
191539599
260122610
195531507
187284095
167431726
78287562
251419475
34179797
249353035
240539018
211190196
28324336
219840135
47888628
103794420
135991055
268017875
2192663
252583640
100873441
19580877
34017925
249252291
215118049
56305040
153398133
134748860
80946568
150865797
155814889
62032517
222787585
195742941
267410521
32781026
205647354
168259007
152273076
101332372
222596797
44427285
54630733
185616364
149501111
188163575
95052377
84153092
148820182
114100770
60220485
131104758
45715171
84955421
216363489
187308431
249022496
229053621
62468220
10659678
132169503
84497442
222138901
85918555
133322994
80897038
233800225
212601840
83552332
116753746
105056769
59728737
266853121
165852271
92334781
105386586
45494254
53989388
258521921
210484134
1403601
48808014
260461771
229465923
263051938
32327218
128912653
107316396
15927808
2788085
134042725
83625786
21712421
5081586
71828079
116914130
64826285
108479987
121537929
260382560
176360926
66475758
17171824
54888734
150392684
266374737
218854622
60721878
113439861
56402926
103988410
68842311
133050888
54952369
241662616
266785072
103064584
166902934
148379569
141316584
206824866
88842679
66210781
116787105
96823432
198811403
54698413
47813603
64017279
53274119
189598913
10765588
96331897
214052198
205004827
138671919
5908911
8469338
240258933
211194697
257716658
208267056
186130023
19860601
247781015
217811089
200541073
99799508
188682211
109388560
195638718
145778037
161408336
190070615
73215370
51579909
256787556
20157287
236707379
4290271
42738580
261477175
83957426
259345088
217407248
208876294
184574828
262892651
7538605
7682065
70163325
254396523
182517546
123733744
212032527
2164610
262774719
81616256
50739493
129916594
95887883
44246512
68323922
242122893
56101155
194640756
125078065
81661075
108373679
77486349
130161282
129032798
36118488
85377453
264984128
60948215
69325755
199243955
68758846
163000631
155643872
103482416
247266962
217097503
122194807
181363251
64533860
68618894
138766823
198565783
261974650
175042713
84478155
24343512
39622783
107492455
233422569
72804093
246648163
158995216
166498638
203392906
250968211
115429667
154298546
3784308
87066784
56707132
227110582
166385871
176150956
18260810
112724588
245534177
93755718
86025830
234378328
238600578
215997648
79064606
32980644
75359713
128551046
176999954
102129081
76115038
247427936
96028199
231077849
70157347
158496586
90084602
88722435
112029294
66172673
230257129
77442294
248192088
208185487
160720890
173450240
119000462
57517329
173076737
30929245
7222424
85930581
261858876
242441382
88023079
207199866
218581775
62006482
221980273
161510882
26120822
30244453
214425861
204248012
129659351
110506659
88050042
16007383
20379708
125367447
165345107
188473150
85402785
241690225
155021970
211536984
195349627
202000926
174099198
54822902
203245776
9936900
104156448
68382174
13321514
7505560
16589782
8884509
91585628
162818074
193413620
263783834
13880684
45435689
89190067
45929718
120872589
145583351
261374267
101523972
13102277
131201516
34480698
186294331
141375229
46259983
42333522
63692648
23033201
124951281
133554715
87959405
135489489
161788897
17108926
38018020
31432639
198382044
67687062
15491899
74448515
240703808
121261984
25194278
130976999
109510481
190330782
236519148
24981273
152678256
108677651
7629082
8047692
230884979
140184673
163325264
220000098
252663803
78509759
239689001
24511408
109807576
214758781
45156224
190018821
14467982
181219594
218337860
42828808
161266055
220804562
86451667
68862019
173374050
183284984
235750292
126815859
47817149
72280798
185339975
31584961
105066732
210438963
13115543
75020509
154077496
2004730
43120047
217798546
64621738
4972540
180557726
218407961
93987802
256792928
140666822
262356177
8874733
192877144
253378758
190008958
138282208
237950467
130683568
120806780
16064740
85862630
5165656
8625476
172707473
27249907
124077515
7234440
267107187
29428935
100840533
203502894
11437857
254126471
125395901
157491767
18350487
101055828
266722846
122427731
139342668
182278028
92871398
37133058
46946190
281613
202101584
53096868
203041523
24656638
206489694
143099886
174586632
130496140
104725282
98981158
40957198
220809385
31447755
29181154
84709607
9692201
17485323
166678286
179915305
75395250
202270312
237656865
243569559
11598492
203289988
240460605
128215650
7173184
185297540
76703657
119498898
232449330
20678690
173107212
172009567
146080130
107946558
152872370
80878831
159557999
159833862
209423436
110931313
146438530
226071997
111820660
58578564
239963498
257087512
164566493
11318293
42692053
170927232
154481922
79962716
8310414
110973837
104382748
17985096
195597728
107647429
11470727
159634983
23455478
121331909
121200055
248051841
171780784
32223718
183253314
79907220
142578435
53163672
73286669
184144371
157166472
67605085
99087586
127435768
143713044
104258381
35241538
255600977
143252527
186067325
57772060
224314442
69609253
192857372
10732632
23951019
79236005
10534763
147146596
113450583
41781169
166651689
124706088
106277844
244833738
249038221
104869700
118709370
7146099
220206483
219989477
197047400
15531642
98899079
175652833
180817915
46654976
223033069
251713646
254716548
235441617
120135143
58354208
222610424
94887531
14382571
30910719
195021562
74157631
210679080
142486089
50180363
231590027
34771063
186352577
109109263
172009886
150395226
76572282
136268422
88050101
121151868
41654227
31080637
93259148
213524306
264641923
206792958
78346750
174457825
195491712
39257474
40954852
18351809
192357504
245661485
233234687
152696971
92869723
169094442
239826304
121149958
148884600
58397839
122409216
224508627
216862086
145037879
165882288
189059840
229531628
214631036
12019998
51616672
42634208
144143053
230543264
161692046
177520778
93020041
28921201
41393246
191460061
170853679
200053002
227164076
87029975
81981204
192890606
235618357
14726269
62558154
152564487
127328352
49668927
5035855
30268749
72551264
31244285
233823775
148596213
208897507
215131052
68540808
118667465
24198141
115830738
250139043
180661435
91200338
184472382
38619769
47398087
94398192
200800591
31093759
83108033
256682609
178654451
88599195
93233171
147590753
220717383
198801090
231828850
227279671
101924906
40210226
176515839
135566083
194831180
37588220
198544127
69879875
15060131
139670640
176312945
223463583
7487837
186157767
214733812
126168071
264438019
177000696
42594567
37933180
137183054
67734091
30922013
27555574
95961480
64072744
44457212
25785289
231745329
172292736
157981957
234720280
23246185
154098956
94446262
167988109
260186043
107555816
55479259
56700728
66428441
247407134
260102509
193336436
251180095
405446
260843660
123136171
260137641
64452122
127952983
181100926
151655321
264902338
101824987
259003352
256872399
3896021
42051585
188438029
262511098
196129993
11743615
213986561
192175373
21115830
192272500
195649819
80331325
81631741
136072148
236196297
49406693
38991874
14404597
232701361
49105795
11118747
163340417
250885360
163129811
179828751
46947224
136173964
192857908
6976782
62440374
236383126
194697911
93488343
2110295
230334863
177473851
19099152
127753352
17807785
178440437
96530463
160467321
215541193
256969841
213605171
42465568
116519445
57780759
6202166
85379874
52203142
104995790
134343416
79246747
91556037
214642262
197869234
110140282
87513810
108754472
13097235
145767837
8474789
127707588
234221357
220374083
235411275
169225223
55479621
261431950
146908454
164271211
67188316
19913979
109273299
82434296
192630758
148303225
106965165
157483289
177034182
184329467
262205523
34297605
53975240
104927927
3340217
162665887
169635146
108494159
1754617
72848711
161184868
140632259
261192153
264485174
176963900
60987313
19567607
25116148
177873718
137123124
188349362
239902610
129498069
164197694
98516050
91755365
78398055
195468938
29701570
99810329
155957591
125519283
231336383
234190142
57700598
239880672
182083241
49704055
24249486
239149826
226154882
264722822
185177629
74375175
157825857
79942565
148443638
118306514
91059081
34342738
222195768
73429364
122917297
128165961
197809589
66739219
52248124
45056964
182816030
73426398
45156382
234742557
129634109
153503176
122630360
130700256
202463713
2993085
75009590
67523488
139342250
170846955
199997786
141916730
222617252
261220927
183503878
20823334
142543360
91744214
238350665
16603617
255111699
167614517
114987078
109513586
146866099
257843574
138835750
98054770
196869807
258074608
126318810
85348992
132195713
241409918
38220229
97281034
144054953
108434440
56202064
236683804
22500773
248889565
7977959
34432471
118746700
134904535
81019166
223725874
207085621
2683194
216516426
40871453
148409049
255938259
126160966
169302408
117827288
104397833
141047827
130138982
99378198
55240943
38135223
13310425
242502459
170391311
57047874
82204629
16726276
203211583
56604921
263020460
43717783
113829524
25129518
32500859
107674042
259975766
107118633
33425867
145241511
202709583
26327425
11760166
28678201
245168240
186014033
11271004
223705093
24609663
161054068
111317477
178662752
115251942
105077259
147363368
93039978
24722579
82651541
90827072
127275206
180514544
223172610
167424528
104075863
257058635
23851634
66726387
136178976
88397190
12544257
57513500
86951382
241637595
71865887
161105111
16718156
227551408
263790158
119495991
17364313
256998565
42064206
74106943
105644865
73483818
32430544
226563092
139727929
262193806
261218580
262515349
165920889
153488676
9891008
198816587
163101685
221404102
65349837
267120634
9681137
261644213
100682322
259036926
263403756
66441072
86436762
207164521
244166407
128901845
33789844
184628968
29935482
157663750
229273807
253379114
264043802
101322655
239530504
186567698
237480133
189080937
104676220
10070679
49706003
21580015
182951259
20890938
169191215
62210268
14705954
54220410
12150741
256487767
201651194
223850870
84847457
67221322
250754738
214291937
115848927
226835155
255362173
176106000
52022490
204370791
207818042
255923081
89330085
57353456
49575277
135029757
123243628
176996752
159452609
201177215
12255378
47295121
421007
137902643
58848849
79494535
52382846
168950682
25474711
133764257
171367515
201948598
20676802
145520995
28433967
91992235
183770311
88615534
160327500
216227660
175927209
257519337
57097465
26119340
248584021
231811504
82874984
229094384
111946791
239565501
232762575
225969622
82744259
243061442
208158598
156147653
33561490
75738227
152362023
150198231
104858535
61585767
253405261
181279195
17903895
183272420
161802039
60402342
99770958
233883136
11745578
60507207
126676308
264645069
90237259
1916229
78679000
246763149
95857833
150480212
133998763
147311706
147398728
251293717
181306108
112168492
134329720
16948780
126100416
188177679
133321136
144698134
210570970
20495869
239606215
26415937
195816531
194996664
82598260
186007473
182543061
266488181
163118732
145847282
136850296
207265205
253490488
96016465
6652711
194825608
145697335
20850759
76581119
120099750
169343025
12601759
143707986
83227165
41351203
100356463
100388004
155179389
3083231
92977412
139304244
38680253
136245093
47754927
32030719
183718236
26687932
73705577
238008868
212917747
86201272
118251463
1716561
196551978
132554418
258694767
195259089
221275917
142606726
202940331
18406103
74991036
184937207
267831796
76840938
30603608
236382786
146456503
84348707
85847487
125363464
122172970
37652438
209212424
259652324
44233190
141095095
2693267
120409575
212357093
50632384
90384907
104856835
24979589
73594963
115738828
217359981
224373932
156765163
150398943
252731975
258224896
151325542
141533866
213124265
165998187
243752618
213277198
227198303
181357773
62389289
45749318
50417816
248532789
10215807
24391213
76037688
45412375
136877555
6254816
189919525
32546204
263061164
62013631
130288087
138855114
124112922
75321121
95912494
39887941
257638951
28492119
34745376
238626123
187793795
174372976
245785083
23813665
71060
184967709
256615530
199946232
147286571
117497787
120754192
155189851
77185642
115926693
162302629
201541170
146024793
152672187
240509498
74140
39746711
230387755
62656613
166917723
31372966
46541771
200125025
13996221
261201344
190123946
41776951
123165447
46789081
125902981
210257587
198115600
98185564
119432461
238341296
178198437
169497642
172445741
27132193
102528955
29623346
118446177
98657342
109871670
259193442
138775103
248931641
403195
61026306
243991208
112694298
216847601
44896933
152569629
170793126
21863239
151747424
156648482
221880727
121519002
266426287
146730055
208198699
249403960
61238985
17184779
70839933
79675784
124754243
152332907
73559825
261797744
23340340
34979497
207877683
194999462
1871347
78964528
215304080
196054757
257639554
37845646
33976026
18129478
114283299
149424155
132458050
73064206
4167241
145586270
137465918
199594370
145213055
102353119
75329755
49221361
34045538
165944083
21778654
105439422
195142004
153979309
180966242
104570157
125590956
112468389
21191200
61627057
229552396
209826948
9715432
128934823
173348209
203956666
171268696
93491516
120959148
64144665
211562977
220036644
63085518
225235061
89289541
144093708
139872988
175720729
221830557
110237743
88611316
65018603
159267510
136893390
259316854
62690312
143827790
125301621
160872106
238099198
230823399
40834230
257709714
51885121
174238200
259453893
19351378
198444527
18476456
177866210
47941966
54321203
175219020
264809732
104624848
200047295
163405961
86929013
203632237
202841728
38507118
43092971
105904812
119885388
44495891
61226697
53511064
112423116
21852982
68754782
262426427
4180474
35385566
19916759
88490917
176491961
88306007
204142320
73339022
81652419
72203827
45090243
111108051
135898402
37985955
109281800
197895585
243094203
259509979
90151274
135248288
218764389
122336187
5881216
119107457
240093650
37730777
182328850
13016388
104718847
151943157
84990661
58780751
180629179
234928749
225043173
132276035
34882706
154255268
214974764
252129002
97923854
206117576
29961368
178252524
266304607
140485504
208827386
226720089
259987441
102720192
121247062
116952851
55710013
16583001
36255020
228653250
145434807
99655031
224984837
100561620
52454026
126119819
96896709
131445004
251550984
59411836
152435272
199331155
119935703
163988752
188294436
18800916
210756738
263171782
44357895
233381917
23507889
213250410
148569204
184223826
9999247
232723915
116102551
87969047
90067117
165201147
43174679
128139674
73957611
61981613
169436153
40829062
262893821
253334554
195739771
151782507
106260825
3915690
4382570
239312068
41777490
237939775
115334010
253875965
76455336
81324866
92387605
9487766
234161261
44426643
26122913
197184924
173291198
224293745
173661914
188997977
223784857
43042915
119698784
118002504
23102012
161587999
105589674
20389623
56395777
47133982
113306710
263969750
113692812
239071498
10001043
79668632
93348882
234623814
145834702
245126365
118798703
203072080
133616579
9403469
174414066
9099275
239331264
203973288
242683568
90190441
143444528
256738573
115841526
360846
258459812
129829630
117543948
62208590
44902589
153182747
22162268
116409989
15944224
166580091
248230881
35857748
36086793
14551851
9568387
29212225
66036179
136110813
101356946
15216878
18999977
183182705
19146677
235437799
229018403
102923963
36830901
9245417
25193292
203298917
221930749
19287687
109838362
114071248
75509306
103736497
198040517
130786117
123595552
17683720
34829312
231244038
1808754
30687030
58742682
202194833
253708408
61569732
256994055
195232307
47247682
104860413
45541493
211119754
22302906
57460181
234410094
208258956
132674637
158960337
8117978
205366437
128173159
57863589
146056097
65976410
11013802
99716099
247114174
17046634
235001696
70286698
145464926
164522293
240505894
199933563
67667244
228106421
103036977
59000528
248545586
61262469
85132594
247940069
58085223
129116531
96341028
106553378
179465140
94370027
71274368
80323220
186956480
65352743
52125044
150994710
171127971
87321871
56049144
43256536
245857774
22594842
91862713
13936760
36862833
7539024
116524296
212821243
112307224
132522487
16060450
139453972
121285592
208658189
34318742
127603956
168147456
228224661
228484094
161976556
61125729
87837495
25403605
170929503
3137472
93141997
43115361
162351346
216537375
259677555
196114843
32859326
233427816
69182147
160495756
162313626
64504571
251644249
235222219
24993682
53829962
30571498
109555111
183341329
201249584
144344015
70843145
51302726
134203685
240295976
191279483
88068234
164472124
61408883
70851717
154712621
247812892
266559032
110567510
153010355
239656774
34936822
108873451
250237461
164933402
199698118
174559240
186690807
85898451
144187219
199747647
214930979
36927417
122308137
256170186
210257305
106014471
119808584
222793221
76407288
147258607
193933540
54475974
134259439
108803381
40896524
12240598
42039206
92674299
254581621
61404535
135185943
116511756
81371452
189779464
141822156
252926006
59080694
84129344
19593874
164821202
151326637
113436464
92978992
247280669
221650379
944317
222090353
32768912
43650918
192102614
23848182
265143957
141265954
174326064
142717074
195107791
58168526
12601736
17780839
263978482
38922759
244051567
41730646
127811664
188314855
15615235
56890086
204657636
51100964
118399888
153946980
203865451
69474351
194582698
92616622
265427839
44413108
106681867
27955391
56834922
111976638
51377996
23545596
259046833
261351544
227316136
185908686
148965769
76059464
236651644
22750281
86731374
61291853
167098107
138820340
48453458
227841271
241653374
189908774
44741151
52559103
161091620
34745357
87060129
214277213
89397216
232120784
93909206
68285125
94511540
222131372
36885411
104654785
120121683
232087585
16199669
237128618
213437265
223821235
209383776
190138893
41954260
707378
173527610
194730354
245669403
267604976
98528196
135831420
101368783
118514796
225017057
166458003
153039080
91300114
81917345
137830309
36131797
90272513
198531176
266239787
121253932
207768540
122885499
197329041
163253377
74823239
157972660
172043461
39084026
24046603
168527742
84219911
167085674
27245239
152523101
93386982
141456464
241452919
57152732
201045557
48159620
143600404
32246658
9194321
29316483
82967364
14152066
154723613
118009170
151214854
252742722
199168235
161981141
155187094
55984268
174666905
122467248
50009743
195562940
186182523
206141306
121475450
78606572
33251084
116389787
211239479
73698563
144611534
120514790
45698128
2054272
25987620
106058275
151791970
162668731
191382137
66476686
142398497
240869165
211716365
170009827
199823447
16549071
255261227
74649888
148180473
212459232
76233312
136962726
246314108
102911557
266713670
212783287
84266982
82753049
155646376
196961426
181718740
266148680
240057859
72364643
267465591
126325499
8143981
233361541
50436960
7082162
217970750
180887649
41907689
3204240
96851859
176587879
213147638
35658633
94429869
65095623
58368589
151825289
74310597
141644368
114089944
220554146
127393871
207894697
240584210
27651817
177826831
225132213
147222314
27897979
166331425
202415979
150621903
207655669
196249750
267088740
200262839
129406197
193537599
213721064
71945597
94341837
183405602
159076471
40871304
94173864
248846730
200434695
49597200
154938640
129747749
162081856
132689542
46111159
18475270
181812867
225320005
148835879
178576155
189577769
20519561
114116463
248509402
26481976
247541553
188651460
94290433
208332671
166769696
256679060
26430359
191090945
209056809
121267262
62831074
160899270
124181145
113179149
189722352
198814186
22575541
119510684
117847829
218316372
14532002
45184084
166552534
123437487
235226360
86888659
220339661
208107412
26029578
196268971
12791510
165668918
175356050
72678594
155439686
39054816
89324438
106126346
158162888
165546741
207788570
208764002
164237132
167687697
217320284
3887664
100982104
174783472
104559343
259504773
114544021
49231026
227853299
187136751
206774422
65099497
41157871
235434072
56036380
57593216
251170009
96962966
45110473
16620439
222002001
253252957
206948150
218445220
81816068
197968817
200074824
33995656
268989
185146311
99432670
196896431
97323424
143859076
108403847
252226429
88428221
254601719
68883363
24960411
110524750
174292290
7877429
196048296
62532210
160806082
91907938
244968824
246225966
113889020
126681789
49687017
90084019
173679762
34589925
209305802
68243341
78150200
74807398
134741976
150101970
158888537
104631943
33769454
81915675
239797562
39724159
216944747
191090233
197158870
122171342
158073631
148948724
105453379
163184919
227034409
51005984
95822718
123948981
224829124
204363722
55061654
6766572
154152704
193259560
146807281
23819384
71783506
175849286
157890085
126941752
47200917
51086943
56748040
189700731
40275567
227363111
223307409
111738176
200365364
102324736
176862814
221430449
118200901
250590646
108458055
258321782
81151868
89850517
30772133
96784625
151966015
227239882
262266794
257328508
241052612
130465019
202677597
78471211
61694737
245064507
158592876
155337632
31485659
103185160
91836091
122473610
51165132
197941419
255515720
127757312
17160281
197065578
206672967
31415920
227766562
225265417
234645219
88622028
184192037
135049425
84751278
37223307
199582885
11326503
124198241
7714037
120709782
143247472
267844659
30711170
162565621
90705350
197859721
11256827
131539068
134911602
44273157
144284722
27467088
154138223
183935238
263462049
73857589
224717791
34870288
136261751
152839983
263651097
32733047
170174586
200759840
47686218
45439051
17337491
163908457
116767204
257446498
264572004
152247895
109876259
106975577
72684196
133107113
212332800
88781293
118735380
253021042
77793698
32742436
179949190
156293697
84701135
89577828
261524252
20494814
140104326
206238663
258605326
235303034
130061075
213498314
217968545
81931860
178208048
163071610
168525712
133111472
260503241
47570489
236690161
168446652
65034002
901496
213918451
107390875
23386174
154722567
52949372
167580187
238869503
244369603
171345332
65048963
55453195
108435354
210642047
22055402
218054874
208214441
238051269
144004716
205615688
204491069
174115080
140667776
256021929
41214164
225386372
122340397
23295383
102461377
116195919
183428892
198895138
13119844
91426688
189785422
244081495
123758960
11622232
44232961
90183819
137745230
110861537
68016212
25535298
181202124
45154353
174053302
158833467
52408651
235009640
70729185
65484225
112790443
59719386
152096751
203967155
133953885
185235940
266663621
11078363
266066484
69119749
40816234
223072707
154541354
22820121
36650092
52252330
197050840
210674780
147950398
259570723
153333228
213443993
148853129
113381548
225453022
248465478
133877753
208435707
235434125
17597694
163591963
247865653
167749403
200364470
49717067
38252740
21491023
204718654
75722090
122526753
113591852
124937467
254268114
122116279
44999259
13656113
180012898
53436472
148047598
203075434
120807205
108220964
228966703
16523467
197624408
236715020
81785512
215735931
244025587
101898406
96458587
225464185
260135368
74428239
202048437
186704534
8357501
255305397
224158413
47387268
27071722
102498078
57049622
3818661
223615668
182227608
240689358
60248692
173004573
202232187
121826725
26358326
183739516
78902768
92571038
207400642
16843638
122665089
85916579
161562460
222122496
6421154
129845527
234138056
158151933
205065433
93718369
247609487
171924613
118678169
123832000
61028903
91961853
67201234
139382104
96767613
3524518
155541286
63989391
4767284
222583628
56398579
8082391
184718015
227124304
170988744
58197730
1248978
195827474
87869925
193984684
81118953
136052819
154177627
132165996
188041621
14342244
126879399
206548135
226070879
134839186
40638315
35095507
144545638
253453775
73525649
194642094
14042464
109029785
213989902
26980682
88667851
169309644
10805338
195128929
265649075
256649692
131498642
126064907
159448110
27737957
48242641
108823121
213869689
210015865
169309051
139764146
221916459
200413334
254656162
95530362
112984664
166476619
191768361
65831930
6209182
229777557
247750776
263086279
96775938
90946730
222410018
21458162
20678784
218940570
154863845
129579357
25362343
139202554
110589565
39490254
80590348
107558425
228229615
19449495
186901711
162736876
263642711
115273947
37033959
167279314
18066795
20399073
67903123
83725458
72074757
264992812
140244177
46640621
203632859
63351829
193486848
91977796
186999501
205711445
85389718
97710412
201079963
209499853
251111116
208799572
218769257
249999306
258532417
36782299
209958258
93525503
265804051
109761574
69024664
234355249
143954308
36650411
115190855
39605903
259760495
5853183
83277460
213815273
166395211
263697491
177472183
28048832
258354509
251705291
66619110
59052885
84043843
238536905
199101251
37840402
142631536
119493589
265596401
101323424
256074125
213460621
448781
84030374
179664256
179874307
204879172
136714368
222861630
257134498
183205828
214796989
262887558
249335277
266872003
163335052
175324559
6831344
230158094
43707039
11643206
262263186
83701881
30679586
221762641
124444634
168004033
174387103
251863880
102128137
229730038
223080232
114557946
163691783
134690571
73522410
80985221
231533435
217336596
19222659
126786660
1783217
18399229
64923603
228621727
241733439
67519490
23385586
79702448
241937079
171875822
79754517
128933389
199907893
174671191
212423811
126565352
65608622
223883382
18894855
22670235
156382692
195274707
149501930
170764613
61327146
177581340
71665981
158527619
249695128
129114614
215290463
222573127
172778840
30839309
251637999
89010108
235547827
186856834
189202473
88419507
63441984
53703289
202634100
430077
125329450
234972528
177090022
126220955
223515666
265692318
188571124
211821413
167321432
44498726
150993837
121715968
194380809
194994723
171381189
169655884
236922905
128084880
155841392
115329334
41616901
81123987
136388925
198369533
35730699
39679891
229721028
159989242
4613843
221535842
230157290
20940390
119285493
193064627
97327044
106745448
88297777
20142625
93264699
12515950
44209312
50227248
226446943
17985357
34765297
168321505
72322226
140308648
259336526
164905843
59704343
135090907
185794038
151234808
262388645
138696648
58951948
69053315
232631980
225309643
67545755
111432163
62138601
52621811
114341172
188080033
111872780
196357377
217087152
267771547
100718743
104092430
211499069
123707399
126019821
85821412
176355162
130038438
2068987
83299504
34185802
173407526
82059736
13667292
144748392
68137441
130264904
49034350
45693137
73261804
198741669
185321839
101089508
139216001
81657466
140596724
252919011
77204028
165007932
86036376
92915687
8477696
49452294
196298254
189797977
146481239
15174088
247301393
65573424
25044452
259385798
90853756
179521495
171028122
145803821
17085695
10326590
238540262
108967921
96228263
44396497
152815769
231216640
84401390
61066771
177460147
50873478
233768918
134210725
50906294
184658756
112603183
166930946
111829015
53243527
56259680
49080911
14057082
230207492
161395525
213651306
219646874
267844328
158399793
70167352
68461958
182315191
102689240
88233381
23653888
219908337
131044370
109456637
161151020
1458346
115323619
78623748
25947334
77794041
89407370
80973348
52134784
116161045
244153063
190624485
116102963
139769681
50211370
185249838
214878141
111892621
223224933
1121558
162806886
142312967
235789498
26504712
129238310
192030939
218373010
54566410
176884533
25938820
109238322
76787023
37516673
149919500
144163631
116099319
217497522
82215831
182869478
125106400
103874380
184982953
140295960
131102348
72581847
30291918
249028918
43305740
249602733
139736102
18072348
130226447
198112167
79453587
244139604
166698474
101737935
256547377
132648216
190438514
81681822
154896706
183243944
227412827
117746338
251650716
266691111
97953790
59488086
584135
258249088
179082154
1365906
185883722
62707670
34453992
108557196
39644160
267385478
154055971
224960291
45585570
230784344
23765047
30584268
69671791
147689403
211283328
202362854
202820270
93585321
152348453
122788300
151932466
29849138
182612857
241107283
114112966
223295285
259531759
109333949
209179580
88583864
223421315
205784137
8720233
258537057
119313164
160474144
69866596
174481828
128739855
121684332
203683353
177499093
213505541
8460486
56591165
187724170
116204440
68774165
18257080
187541801
108659188
15308958
154001834
4369720
154222643
145360650
84103280
217064933
190523185
153182446
160789490
139242643
211082000
227707266
247673534
32020008
265964734
255728631
11395282
264484066
27693903
156791602
252119104
32885267
181874444
124648487
145451816
234753924
196096987
138016017
216506282
102958886
29744738
230669178
182533973
46622140
91766998
260771480
183393834
27088356
124904049
168569498
141450034
218393265
178746878
106606162
34859104
32883749
18182045
222836046
75286886
76815477
173329263
170505203
79796569
100871105
207025592
249260163
234701336
231713579
61980367
221486402
109227527
3578853
167724521
121882696
96746655
669534
124120295
114080511
244675310
239299253
241606612
37671930
209692092
97072284
153953426
113424607
23295008
191837956
106166519
65221151
126588914
27449026
169702852
125094589
165975279
189730223
59480407
71553558
261529560
117565805
241715486
123167590
228060479
220614032
123142984
138901762
44104686
251689659
228931358
24905900
136327861
37092030
56092
33381041
250221124
190097820
224899275
85432892
240292172
227673343
54369
69768422
12674609
12040561
190999962
212659697
255188436
46738317
199325278
251726364
59355287
138164705
48733323
251911801
145376489
52826120
179761041
229984983
106601463
264946453
212906832
212196094
29374331
130487224
238836801
24149519
139222750
50071674
66617062
19840742
91196695
58689436
236159049
40960829
242117318
54922318
259761468
171739974
159554249
145432001
67770422
198174869
61218561
120046672
10125317
184269828
12081895
7073788
81238133
46637543
132914851
235561427
45748117
167775565
129488264
210415610
76949610
264423339
136781474
204769134
91555433
114776475
194233005
88196120
157293629
251537958
246711849
243235476
129590329
103673363
15506947
249246800
63624933
48080718
65569344
250596546
128301386
172339116
259896337
135166964
163904065
62643374
91651033
141934466
179217609
175796149
153364160
143063157
242994026
87736226
13018936
20386996
224395891
256254006
221608156
188607660
70230358
241853819
215569500
182951549
229296962
200844671
18561860
243721506
179430305
70660508
168729237
51093995
39098603
202126977
99325128
34434791
14414831
1846164
141349610
105232904
258394334
115120662
173984781
152317667
152835126
30574513
246380029
6999736
194053477
61972235
192189065
224274515
110018324
219132712
25281073
265952340
63576165
126324578
192270728
77381225
173216564
169038468
239639094
181623731
254398100
232055215
90181074
209496448
236012377
57559968
25208186
86180767
238385393
207678190
229206000
35355405
121319292
191033342
42582109
233068233
76189656
233761283
56777659
173457373
205848215
83935207
266451411
101999913
8979799
81113427
128142640
201415424
8551607
62771450
188700766
250459336
121007345
66192497
205205115
101645930
257250574
76274151
246602446
158911828
75527229
183601907
136713723
79843906
50776940
32548365
95359635
8236752
181634976
200708373
60996572
105127240
111627262
156370867
240836721
216127217
158813175
66507117
202093307
133892374
77321115
136266401
93820124
243058401
121740358
239011637
75487937
236050298
17463916
56220205
210168757
242762170
93472519
17920197
33287260
151920605
49330740
224162199
185337169
65791648
150583837
53070084
210328934
83698888
26120425
131775307
53246655
254414053
44761138
232151505
111117945
175267188
107550107
28481849
142094914
11125261
73733462
49181089
63870524
87294688
48638590
186190822
52639595
256685686
213663742
121494695
28147654
162626743
37910553
253623473
138843596
234147224
36629936
248216937
138503596
212476990
92224662
26353053
68850850
221013586
41422322
9541521
98222259
102784120
29433207
64617799
48881789
178976387
240953331
103572129
170918771
123748847
268256955
106869891
210943774
233488079
15430494
242106229
154768361
196560874
222814397
3800732
33284989
115231505
49296183
257463416
100873132
176775579
63725769
156129623
239372736
20561555
204761451
217022878
173074351
152507371
67783483
253672589
177652867
201397875
251909936
234265165
98523542
60207371
246977883
99784956
69996349
42312962
207101988
64033001
245613115
4671153
23117166
125597662
78739010
246394402
85600601
170836398
162209972
205545348
150179081
71226204
28536462
130977730
39919247
268253786
201780269
132294530
194466147
128139473
185840777
17056730
263238114
137229073
107647250
179422716
76346740
126235052
96124572
197243278
241486843
135038244
18848199
129603919
62000696
160418050
32397908
164881591
27102884
113267231
18793047
199965857
147921835
75960788
29455307
240104466
177481245
29377909
132316831
218622570
105583692
111726025
52586051
258378422
208202363
230616865
261625610
49537724
28009524
153600647
145529916
47417892
35666883
95000262
216427136
226266098
53639054
267174907
43851221
56209865
223772494
78647247
127017324
157992129
9196412
3958715
153077799
315407
68127528
147346480
9636439
5280335
82693620
207562666
2890502
44332111
111934359
69996862
89703754
172755887
53880578
95788530
87013089
74655750
93069654
53567093
169600321
57804689
118348716
263527909
256478930
206793043
237646942
79355248
184228302
1140164
8916490
154840367
136938146
88301710
169151498
121500570
245233993
177408217
87336183
176978655
136904604
230877609
257180144
190907127
66817072
19904790
237982761
82936858
250649793
162786660
217125758
9765887
265753638
243655715
49912279
28970476
212451529
268129515
205009270
256783161
139613367
80801785
192337270
222817985
134446631
160948157
22140375
29887733
152237007
108193892
99890298
211822831
56028567
247619216
100597565
59038887
261265119
31104222
39074193
189777808
2490337
33974043
57968500
182857488
44835602
207401341
77075408
68148318
155677420
148239178
160438968
6894671
243976951
20554482
247117477
142182225
248639987
199018352
266501420
22247238
193016593
75658195
195895180
222325469
4499988
17331415
227632017
46601352
176056240
158764862
254138283
238778876
218418227
96711673
260532842
204422727
54506812
184521731
56153212
55243889
177794305
252433211
42993467
20559370
86874744
93920598
179605096
214273907
173472909
85192624
216906796
50312112
102541342
190000679
66598927
39310248
75360887
156161572
155024986
74102970
176545809
155449452
75580274
208575487
42832470
139416883
130024841
122171730
118037933
85477519
60471417
236739615
118124031
73723517
210515302
179729922
255874003
122951481
193470505
19569916
147316382
31696364
8548875
26965283
35806570
259467129
230692270
91771419
1206720
66084972
214285337
217588085
22578743
63209399
204570887
34266860
111298390
231812671
202436285
165398491
221252851
118452432
199544279
157803445
8880598
85429243
176069590
70199705
33081738
216036616
225609714
153317034
30497732
55134845
32882911
70973835
97457670
166331826
47681612
142505865
151593700
240449417
63279914
129973985
161745635
134399362
40764061
141516748
159921657
81872972
16511762
107828625
111192675
195005495
35503261
252753310
168277841
214836902
90939321
114483799
236951135
210245085
95869311
21676106
43585651
134510973
150159056
157728447
204166710
261170770
263283209
69009789
62922128
5677339
213969193
162826429
137396851
230373293
64539903
90257748
251966337
178991690
110876452
98702554
98309647
223275822
75414135
79489473
80956641
116974010
258695777
133823673
182993311
157255712
260358161
231788879
162386037
82837105
70168109
64560884
229397979
57688411
208981075
201689354
38196991
194861011
51317256
237388518
187058041
36624220
225123513
30684924
188111223
210615294
149497989
45729496
40030195
255484311
23272455
204977111
236124186
238395230
4225641
90655055
123321929
169673504
133763173
77183085
176864331
202765472
5563942
26697771
65628654
95537246
230131100
198731051
261068588
180816339
14505321
243615261
91571358
164506806
159648236
61020598
233289134
24153730
151513365
44872934
61074631
153426542
192629184
40104177
177557567
117724700
249602746
767880
199893312
260201484
123430505
199019871
132237590
110609517
50900772
188392897
1004827
152197512
46987423
111451656
264186817
69684283
223571494
171769858
252803900
14689108
106796567
42652626
70399276
96505626
85551315
96666160
130253517
131746162
175170250
267398773
88710262
156640791
122759712
187198727
86203070
253826231
93935216
78099640
64529728
244794751
9015972
265293409
21539164
264779836
32769971
220377642
124919798
26221533
127683416
125260146
92479258
35815546
128233095
17478700
108794328
204869091
183281776
207102031
42523676
118898417
245219497
142166509
3410133
210068977
146359197
107883119
72317896
127011444
149715732
110465317
195234067
27371731
175120751
152909173
71833444
212826270
71378322
91154480
144703623
79222866
170637844
128618104
80356176
66173952
1626741
259624482
160783050
71862909
33715738
214478767
65386642
212237740
226395441
162077097
185578613
50169399
58431911
261135447
10444628
159419734
7947198
24421467
112050918
198134882
176074502
109450834
73780570
173160401
198810099
45990707
139130052
159767974
94173732
225746915
110251969
80527883
242877266
247048046
114449607
256084936
67100517
16200066
34376219
78624884
117978528
221115048
151789807
180349562
242268089
16803772
268353930
100552115
210085272
188628330
243054465
82870604
119100914
132768318
265458662
89081232
267493707
254298047
165356275
255773569
107576409
187995604
217670833
114071866
54459758
106428544
177790645
180358838
154240280
172102205
229195079
41605846
114425652
236371536
205280266
195618759
219760941
113716354
183055045
50792507
222428423
117947560
191339756
125079051
9500490
124870569
94186027
84344960
12934609
138197264
254425876
61787632
85508277
118348966
157322196
42673726
172339161
80892307
65371095
12654532
150503855
121866844
251013395
45025557
3607862
228489093
1271823
133925697
135224286
19080484
243835406
25245822
191240400
259317579
80213831
121121789
142430740
136551726
109153390
157756180
201107966
104180494
76247951
257782086
163285737
170138484
251117917
102523831
67088947
241951272
94967870
117126855
216496605
110946737
231572034
196980281
107706950
50494358
63095094
258687447
80967839
246295066
135475580
134919460
26933787
84163326
203845484
40137020
211128227
240525094
55361935
40176203
134429904
93833155
19577484
47858803
88265892
225060387
235377647
83266377
38043746
202308739
59486850
50483091
207395507
66573881
206289930
143437532
49110000
229879606
63427499
161054007
207167453
161935172
112379055
41571429
97331842
108115069
226965757
258905469
159106183
107298551
85710969
27394668
245045722
30662425
7572359
249608443
50018722
183862699
10077170
250084705
118164171
206357575
20145583
44698549
46624986
74978593
102230737
79533395
93548397
141181118
260349061
214828052
178923122
75794831
113740673
200508305
183644577
91794009
170749018
31439927
252416073
235795481
48062714
113099219
219276144
165655315
194278976
19727638
95619398
83426570
264208013
68195217
68438605
178680817
162671835
176801951
234198199
104367239
231670448
184781510
194221746
245539704
159054600
11653992
160812356
226818429
136953142
184299
164534841
168378660
218452802
212128612
232485347
257828452
158853276
32157053
233683954
24707709
246140317
253519361
74056673
189906766
196060257
149012927
16705691
216628653
201886519
230077019
34455748
104709338
207362315
93700489
125536817
249836548
29822444
151383658
264629308
217959525
35809115
255079171
161612377
157730761
28569954
4407068
58217557
74640971
189572572
231322477
232559383
150723744
207011388
47578941
240055134
15031283
64806241
195270693
259557387
209672959
163012959
225837540
146812579
265295200
177842430
200432988
248253073
51547021
186461815
42361189
136774762
133773201
26085631
182600074
242939345
55289173
182170089
46148006
136426360
219771623
197654030
61715767
150780532
194598396
218906220
255740874
218758690
139498436
152844950
111886911
136545873
173209201
218803945
149049826
87458683
182986056
167348736
249063253
95732758
154697632
262864627
54484676
50981064
157889838
97037761
209747682
234025576
241842572
25841098
77340318
166336100
80618536
253928551
168451106
67128472
218191603
180160844
164067306
87367753
19966442
109670449
172167198
202974978
69997230
165446459
223039587
252217332
72591483
244387155
98086612
217034308
203260932
194621313
246708269
98195671
258094131
146996352
1258550
174494171
267386266
12187344
60256107
216771397
238280037
102436136
132398676
131165081
220681990
158772051
229643741
67780907
227134987
198738132
129604451
73972522
135458617
174929526
36694278
114528485
250493544
80810270
117932031
124483925
148323404
8750340
53328451
173746079
1660212
76883542
28894987
163135788
221837226
103349699
265212568
42918427
72782980
15610513
125933906
262364357
24029910
221903541
57558379
84004603
43420913
189526912
33964801
37175788
130809383
91895644
1013343
193098431
4375678
97291690
113414003
230186984
113375458
16593383
129595084
233890468
103619068
169327668
137817562
133183166
120887671
192580221
188234287
65505038
120026642
189395569
222556600
167853959
174633124
70067033
120413598
191001510
238669557
142167893
166608029
97215513
153613025
93911854
138809942
196478715
196028820
93419163
263739072
40601686
16774964
234820989
14927247
137889920
166276524
175596200
103489111
230141149
190459753
65759563
17134804
154641684
145022208
120229729
248736709
126963334
101255917
258193477
44702146
225037490
156283491
1314977
133583927
103093768
37802597
90590396
119309048
207421289
30274966
135147107
125286286
224628692
31158692
214043019
221157258
110150783
175706643
105065277
229061027
236328162
89766466
89003428
156502555
9807266
9697884
130130374
172198339
160937113
215780473
72376088
30091207
20784854
254333782
69121161
232182325
155242316
114225169
150109387
113957205
258700222
138267555
63849984
242510058
58087193
90710034
202275956
29805213
10862949
243151000
86977034
22872316
70256676
183620782
243482152
16309797
268281131
186186919
198614262
6233222
142226270
27105225
85828811
167343760
195571312
219852475
86053663
73316685
201595481
90370111
265179071
47342899
30678287
111496351
224809246
199933814
14980190
9964220
173608445
248475677
168513579
15142909
211690793
130454098
107772160
154273652
252058045
194574502
167114774
237629758
256935508
100121824
52581367
227528937
245023082
19533589
223460581
188588033
87958512
258616133
122044171
156199827
237191988
109285890
182987155
69993018
208587427
194728541
190128932
124845197
63147303
213439940
258019325
214825165
249651653
224871779
13012125
145890526
95284363
203239997
112761169
253382978
119271775
247075286
66928482
16712938
6173801
105991873
150184054
43462043
170640217
120954508
61005773
242687242
137815524
237632216
84939824
91902375
126779161
225474677
124602858
169490471
84381512
250016598
112237193
254370279
65670049
246227870
153080661
79735387
144138456
138883153
91610318
77140480
15320179
39790923
264602157
248619981
238789407
209563254
81866164
124238909
152471642
228222662
13358663
245170682
72033631
264222471
12269199
93129714
164427107
17248539
33447461
237946112
203948696
100055738
95776676
233891513
78935688
15703775
160864829
92093438
140180596
54338487
119238760
96597890
102091296
12118905
207292308
46424776
208109948
26805823
193766247
178614107
45031687
174374338
128519685
102216315
200935216
128816239
8725509
232158284
59885728
250071727
62689987
132742761
31732432
82099408
35789391
53598883
230999655
19356833
98655301
123390235
70420873
76649812
92844513
237734422
223986117
175080006
224978804
143391508
188782437
198562229
216704254
19893690
157433924
259536358
67165470
87072200
194372163
69366627
212975807
256063593
255399751
134307411
72739883
197137693
52129527
169699006
34412704
204692025
191761815
165124127
181365861
147724270
265914065
35828266
166581645
128685321
137133026
227821407
236725232
43268802
257491876
107151188
232380165
23936661
81562886
125543646
155547444
72001875
183226219
23649793
67784782
214454195
232981751
251721124
18800310
81658984
82743313
49392964
178887743
40472276
100014793
35449923
88761994
200436595
185834637
74656278
48694807
256111027
108718077
200256572
262071964
156394999
132681148
69951625
125320918
211132037
153240336
21706224
112994519
77293854
194347909
202287977
26661356
13482708
190869665
147186480
187883518
250530410
102218040
186307411
192071660
190021716
175704600
149169573
200975368
170331698
95773261
117128899
244003628
129394771
246515323
183901074
189641293
12818541
59379884
161574697
147591827
68529135
32400178
217104911
49036596
112711632
177978169
185514068
52769667
213506655
243856835
191033529
15537817
1617131
33518789
23702548
254232343
172787222
195305197
215719948
112440197
71029371
106423113
258683148
90686525
32425338
243963453
118963413
26429793
255857106
136009834
86991584
151484386
667995
90444555
154843723
62472673
224223676
29423033
135685214
208453072
87817683
205200573
68380508
196715821
204732646
51867999
242318463
73258201
197761830
205279149
211497739
92318153
190196021
10879977
33183889
244343337
2905409
169059558
112861349
233862910
98045771
939860
64112709
203609602
264820474
91870594
86840923
63045228
249592339
264390572
107477972
136017853
150621879
261005348
158261184
46962053
32351587
198444954
205431476
217575137
189621983
207123140
213466223
94128928
56219491
39051055
251466101
43448907
111605468
106541210
19734310
19487777
125187861
255597487
154303299
225231273
45091786
28513588
217947924
242720751
159289418
209924352
257883869
42559304
67513520
5498676
232085541
225401669
121805940
29189906
222639968
112941921
17991941
18001203
198787864
86695429
178678765
206367850
122007937
258035893
235798933
152028189
20777526
153014176
131583645
57195179
37673578
173713969
54202808
9445456
163320949
105584231
207659719
9349020
80852781
212458200
74560457
196937594
95017044
28362761
167118425
158018120
68665965
214723005
204549251
211806940
10906614
226390400
77973564
209842723
228005837
66623270
232651486
113601266
20425948
75666811
30374060
250931678
153876142
166041550
211970801
125891827
14159017
181860572
254690064
156451390
76293498
83492271
60226422
7266446
467915
81072968
9253671
60029961
119934651
257770065
101912974
51228936
74811576
240999910
31283125
148417454
28712208
80948969
12723121
103212562
243805756
74392922
77484862
205597623
25697709
255767041
212924160
164682655
80411903
61270048
176011036
193025524
107524859
208998956
30809815
52206395
262010818
3026480
45411983
23935356
76299153
120406462
97981204
163374976
125836345
254221874
218752769
182766888
228672094
235148100
89870308
165673569
7651026
173511117
118786891
110162201
74356805
264465136
80301417
125472577
175715985
250070550
46744922
180469163
67754308
178599439
224591296
190229570
82325484
249144558
133386555
215129514
121875671
155271358
235949001
1000848
47366019
264238808
118600003
93607753
15249869
184998315
218507740
166337169
185323635
222930194
201821081
59322078
257756849
105834137
1742261
96047839
488424
56728499
114088607
151866444
13580395
124291533
77191143
122525436
136212142
250325585
200571129
109288562
189748802
235225811
8648102
38123796
172919509
35639905
12032832
12035930
20233178
267257617
71375255
31823578
50364808
118692442
228179601
149877830
214408232
9125936
52576050
128960938
109464124
47196399
218489664
260141702
50286718
202330404
63255856
204330659
94233628
230710142
200106844
44207970
235042316
219132148
149224797
268327520
19624509
158874346
116907636
156745864
110170612
115371365
142715439
54793022
207556991
25042001
99592497
170531047
228782089
191003708
198460956
124478556
206589484
68856656
107111147
208593045
21544748
188871995
51900120
19489725
121814964
131324786
109947612
152823475
125279844
79252506
251754022
194614505
59722356
166793690
233121460
233945743
136199159
118590547
228152410
169270797
192068982
211134975
129482645
1213218
260426102
249921229
228172251
145905835
73801631
65966022
267265012
66712205
69608862
165685821
220444113
263121259
19232352
188757246
132037331
95173867
68190109
163220095
229905898
263457786
110668508
266511789
165393538
65752293
22905724
155865239
252955343
94235496
202792199
8999188
175951629
4593410
147174938
238139676
39889599
18938754
154808386
96302528
136129436
153103433
238534291
241850733
176113966
227432266
198553209
111369909
247062367
255131515
14421735
225745701
239916877
5429147
73161751
21355950
86275986
41434513
52695079
15322215
123317219
55620537
208683886
252698301
104759084
190927232
249490359
160084794
175913505
59220684
99475734
238379535
242001561
118402806
222020101
39976082
157085300
217845144
226802159
111869438
141298622
237706540
124470420
95295209
135744091
144175949
92162291
33805045
104790198
255398776
149411243
185601287
184594636
197476279
41504322
254843395
248140712
134193052
57613133
86531709
228354398
243935635
127744299
19445080
183065652
155009870
202066462
232205680
205455385
254096462
44630448
233581381
82486259
216915004
76039467
256375968
147040624
70099036
180594538
243947534
112667435
157163439
15103205
181317624
51029834
77379172
224896568
141371391
118225062
260794702
205067890
49077419
153461915
145302414
22884591
230303127
241485758
164231955
238042361
262208959
267005622
185233528
229874581
102311712
227920694
169107722
210997834
197237666
230350120
203831406
204904511
257418526
4992738
92856577
34755513
189260130
236966393
170833850
137685477
78479056
266304830
107650747
198104584
17212477
223550817
161595690
175357698
85017593
267012082
85058280
38791479
42270091
250230854
1667303
197194519
40411021
244663170
58138971
184716614
41357632
52859389
260902085
141605465
84931161
134407920
192924318
95433175
17934972
221691690
193523243
161327839
165707817
21819532
127134548
27080028
69026232
126451045
119941915
24593424
251390338
90644960
199714037
168076835
138637452
79015410
257966743
191558644
29888277
168325977
93947351
6966578
170873626
254885089
266119333
64068954
28604872
144476958
213331861
189437584
58903102
83371301
187920945
236922655
26285329
67855697
245269813
100705870
216631707
234407873
232288523
118384579
73831559
5012295
228835669
79875749
211333661
264721821
200872326
102676789
257767284
121243014
58710235
35153708
118902978
176644690
242005628
238150416
228099129
67507258
76472154
11933243
118579554
209219842
82938511
72803426
25735744
146562221
48901767
191654048
139438200
29769851
39602160
15198377
52170177
165062369
36334772
133444400
215781344
58054105
9701429
5498767
264264250
188802399
137500293
119179092
22678421
33089450
235145479
25930590
166897064
10295000
19068576
214582572
228800172
177142361
64023073
9842929
169825337
262340799
153404370
236080252
33639442
191347474
181155434
75268724
72170717
97768120
157050068
234996210
98301593
226064668
184134513
95379672
109142366
233732792
134577014
225370342
94166182
34968633
71912597
201725861
222546672
54945713
77535457
97748788
44757015
66162258
8995375
17761957
144399410
237828222
219157500
126401483
99670369
65573690
144421373
214886410
163168396
84473978
65266914
131755568
126019816
72810868
36386402
138262949
263474528
184280932
154171166
170405691
181823614
13157033
206208501
147221541
167649531
259304259
240625054
5652938
36538204
136400338
141461503
11163039
197253744
130365418
235126143
59003455
218210938
65665926
257974562
31069203
134549630
105301708
101591969
54847426
126031556
224183848
27866083
255139477
112916385
69622830
79522489
53244382
195764616
231880433
28208952
58898265
218461705
23720597
112686630
178689596
128838060
259026291
86319075
110264146
222458412
42427978
167518900
171090112
240685860
193711361
147734147
104607557
85191231
263361912
262668088
243514814
70075503
65691835
203209100
180495601
183461515
252077176
66248007
186364962
110031300
77298706
135739029
141049460
190439589
70626583
142468993
87947496
215112688
147050357
229653278
238135020
24213546
247971001
256103622
144918854
118079850
164776326
267032253
250937641
150960972
119720944
155365379
13889262
7733918
156466326
53014857
178384342
75811035
199380348
161495959
12060280
172471154
236377044
131396033
268144328
90950199
235708021
47500518
37548860
125432825
206439498
104348795
131495101
41912812
90140540
3745660
232461046
267808395
264586027
129855105
136524824
210498528
54321839
53355457
72932570
89171934
169819618
43821299
229051088
251483298
227429297
255079265
165923775
231359696
146183231
238044433
231316624
259918920
150239607
167031703
109928254
15940896
122419168
74171281
26244919
134465203
167669700
24323277
161316341
112130370
65399993
96316127
224275771
216785010
2566213
243478965
17456907
68817422
57254341
150458042
219565927
135947108
47306141
50899595
200234248
66160870
79830321
124197465
209110950
38297341
123531663
261922505
5683877
16556665
19786326
35346587
82770929
156149972
142002549
236425760
181876177
62121528
206492575
69203956
20497083
169093889
128878359
88555105
84020614
216961723
132768446
241506618
174254360
118071907
245649253
231074925
171109828
190776215
127547503
237346116
189567484
166752860
158668070
58048894
206953839
102887429
71904955
96808887
89710167
176061382
168517732
92288662
163099129
104107481
213352031
212678111
97923289
44216306
178064577
230344647
212073310
125270768
220185368
146222595
150474194
260803124
74951798
560184
30291481
101314625
194643897
43686760
155774231
15760164
39137870
9752697
191971079
167923529
150869845
17016081
80970197
31745688
129317583
238744105
19620645
150352403
26986524
60756817
178167195
213295467
55195327
112210613
173531504
145007543
140902165
79485136
233595499
250432500
262457523
140648221
130263931
160202394
259000120
165131937
94901125
221459737
17211139
76740085
45000236
234364570
118090314
263767201
17400191
35604790
86476969
130265846
176779673
233729559
42838614
10266771
204975204
181482476
176463932
6893207
11603982
5590241
230089097
61745382
231531806
248739598
120263381
16457619
182761440
23690272
137237740
116111886
183620058
22938192
31878469
159892765
109655335
150346246
169327528
38123240
117894559
27748717
243033626
30793142
90201266
119193654
1513244
90493320
24001242
118198383
134932951
29553697
21747455
160992734
250670834
252635810
69077855
107638547
103338475
215297401
228162992
158942755
122900691
259309128
135068088
94133642
238631759
264484316
66465476
85859174
103829071
207265400
30131439
60422488
224559233
233483099
241188079
152115066
116397029
151685751
210112278
229400127
265594539
172753311
158884522
197320666
6463961
132439555
23947533
21033649
42542711
77742482
68032625
118906819
184558902
82640379
229858192
140519345
188890385
153563540
133070020
176417489
244456437
48278313
123544316
116397151
162260584
167633532
246794253
151324186
261761828
76755317
264604216
11433633
230659517
239226162
254260897
181268727
103787696
110692634
266213795
244920877
50407511
185249920
27510592
102754661
204274082
64884165
69900623
12711362
170872218
82163368
120250760
260898565
21664770
118227214
109845535
82393506
94373004
262935446
114761938
155538130
176287431
95635914
210230067
170679599
99597397
245312916
81736903
84698691
226611874
67112276
60287981
165776649
194637027
214689125
104431077
153925415
47449939
206317174
196036587
253741835
69799306
225359575
219909671
245827272
93037504
6859750
150608209
168797183
44926962
90878525
128676762
154246442
9424995
129502692
180115999
211664158
5772488
146876690
247734919
201728408
69030739
189844063
225617125
30102307
171100689
50955494
187596804
99369658
42040692
225555792
222947128
230969343
56805391
213059914
232278114
166398361
110011461
78416101
194482513
42169346
90014324
16505936
268162261
13379182
72196957
98882808
241168381
234521969
41278569
87960935
236101433
75806884
90292191
8180302
43673595
238218254
70844034
204529900
68852988
836557
218789464
46987726
136821382
246563417
11522556
167831168
44729752
15513428
119646955
66862992
27505261
35721322
214912773
156493736
105029488
258925460
127810865
174959022
167731392
32079544
104125808
135507327
219697334
208115110
93192312
256879427
72334617
75688250
172269727
63951060
105645691
16074474
85642338
122852133
71481246
13499489
123125136
106071441
67336085
210681511
44937591
185038431
112729341
104727743
58873909
99530615
111063321
78268393
264382142
77821527
249270944
268111191
160285759
190401354
205964743
11131498
129462842
18778173
129629263
235740230
22275093
41101610
111491717
190270739
39817499
4681539
182583916
218911474
124515133
85922481
126748381
117298650
171559232
175393792
126682788
46813772
157499344
90507684
165072302
211259098
92830476
209625529
201988765
231656583
259046737
112384263
63656778
130784677
154400996
49291087
69600230
25692142
35097327
118775648
139401595
89042768
193693948
247456302
109888563
3333822
239149075
132176486
191300961
139100179
97536546
34784767
58355914
35069303
202094610
54719002
76253841
108132698
67598460
23956480
79316892
119886000
192533490
188060801
162405312
5246916
92594851
86631459
88517221
143008605
86411467
51413650
106888715
190939819
136222995
108111376
225005571
83842582
218084940
237404254
177944764
24291548
215241043
263139505
28740569
43797370
187879033
201500033
154546387
72412902
253099155
69203473
259160521
98799770
25059452
203633605
56951788
102359052
161317120
256896955
219730774
254927607
153599324
76717022
264158064
10354730
91466343
204696236
87599112
242417682
219232511
172878743
231255234
89983264
183669062
19120075
134453907
202533684
61053176
94546666
118028339
74854409
247291828
61197639
149963867
58258976
77452790
178251284
8984103
83194679
46329441
61152129
42551920
207306852
61833507
69017446
245316970
18082336
144582650
107680001
50284478
179439928
44717712
213722281
49281874
93012291
113801658
167838954
145105949
227683085
247896200
136184315
219878758
211435174
124020684
111955036
228586394
63701381
204691942
267975491
156403823
39775873
21971266
23174596
195644304
126338512
195240692
79286970
189918163
171387938
155202602
12393497
45645114
146337560
235336035
45376496
205162557
167234231
260063413
82708719
73725175
92679004
171844613
130534918
116081271
2671153
164679219
160970084
115526442
183984842
159494330
11816691
24995783
162458261
110690205
5748684
118157457
377863
252895505
153887793
255034822
140860705
91765018
196947543
57010385
41712253
153416218
236286689
58629314
215867223
109869393
221808146
140730869
150856263
59369901
65135985
173128666
246238548
134906240
21414621
120928806
30884629
59816797
133565275
143186037
242292302
160430318
33154020
108210545
158609331
222437785
46337827
201352027
247890156
179834269
165457013
234084549
106893250
16123188
185564873
188018055
207878184
52464980
79861886
34442845
47236772
152341066
211298480
109354786
5704824
195342856
67142906
212059497
223774164
48537906
91439584
41009009
239522589
144964849
107704896
9951380
185543695
64021956
142886018
224411990
173359742
69634194
161839753
121154191
123280402
91989397
51895732
241632113
141842533
127928795
195403796
53228364
255182480
79592900
262951391
21763446
92211020
99094498
211410515
94486563
225139952
187045916
15908349
94397284
133158017
115280730
186144972
68368681
265399786
132266021
132618896
13169732
253031914
87151990
251341672
263092540
33148261
77653448
146032831
22401995
25542583
149560604
125176885
253321285
21264377
20730844
161311570
241079991
90596388
231025383
79996818
95504585
10366991
196591984
31506954
152157677
142145288
190051913
84171259
76383284
136261414
50479729
28873625
135030991
114807961
87843244
123417785
264710052
52253762
203044728
268166313
245567325
181367750
152458904
240869673
176906591
86973173
205232101
54980211
260973390
82458452
41592333
239833190
145805110
207866553
43734721
216619017
31522289
205755659
246911509
127705613
222128694
165372649
143381777
187649822
210577619
180812669
37869920
185003150
266156813
4349840
39126192
54975184
31458251
253220206
93832051
155247856
196185660
237050496
164082245
147488300
120417448
170593444
80721501
37787138
140582947
193291053
163294527
68652694
62912517
20708759
245705320
63133497
7289907
246156422
121145421
2736099
193607108
197640704
121977685
110598787
48167288
56593414
229212854
172830755
41653532
157456253
189748145
35397801
131679356
124544691
45962292
192663743
212163366
67859036
114375855
101940260
76158211
12246582
151980609
79392644
61525755
138748522
29795115
113596101
88662693
3554659
475970
265468489
174916446
152486573
60917699
91320293
215811273
142298939
31174028
126630431
237295722
59827536
30670050
192078373
226083571
249766008
173352105
117182854
206936849
225906853
164813233
23119297
119896423
11146864
119103423
65786798
103309595
234630018
151468018
147582370
196323522
190036265
200374848
154264896
261292924
131150358
79341414
86455815
266026169
54601841
259486686
126601463
43927094
86087033
30545571
14123449
88081309
85894108
77211139
197986808
183010357
206279232
233551917
82965007
227396836
265095297
56830939
177774271
176341603
56492080
70357967
7076099
161086988
208282071
256331757
149629391
113158279
13584012
63849194
180539232
16867182
37131284
164412418
258511073
53426549
134999696
205766822
159424542
15121544
65380032
231563195
124698585
197092955
88756462
135849776
43185811
43246097
168178666
232260938
159310776
263008079
232704539
174519114
9541629
196035674
83978667
161821314
264713751
198213321
92778159
69736910
118137421
173952649
192741006
3169264
144111628
237973049
15847048
59250651
88292016
209249836
236934454
2168254
16679392
163573712
128566451
119959588
235879817
19653956
53928683
210733853
85561953
255840960
259001050
153731508
96749256
69965393
263432170
247964218
245975534
187113799
118124165
44860720
111733625
86711802
31332269
238140106
38742294
119134902
59534298
260201309
236611063
147642981
50635961
102881793
131311533
227768508
133907399
52453587
246035635
100238585
133239295
32374207
219012421
12548445
66799224
207790692
220519982
259830158
254127503
47588468
26845211
226142053
161626550
22923309
259516411
230988088
88446381
89134400
8181920
178044081
202600256
86164119
266403281
185010328
88561709
101260313
188312184
259747077
33066129
244779295
192650357
156153207
28844078
238089159
243239627
177918081
12878623
67040060
155892993
221224930
145583871
11496984
150359893
80218566
267619403
104785361
95745575
1444694
28349306
264285379
167612299
225044130
73257701
211785129
166189440
133779201
255270583
202917606
49516004
7272347
163891471
133830708
159786036
60766660
93654177
158363199
255940476
203457978
200625635
27242937
260866223
72127391
176604254
68675608
219927510
35779296
154858741
234020427
68463788
167844200
237900303
195072370
58516451
77335935
85425829
47849910
77008940
227202117
56323330
193408434
185259126
75010852
227082261
190573076
120625278
174904254
266964705
31587284
224612195
71859122
199827706
21440946
260057582
170284580
216773397
263674644
47156334
88518353
37454762
70275027
102732211
84757925
55857789
189887112
48013295
70779800
197003109
47716564
109699348
86470668
189853008
221620398
34945802
148514436
81728277
215122108
59910423
230028185
150718445
157512337
16998565
196416092
27077710
114496912
138935898
213651341
194201626
66331988
126857217
18263685
28868740
254619421
4634721
73605449
89373420
182306590
39953242
70375097
129333555
109727825
198827629
20215581
212711019
135048302
213170605
21829868
254577524
148241650
60223798
60214906
106651004
107659163
186868404
164441167
10962013
89837609
245349654
145134045
219593276
268039367
31071362
15830750
214842686
257029750
258687288
679505
98290133
93392135
222234952
219256832
33144799
18408432
216819791
248069252
112003440
189804458
130567314
90931667
267648337
219277568
36391037
159431582
122839185
46446427
55682626
34760173
85199345
18179376
28405136
245646186
166575408
147678448
234475433
15887517
84144161
12572083
227467799
200946836
161658066
203512237
146556210
144784798
100161267
163298639
222583231
165271291
16257540
115751769
151307000
63789028
42948407
177864897
219691104
151414160
228029485
224711145
63826720
178697192
30178581
140157959
244100643
64824175
245730836
193099445
95334108
252621072
218513136
111373805
155276402
230124612
136974968
24547797
250779753
36567999
73116161
243817069
174745647
9190035
185620482
16991438
48784623
97298177
50201593
102386011
186221045
24230307
83747652
212451391
169316931
219743057
175877925
160460405
132723939
218484591
83220659
70140591
67321820
78983933
72838934
4341556
139846700
48943984
203360120
256685836
261902278
55607699
219277455
6976218
34152965
205750857
171090321
186709723
65331925
130120638
71451689
157584023
145861752
203670961
94043177
62732522
215676214
163770305
32994196
232018265
196847197
23651320
94215326
161054662
161621486
105699320
203537025
216364932
183826479
243136448
185218696
149538653
224016635
154206483
90425045
174417295
109241341
58345738
209691206
225014133
6237572
89578319
134982698
160727797
148636939
66981334
100506583
60653908
135184154
157171050
242028283
47376906
92575394
92779397
247581126
15019762
110023893
26388952
202742580
231733372
225372058
16152296
127204888
16209309
160608980
101081541
160909229
33547625
12384951
175643696
99113354
101925953
214603531
158081553
99939125
115791435
78880661
99621642
206106370
131769663
157790524
161824227
37153357
47948726
117859603
225889494
170122740
82272182
188177189
130661401
29942408
221128444
190611544
223594307
178663494
163509946
26246018
11698307
106165717
85662158
246068175
119245140
241036383
3184303
146121348
12228326
239962753
222588421
124732723
153058535
84403254
65816341
115741484
174041678
119381320
148406769
147720207
227278766
112614139
122770521
163100918
211567148
96853459
145855418
142830032
175205536
97826400
90202466
45152788
198103464
217051445
214784683
26390230
242829889
91071570
57166324
30674068
6018305
22235135
124222287
214872881
131704968
214854408
254683045
155328264
263723992
5030245
249202059
102305931
59348203
144755550
104781207
184628222
40790125
170885934
88220470
259924340
28337883
63202629
159294221
133875933
242247535
192502117
34927617
5083006
24082448
222439749
92930968
18465889
26488584
30677771
259008552
148115538
170085221
208076101
96756988
50865913
137227935
216046345
161702824
120739121
74107131
24739232
143701602
203257490
164231778
67119381
146629979
132309525
99380589
208219506
158216840
253652234
157582156
40001704
233784617
124640514
82548217
81937238
174664444
186763825
54455861
103338146
27251823
115665901
222086451
198854603
209568497
130560539
97226086
84452611
258822525
211228592
40425282
249899679
253933325
267919441
239625573
266789546
238691695
249413329
32902419
91474197
168341878
163251734
165999374
182301833
157105136
121792317
84836753
266156203
143811109
34561005
158417038
54184856
226638740
131076353
86344003
162764553
99975273
217066293
48637795
15005247
154340570
192589928
193335363
211733342
95976309
101987671
