1005702538
875889395
921497188
937681772
1036229449
974138127
926594401
894786632
987367594
894098555
855093028
916962745
834566943
882801906
898031254
1026912896
858811234
1066680132
852665982
866031618
856674732
956865090
817676197
898095503
945398229
828618685
884275681
851299680
1012790404
930103301
956261459
914103498
864123547
1004326365
867566263
1041763551
971935389
971068069
869594490
819476118
819975739
1003138230
903894130
1052286625
905340150
822640412
819977699
1058098827
810047366
952689084
836308945
910241204
894868395
859207187
1058478943
808538760
837244817
846034120
874943961
839828499
870193613
968755534
1028087560
863808671
1036059002
1018699787
1055292969
944567014
989360554
849361983
866336835
958718895
926227149
870071681
972691811
899396601
951037593
904853028
860713871
922307094
817282337
1030233596
917330622
820584373
1066644617
1040127794
1033466113
985044683
1024759322
926224468
968216089
924843983
957859404
1012976435
901403180
937582413
944691291
1006269628
922517328
965896367
827304043
1041318847
960722328
1024552629
855860682
999376155
842836271
828632821
1008803328
844415992
1059071034
853720875
876583949
819329526
883233515
893942753
962383789
943702839
987168412
1031462785
882901207
1050519015
1042234358
853306210
1047991590
876721772
1002256365
834016420
863260120
988974561
894166799
957441055
823747096
982964424
878093554
993428262
1020405710
853966657
1024767953
1015328212
892994283
837524254
1024142833
813455618
974079904
824559398
982166026
1021186252
944593476
984554210
817473387
822001502
1018328850
893846884
975090776
1045811355
958064049
944070222
849247919
1029650423
1000933487
894466109
969874536
876767801
882328274
890581788
906619678
1055042738
850709245
864582341
806211657
1064567374
885733322
864407953
881372762
901929738
979935680
912385235
972266815
1005847429
949287526
1059101912
820940834
848619897
907018925
1058522208
1018096856
1020274354
980521768
1035443529
885806886
865845329
1018409382
952821919
898378994
823153067
1004459407
947437545
851526192
1000593790
1013433441
998441731
943229051
1067508051
975857891
882294020
850476519
995469413
947911547
840005972
976005116
999448579
1068372907
879947537
947190958
844509719
998163315
888959800
1054175677
1061653191
1002416872
894557362
929926645
818492778
872842579
1058110295
847321426
1052660202
952056257
916254292
1035231796
944146269
954157786
877701475
894513728
925989743
905249738
974237039
825669455
913584147
920255336
839128379
1039876877
832442217
1070491507
890100015
1043882427
995444547
817615759
911688755
1017815339
898930317
925321393
1013980632
811293390
857062251
884207784
914791208
808105733
991500818
1019072407
1054855517
916590443
961832632
981057272
936235415
856158362
1064062866
1004582843
807564128
986601846
1067230735
927506510
832607474
1064146859
959874246
956724716
829310635
1063814069
1030577148
967163198
869594167
1058798487
1049076264
1037407004
984531700
972120989
838815884
915501814
873655471
894923432
985293356
998966235
964537413
1004905050
997282320
1033830256
925461739
1046742138
830410474
895087382
895566130
892249805
830683389
883844573
1065566634
870322059
969530784
955257615
955754953
859445658
1008091591
818908565
820202519
920809231
824880937
812436534
845471915
1008310691
1055370381
989881105
848777819
867605419
950543060
890037988
946373552
885879975
818080351
991073017
981993149
810269058
908665542
877496739
916988087
873640572
1004557596
971698803
1012594820
1064757458
864700709
1057471934
1003764408
1055632119
1061223548
1063490763
882569779
839340782
1049995589
883013696
857140040
869136177
1062691892
821037452
1056434154
989725788
939231387
982313862
889046161
995939401
840421350
843622563
894583679
943054500
1030246791
1005845562
824538448
825049432
995747988
992873246
811522915
978546254
866746891
1004000608
886533921
923651973
948525920
940394270
974838676
1035819390
963706355
1047713058
809490868
859434380
889833580
908406857
936770019
858420451
841797324
921052216
1016235521
966797607
1048050590
995044129
864030944
976920795
963280493
914443042
927993772
882509795
965415824
914497830
875020153
880119664
890564291
1042031069
864589592
826098251
979725607
840815646
974411280
927388428
963136803
821652293
855581740
931665005
992241920
1068891290
940085663
925294141
944896644
1020549586
1021820416
890482842
966772107
993436315
979315563
990595478
837563680
858401715
986221465
906509967
999304357
984212986
976043406
1010577972
1045389753
888443064
945557919
893531215
918368858
1032151949
1041790226
834739587
1054862307
933857259
1045552237
1006373976
928276422
872701029
850790912
1022141928
906954504
969814850
881686828
886083264
951198957
922105615
976386803
916225029
1016298370
817211717
1049035418
843958995
895179477
1058724578
898324009
1028048959
888921700
811540294
884208813
991246509
1008149756
949544912
932736211
1028899877
1008643671
944636521
916683124
902411009
1033783436
866684878
1009426571
997253709
995251706
945631517
870347817
912013223
823048386
1049641087
904287672
1044899544
897821219
919147161
858471850
835373847
1022770503
867124808
868258711
975016286
834323303
949754571
1034031534
962638802
913991721
1031802096
1006537117
981179698
920231152
925174064
950408236
907069916
1061602162
929861344
905854275
1014518439
1006727228
976525628
982343737
888856712
835276977
967621761
890577588
949285027
863764314
1038729528
848396178
1055316979
1035420023
969953283
1068781428
884444075
1068656797
902853526
887842686
819773285
934605009
961583992
1006321355
854601300
1005920626
880654046
1000575876
809315261
891703421
937369180
812340069
995486911
958754704
866965853
860925635
908410151
901381735
1045206713
1053038611
926133363
833823485
992634706
900710299
903583206
967932607
980496999
1046295297
905035149
1072183920
1020247082
971344862
933871368
936147656
901008039
822153226
982871775
990887949
1068567548
1038644430
908146176
1005825188
887706080
888404797
1065192940
920128585
811828727
1018176933
953885214
887502016
996396729
1006678633
1061522612
977099632
928736334
903470267
1070016020
921763929
923483861
1047922085
920698853
1063144852
847184092
813679749
910422435
987804205
884243095
934555219
1043541020
871188601
1029401049
884737054
970556646
997086970
911621989
848602202
892211871
1015733600
839122710
810952491
872096004
894751412
1049998612
913825443
898593503
861964000
841476073
981937357
848666207
884099581
844888369
841014133
833429944
913896716
1010114970
1035552163
839217768
913781290
1009382428
978115933
832558527
820399468
981487194
805471213
812551494
1045850653
909119885
1029925030
1023675301
963281325
959534793
845677039
905717274
976987615
971932620
952353579
1049837221
1004906194
972220045
1036202606
1014846699
852978387
1022845110
874056366
900047608
1058672257
939648725
1064650512
882818382
819065075
1014199427
846575399
1018939435
1050882063
1023509110
974570040
1063071636
909929089
822179673
1039782764
1020909473
927407223
1055256021
1035198902
978393590
919240942
843911370
985150227
899201370
853383556
810616818
856938068
818820945
933717231
854107573
913899543
948479064
935045314
1055454603
1059662733
841400222
977995169
882462547
1033426080
833148479
1002534017
1062332639
1036534417
825842794
1042649512
908953283
1010282114
1070326426
830342563
872649960
971886904
874025759
1062884678
878496829
806830445
891447796
984153170
850257144
853239423
1024698848
998635430
858472295
945106940
928234818
1021261401
992196235
1066971882
830793446
941291704
940430991
815216398
1003448813
849277124
1040060945
1030173507
993024868
861010466
949759671
1023046786
886276056
920022954
888063099
814356420
815511586
907764457
1000982126
1056505950
975275579
1028577005
1061805571
862750551
954919311
842782885
811247306
863733687
1044349173
869265941
972442523
950669913
913193963
999353238
993349606
919375777
895474397
843663903
935736087
882692748
813463457
891792614
1069485251
959106386
926674927
1025611223
1039697407
963505211
1020536144
989670787
879153940
912031052
909698871
995344342
926682145
1031293761
927875684
1001704156
865465863
1053954664
999605320
905048946
906866665
1062929338
858092318
905983879
813060996
887971538
1058132648
939472841
1002972122
808535893
1053747329
1029765973
1032086720
961363600
848140409
879084723
837394924
824212487
970202826
856851541
995581793
812788276
1050718003
916115390
948382769
893373080
1059123869
983184665
839338521
1009369337
1047375590
844788004
861632378
898794191
988777689
917137812
887438075
927018552
998388989
831384718
948377077
904578496
852420700
902699201
1052811743
874960639
932663465
1013582482
981505259
908275693
1023089704
1067387529
933947662
1012904541
968455999
988306597
904951050
947119526
807935883
963246165
962933608
874419616
954424805
1021162773
1026064918
1028312700
883378901
1042185430
838339531
990018192
938591807
836278887
827211346
1018341300
824822337
863456672
829932308
962938882
970400576
856465553
1002948364
810063831
819703059
963848101
818624268
821679447
1071946390
1008688042
811070056
964428955
863462797
828933713
931958501
805701413
975392358
938401655
961371365
836460618
854914091
916376721
990075054
941523101
925632309
1015202859
821904332
931510270
950777189
1035536092
1033029836
949978087
823939416
939677933
998708965
842368452
1032823785
891526320
1030474685
1026678821
903290739
1060214446
945558228
953577784
891401783
847149896
932078175
1056253345
910121518
984167149
981108471
965997550
832820894
855582422
1068636368
927901408
890556788
861447260
857990549
1043335620
848728402
902178793
1064878005
1024787629
1065398389
980395365
991547602
852566933
1061552167
888170523
899836369
852630014
959796575
871832356
934044101
1050393506
821715376
980293980
825092190
1029202226
939523768
1030906812
1043892346
828391120
995087835
886976398
960697321
846632920
1066742652
945257200
1055626056
841053067
889270958
952680719
878214398
1029346794
932513659
859719762
864727327
892204589
944400049
860572695
823198067
1011193087
894106579
1045757370
994149321
1037270698
817055953
806009771
809293704
885410507
833318702
1048856984
997110586
1013205788
1023561966
1026962651
870418338
1048838983
812397358
963852459
937723691
898076049
852846276
942306483
919457806
942864380
823631417
1008717802
984275334
970217717
1069302462
889369065
934058563
940106932
897031116
898638693
891170553
938954495
911227098
1061679187
922707207
975471692
892349417
996830703
846237200
1042939470
822725243
819245523
963977987
1031968457
897077706
1031028432
999927337
855821374
839182025
816301921
845858143
872477054
1040683607
950382109
808303467
1015667260
840046382
1063483592
941185146
841868064
974536310
1010656897
811983785
941339167
1055011568
819230355
969068684
986123013
966753471
930384926
1027411048
944955064
805318432
837790251
880713271
806673069
967701250
1030936461
973982514
813088529
877125880
882921087
859499271
832052114
995674145
1066734127
813797790
847492121
888204156
881090165
898266535
891795553
867943682
1034745952
835468850
917113883
859862160
924195704
975563997
962227590
876359310
873589902
914490141
890942208
981657502
844519722
999071919
821112468
916166259
1056356863
1072860077
815526990
1069646161
883873806
927539912
833320656
1006905580
880751098
1060601330
916120749
874534469
1004743506
965010936
939020053
816547387
989543217
814810686
1027887795
944054243
865504872
858479724
809514471
1071764706
1057531780
1041560963
966103298
1057510047
1038884983
810959632
980515678
958194734
1038217801
905787807
969256521
1020612641
864963957
821239241
1062124196
932809493
918976985
1047787772
994443652
987322009
964551643
996612211
855883040
1057263046
990622721
893011756
836987276
881579928
927543693
812205525
846867905
974439191
942289492
967749284
1043427469
1056878025
873773903
841260202
970758844
955100137
912608313
951094069
828301902
848702521
1073294617
815495872
904760014
914567126
925850800
990372646
952122347
988409388
880396107
1007767897
824313741
856859560
827417373
964838719
1054310605
972559371
909161371
948498763
1014718936
1063846680
923067824
896874081
1018871205
1041287817
1064508321
822642966
1041627611
1013432786
939633751
838779115
859960733
1066778092
813216872
878393337
889982661
994177166
890453342
856139852
1021754680
1070301974
1001586180
881959986
1044847877
901298012
1025859646
880416501
984253316
926858313
993037631
1015678212
1008543467
939225260
883764505
827546376
851486294
930201412
850040551
881204398
1026924529
942032014
987370596
1017078163
1015840881
1039318832
995879450
890345351
1003237842
999918172
825613112
968457639
1023310815
862091947
896570623
977919917
1007606943
943481548
1014391572
965959957
1013688943
852800207
1072148058
817336404
944032535
894552611
1055577183
996311950
1037027818
900355607
847794735
936824466
868239821
928696330
948744737
936391349
1033118183
1064902202
950968836
881598946
895703393
1049984322
966042628
860796031
861260128
1051293760
907159633
882626374
990086156
912846018
1022572444
828503833
905023953
1019122485
914236026
990196243
960119705
977989165
837307636
868623660
1039380258
864041505
1003771014
855675729
961043475
833498528
898202573
992533586
954829333
974861201
1025258965
917621385
916799739
972356726
1005098975
1006295033
911898918
837218888
846906007
822579002
1042587493
961205645
938300727
827032987
898223297
886423803
940823296
907262741
835054142
978303168
935532908
1012854896
999662006
876305249
990919088
976600676
897312775
990037673
1028125384
862425186
894912251
806581709
848516861
1036221941
917263701
939575185
1046401618
852814833
954882589
906611118
808166334
912046860
896723868
1053097941
867422281
1062368932
838250891
891697218
1070408937
999392642
854564003
968181432
898814366
849543523
922890049
954951382
917178204
981276956
1040091988
810214908
866847850
929918113
1003707571
877548858
1033030549
999619083
1053400860
830330741
897695668
876365423
918645695
828324707
836511843
886771803
928029303
953778453
978345885
1056896870
915227906
948357155
1010294405
830393242
1056561446
881863608
1053762487
879497341
1012023367
967775062
945605793
938188469
904587613
1053247799
910124070
992841162
1016215747
1057848883
949987677
972863489
1032620837
1032160637
916411756
840471202
963210666
1053482979
819377354
855080506
912850978
930091472
939904806
1043650580
1043926480
955496466
1062633107
1060715244
911443472
866740964
1053538039
1034466325
828629211
900898333
925341339
1016270158
1021765392
965692304
980094455
858739907
943708073
942310976
1032703192
866429457
823826267
904030341
995617958
865148418
1041690725
882748967
813361907
973569608
949116219
972460471
993745078
978312131
1020838989
999940311
999135732
997535896
941995986
1045787729
956738086
879562513
885706442
1045396622
826280698
836636759
830506588
915986215
1034466698
862829015
892942955
1019641474
920209457
808448758
964144061
981643272
944796336
834867953
887618343
1073196970
820028442
1047906071
940100046
1039891612
816664796
893905414
914294589
906620185
831442015
978692265
1060539324
975006325
850182894
852750721
1050066791
963471282
1060299484
891665895
991210876
832332733
942780058
923072330
1055072865
829763026
896193044
1019190162
831359077
1002108037
1054592966
1016682364
1031442839
1037411158
880958120
908494318
810153026
928055218
902217653
936591817
985452761
917010904
842331080
998455886
909973388
900795624
946057916
1007795533
886706680
805379259
855708765
827009869
1015703956
990993391
849403916
925693304
817495255
824853367
1051557735
1007503307
896128387
1005970983
991727757
947446756
1016812682
870722050
807614446
829945817
874991658
1030289582
917893399
888758388
843107081
987654783
990547771
926758373
895060558
887858874
982164614
909538003
935025545
943833249
899494888
1025323910
867865079
990730613
908587283
860849029
808820874
945653401
1067187076
837735764
1073607119
1023112553
1030258827
1063061636
973043340
834474091
1016972639
1028761656
836731490
877470052
1010199525
893275774
1047354765
1025143562
913321566
998181578
890660113
820294179
948327178
905270281
1013774767
1066402486
827757537
1046868160
1041705934
921358579
833358526
891917820
821682182
1014398533
875946737
1069422529
829179474
856098278
852360480
941293147
955644162
837125198
1004747293
1037587435
1029161679
931506840
824426470
878395315
1049846734
992107198
1041959129
990940210
957227579
1071113702
826861801
969000379
807519430
892759272
998321108
899982247
993920053
923712514
1048300898
877176962
931480663
841247111
814090574
905272871
889052759
1064972944
1037587933
1021378840
943586885
878014225
1005175481
1004519030
849214932
930720558
849343490
896935781
1004535254
962301302
1043162557
964822560
883664656
876746890
975707389
849254828
1018767413
814920780
1068811329
875728591
824069684
856228853
919372358
942611527
1070006662
807051397
1056085835
896973719
903643742
1012152664
855654887
837532078
879812440
824044997
1009708270
1046618239
821579950
884133900
897931894
834314273
1033175639
1023597234
943649587
913511311
929663607
1040817796
886869563
1042374201
1050435236
1016920486
942338201
998027700
989010017
1035286549
1047967809
1054649864
843775759
1000810649
925146157
1012783338
885526631
995255251
1010933291
997210476
902175709
1031214853
824832585
942090600
874493722
852615052
1017199258
992758861
880875844
860243822
932994117
933419904
855479262
1037720716
851721927
818742379
1042481205
867643163
939225165
951525638
882504345
938197736
976509641
839084838
846209515
837548360
971690350
1064822272
821812835
937973107
863143811
871172695
1033587159
1007104403
1066569540
959932404
1029280195
920526666
885379100
949626783
831677444
808515082
959098369
953763942
901362522
852998549
872169785
963972290
1034846594
951803715
899495557
1022021550
885584832
958252509
995457152
899177420
813517985
940795928
1020227411
994276037
1017401727
1043671627
986429604
1055948347
1046769897
1027188535
899963409
884138721
1069657184
868815662
1043098254
835074652
1047807769
895327015
1064232481
964511804
1011845927
1055813285
1060765413
870032359
1072088430
836237537
843477244
933922941
855426248
1056976370
910053913
1052055054
1014560984
1062111571
1056734526
861401717
1052044720
830092306
1048894910
888974400
932383889
979021702
810756695
925733283
1064527400
838914497
934063893
814018304
982021292
1024721482
1004990961
863282233
963846682
1046644659
876280628
1013498318
1005427198
1062927840
928193585
806448662
913502230
1060193122
1047197289
928264527
941794099
1069985407
983724635
1050010816
905890109
1012653604
904954514
1022673274
863603232
880949185
982409262
812063466
1067809109
943220123
1029273388
1063919693
1008813881
833173475
1022887619
842407002
821944555
958755670
930018958
997988214
824745931
930315327
888237969
831261188
983168877
973107282
971890981
828973006
908261871
1031483917
1056330518
933011858
940846215
854987023
971933135
991863508
1057919697
817480551
884380184
992859928
1044778476
884225889
1032919454
1019491961
957240221
1020172090
986231929
852344254
1034812904
928832862
1067484199
956116295
828803144
958653821
966853153
996743972
847212992
887637392
901576952
908940454
990764161
995017867
950420757
938250579
972316598
922079804
897505599
832780480
1038433867
1007543463
856223891
889655014
970928486
875510181
905424263
915342368
849088365
905256256
867492356
1015253725
905961162
909762074
828940175
864009990
859499265
879778655
863891798
870263572
873171893
859944697
900232685
992625933
911679745
816216319
893427814
1019082332
888141265
1062001543
1031661880
1069281353
1000549100
953789503
880149865
979370286
859348607
920422088
996135203
986044689
822875293
842604088
891900719
948097743
853843936
988620839
969225728
805481493
960359711
1027883882
968290354
1062971310
875755060
807928225
984274229
857323496
1026418137
988471280
949325636
809557591
1029030018
887938050
1019333044
964646445
997480378
852915124
981107491
929569647
842348993
844565032
1018082422
1038175953
1070895317
811032951
878766452
1005987083
861997658
1068526217
1021940198
1005197336
808322834
989960479
1038232963
944472634
850384956
820068574
815200130
930547457
981153969
838719841
992166592
994562299
861173994
826450998
1045536714
955161035
827104305
814080592
952984826
878759267
1051424691
827364130
829091117
1027922401
1031072543
998880450
959689018
924701178
883347433
841999083
1012521279
1048987700
984108913
1001924263
984994451
972718522
975677862
918394201
920568513
816801148
865712993
894827841
989549395
929969110
921250298
806567960
878758870
860839069
919005523
1033549360
846660931
909472241
981806142
1052004208
964131265
977959793
1054937399
979299388
874795148
885071162
986987165
976699073
1014585978
1043839447
942766185
913139766
890813799
940258458
939753797
871100410
830334828
988482894
1041632631
1027815622
878573482
964685708
1026680523
1066775128
966520672
899663037
846197673
965947651
895464087
843337131
953996570
1012848142
1036480955
991520877
1036613886
1051459808
1044211631
1020139642
844968074
963385017
881317246
828270474
828670110
833893654
870819771
847158054
1038584027
1054690617
1046198137
1071632697
919737691
1023526372
1044413573
891599105
846863532
1073546004
822735062
864032585
942451611
988076057
893575695
1006417636
871931542
896136462
943445963
830602623
937216652
1068271771
854401866
1052536738
954504448
883274306
906648624
868979014
1038928020
808240328
967107894
1061785887
1031484465
988351441
1031086454
889525987
905175356
1008481682
905197551
1041831360
810250228
988442722
922686125
969044339
1030810678
965140580
1037844497
928191927
1027363202
1053653476
975031511
876746346
878077878
835145261
978582369
1019756282
983604181
981185098
931247593
972182948
841675153
1003080663
868359415
1023564743
990327925
998989044
1054255138
846710669
1010815477
1060592725
928973293
957877965
881930887
933138908
897653664
1027837840
1052928295
929778884
1018879537
954589596
964863149
1010244371
935006128
928183956
880460015
884896701
997254830
1022795604
923927027
965820160
968192565
1013206404
868342239
1031623980
926161512
817672045
863527855
1019019580
815211940
844943922
1046682110
889270247
861830023
895164974
982701985
960219522
935219835
849354668
925114538
983933709
1071674274
911889358
818448313
965525368
1036382291
878416161
1049750019
996475329
890879574
833286196
916649401
859851046
899162274
926746326
841809169
1058552017
812111297
1028346824
869082959
898181558
920485488
845564438
937326754
838630090
837932475
884385332
1067798933
952026935
909220401
860109959
1044863532
946561378
920164673
1004944497
908304090
921291936
876561994
826018602
972140376
857028567
907858519
941237053
982466035
982738749
1028616040
1040112397
1066586458
1010859534
832988185
837464256
937499856
946834975
805384189
1066972446
907354492
922877873
886889245
811886090
997511855
835408812
1057648619
995588513
821459204
968991071
902461065
905946162
1053450422
893820323
1036834351
892581761
1060858007
877373547
1018906784
1068639676
873396284
904142724
808646243
1003894780
983167085
897332081
1032138400
1069158663
952454641
967356364
1049222850
1016512684
947045365
847884813
899650522
849192859
985815528
911214878
991028510
842228307
825780666
989813574
900548687
917343653
1061334120
873284817
971761786
901881693
979852752
909129929
900887360
997930336
913240425
910395888
1059202291
883116163
809241247
850890687
1029286454
1067151411
888322426
1013883791
1009039278
938832922
917868772
952337184
926227245
1003033075
806190380
1061788250
990744017
987112014
820370475
937759892
998757747
1068305813
855724584
839196921
868241820
843139382
844976894
1053902527
1044756871
934143697
972157150
861682817
820358635
1036919944
1043752437
951582677
1048782696
914694389
884931188
832177757
856295876
935231274
930559420
930392536
916147356
976041838
1035337331
810796147
825520537
1028420260
877986714
990919356
965756917
817135384
865607244
882124254
903421589
1024944155
888187747
1018788532
1049980769
1050039856
1048096465
1011227898
931079705
926112308
996574849
980003570
954758462
835533672
827031373
893254057
1060381672
1050370727
832120929
990045343
1008263085
809019229
1016374011
1037750380
1059609941
807217897
1022032501
988833971
924963208
1071016164
1049828649
915837247
922460300
929219975
977626828
895465605
944093107
1001048665
1059590207
812963559
808867619
1005013548
831008480
878860964
927301131
987292878
1021006129
893964423
1013970834
961159329
813280494
933975590
855405432
815942599
1050835658
972338250
882612662
949577764
1049605884
1000723603
903049328
1045384737
1018871726
805596447
926719708
1018619177
852968733
1068841915
930552793
808210718
986044050
886050081
901425658
1060624170
1039480568
857093298
851303357
841740994
825013049
875008248
892326728
836081960
1020640991
892789636
1051947332
913008624
977885135
855941884
995304466
834116674
1015032236
888955798
1010017649
936362496
1021386447
811116170
822085791
909250879
992377479
990336650
976100649
1048425655
915582963
919567260
995737081
883213298
990225454
900389414
825612725
1054679192
867596595
1033737794
1047951766
818086249
938913393
968110122
833004620
1064074222
867373957
1053870843
922722629
1073263056
863607495
906503370
882586381
812821517
1061177977
932062437
1068418724
873703990
839377608
855496424
949822831
931348879
932458300
895558395
979985522
986014955
961308913
826316468
1064395136
888061857
950975643
970862774
975257042
837947739
888514046
896633449
982510428
1060027436
835609684
812951499
985584083
971252222
927904731
1006382843
1065578904
973179217
938025697
813441524
1068415731
906126946
984058899
1048341698
957223841
1015653636
1031637820
1047000944
936131925
887197726
984610779
863129718
869560664
1050185295
901610888
890795097
1021677990
831251061
940414536
951269118
927116588
931320457
979115937
873328084
979658778
880064698
948078752
914144246
933035944
885592090
1058078232
848161101
1030470621
901129730
923708233
946180419
903473470
893347091
1063033293
964064805
880677660
814986967
844397721
1035624227
957397545
962190511
889641220
973658865
997984529
908821314
879818492
973365601
1072729906
994674412
985118581
817745990
838192050
856887368
838086909
1009502340
1008948196
969240694
814482712
809334399
1019740671
999532374
958607194
908768063
897031103
881609979
1039107069
822324316
933490697
1046135452
850009849
1007822660
935868280
908918199
958691562
869719689
844605459
1072121284
1010653864
889759552
811404030
925645601
1038375970
981375552
812242922
952039994
827759300
927004365
871083769
1025069945
974346199
953629545
1019827985
990342931
1042289748
973458074
905249314
966227825
887671326
916721988
1033487794
1023411201
846423615
1022515461
1006573725
883185406
1016520811
887972872
1073318174
917876295
997242786
1053139519
1002357408
868790019
996507690
839284728
897148856
964402557
946306152
1049218559
840162160
812323500
999710378
1065187765
1027416887
1072679038
834713157
1025390664
843114720
871324410
951308982
902602094
829594013
1001875793
904661852
930576035
844389038
903818405
961205035
871345968
949728780
984663973
918899551
1015448103
1015273677
857704839
848025185
875159632
823649440
1040359352
917478392
997183254
891598155
818031519
1068965143
872905138
1022860546
877303424
869812460
893754442
955253500
1053021355
849871369
1051970302
812326752
839160807
947503074
937587258
1055190327
857884635
888446105
962663185
903561936
884051579
959647550
954743615
843193074
1073161429
910147787
982325015
937528499
938132145
833674160
1037992415
965909407
1061582137
1009028957
990559272
808721942
1064457424
989096663
1053556608
872058991
855916914
838569763
948895077
956176226
1041275283
903646217
963689247
979090109
1070888674
911929820
844699440
900903218
1061845088
988462503
1055411521
859681457
957080615
1050438946
805846816
863720387
928219295
1065450728
899327920
948732490
1013246628
866552944
939076340
923627380
1042748863
950582368
811108478
874218041
1043994377
817124750
970191453
1003676964
1007520648
918060522
945436927
891708692
891800082
944557566
988112842
1016523768
946280358
991581681
985166327
877182775
899613772
916639898
962400411
949446376
911273425
940996122
1068994251
1069337461
1025460800
1054928545
1050967304
900163967
919426310
1008440336
844522124
869735234
893927903
825456276
953145440
1046213765
1003726193
849505336
859052752
925972686
845723146
840485444
978187574
988880772
982101838
962388343
1034772622
842002891
1014166398
909494802
929306442
942855438
853411245
931950709
854465758
972979576
1000800442
925731582
1039980343
998045669
994550525
982149743
1005770792
873228869
921252100
924936730
973353215
1015286379
839957635
927281674
866306006
890354523
854932364
897227443
897979770
910420433
1034436859
935001834
893295861
1051233107
1064975131
1026043980
858235088
1021477912
846710768
862021337
1059743112
847222500
968606194
928863398
968460546
1042373629
852284750
870708917
928522121
916694969
1018004836
871603073
835799079
982549218
985182502
1048347536
956285010
1068922598
1054813340
833290791
900778835
1052898258
979809588
907048080
832500217
881036773
883689821
841161594
894369104
922822125
1017543018
911627765
864990350
955114276
937251954
837859935
921214010
974990292
1011286498
912134598
880164996
1039974030
942999813
1063653433
969242678
877379946
841062909
941074575
1058982003
996103187
883854632
914992240
1049400067
1072382443
919205840
947652285
845455454
1011761388
951174327
869626118
976881466
1042676723
948915419
822956536
868298855
926408048
818321069
871205576
1006759106
953974801
954762012
920818222
939482168
1001604039
1018962873
908548248
815837846
1060586836
923007634
851282167
1033433387
823717502
1046433564
914764501
944159251
876711118
912137900
900871734
1007571766
828929528
1037741502
921264424
903237449
887760544
946110375
869578413
926563609
1038329111
871836265
826053635
853461430
845818745
872503107
943532168
966178996
826602481
805385406
973022695
924047133
807054540
860391010
916340089
947408193
1014898720
930771217
1025543643
1011273494
964703612
848423517
969996030
821084547
1032543449
1049214215
956723777
815222357
932132712
1058425720
965614695
920413385
1029036965
952755934
952782682
946714693
921676802
949061297
1009621422
863927785
1024599529
953882248
930178542
892809966
1016966108
906645261
950400970
827146294
1016844582
997921494
888950070
1053874998
1025221413
968025453
928949923
928414323
967097403
907917748
819825391
1065017627
852958623
1018901398
1016260897
813740573
912125471
940483789
1039061939
931520274
1044530159
820025939
1021428453
985881844
957877225
1012880831
944810040
938894798
826891170
1055919268
855486888
853251279
920606926
1045334953
897322120
941766462
961067019
866224308
879964266
1036371141
928248161
891483674
1013135819
840977781
861590201
828271580
808983532
981935225
973988837
846979338
970649381
1066704655
874619904
1033971986
950407413
1035338666
929171003
1027191615
1042702475
891272756
871690425
990407954
1044768046
998670216
1006093952
942874192
1073223163
816985276
873535431
834917580
1043902492
1015956149
839048587
951199370
877496780
1007061378
882109417
878438788
958636359
1060998161
1057792952
1030477846
990363360
1037085314
922122151
954623973
808110846
1030334762
855671582
975074730
997321757
945387238
907631540
907808565
990319742
832088636
957918562
933100291
1061044725
829628833
874023623
1054927025
840438508
1039495336
1004089837
842423628
1047720923
885784003
821129032
948766011
1063711729
935175441
808715090
951185437
846513093
1005559852
923027909
913659601
923877703
897901183
877210956
917773311
828600789
897142693
934381916
864123361
958606093
917019633
1015483401
930460949
1073619916
883831880
1038856297
871308618
918437073
1067209104
818914089
962726907
1047484442
1046387294
1012275841
897080508
840299826
1015869809
859860746
834175658
887603111
970089518
845066587
835699340
1007361085
954920845
1038900813
842283636
1040279332
892105268
890227124
977014037
1016931224
1024807019
969900707
963910242
1025594079
1028727879
885237273
1007089925
926697299
1019849895
857085511
892506918
916899570
1039880143
973294337
1066465050
912637582
846539011
835743819
1008239996
977899444
1045924474
890963011
940754200
920177205
944608215
951373612
826537069
966312968
937682496
1007656641
909780523
1054822148
861341382
975419276
1009696554
815718426
904489067
1027007962
871395518
828349656
1044574491
883709186
831559977
840484225
811825608
1058187830
818878470
907746541
945682546
934245210
990872789
970967052
863643833
822306150
888277343
896980990
952460587
870370435
826382174
1010387844
930662019
903543897
1065868949
846790399
825980666
924638017
851163699
1020835838
832384942
999082885
862495252
1026398408
903638764
887981166
888769486
848023126
827127032
978400666
867848937
808548124
886847610
824412362
878297167
970298067
979235533
829234528
896489243
953449183
1020417555
1026042809
854456684
915580918
1072028847
855009604
974089667
805745018
1018993571
952160059
1044255218
1016671081
999099240
984913468
1073340584
962659311
980185666
870799741
954233909
895792471
919642810
1066687019
950387326
916313033
908481937
985061247
1019717041
846294143
948973574
877230520
835380073
847841389
975882725
885117960
939706596
896105759
1025170601
881501129
868890782
873223575
850805503
1071151011
951966082
874059002
1043124245
1067423498
982995551
1064667911
887470304
819384013
1026791587
996704888
1041721071
959634465
1011035627
809947622
812757815
1008603045
931176958
930496100
1006095522
924774181
1036771511
855117574
986108329
940147005
835938694
978323655
1020768708
1005942764
859876022
909884320
906380917
834083020
1040647186
974155063
910189811
1022362126
928371930
924782480
978395866
916995349
1006614942
956985893
811984706
1047693164
981851093
928011535
864415748
808799446
898315299
969956870
996594573
916830640
869223095
876882168
1065751475
1065467433
1073712884
977542555
1034717924
968191842
815171386
869651882
865106543
1004044811
861154012
821152048
1042866238
822155708
989179579
994163841
852770305
819708876
1016152247
829460018
874993139
1004864642
998391964
823829771
962921323
1009127479
890165451
969732240
1016496235
1026460684
958060296
872719878
835344779
852527184
1055565896
905941967
876884103
985581190
930184735
1065137125
848484556
877978375
825762450
982838994
846144496
843077915
910174102
894020060
1055736031
1016439903
852350005
954276722
850811091
984872058
915408005
837511242
1004819854
922957838
1035337291
817363809
901004818
1052823991
821562793
1050582125
898739690
1004412283
1053177815
1034992448
812198617
917712892
876889622
1057995187
1018624548
902174132
858365395
941827177
861465006
823176402
1000988485
1014405193
960315749
868919191
950632542
894558906
1058757362
919727450
1052991056
972730217
968744301
927385584
1002743534
1025857670
855192712
818592028
903684277
988255407
891751812
866541116
1002382187
958836144
982631428
966967309
811565571
812307601
903832473
1019944845
969516506
904017521
958910095
1045561130
975033912
1022721487
911288041
818939800
941874409
1050984072
866159596
873135169
913878653
961410958
899600682
948814011
952190653
970419471
883379086
831464333
1069962531
1037021763
853442342
1032014978
905048857
1003306043
998905289
1067399704
909507765
1031708571
1025352007
894494220
830465055
871741516
944439927
846076071
899591320
830696427
912769392
913649760
893396992
858598921
828483028
914885259
918048983
860918500
914263163
872593371
814552307
994929520
834153409
986937840
857195039
863856429
955192589
1057622148
807713104
834026269
864580192
829084452
937922334
819167757
948733278
962966475
905751245
994805626
922702631
975482577
814839476
965534861
942373745
805979606
873742016
936246738
926101670
980998212
1015020296
889072922
983923060
1064654226
834653384
884594531
818894808
1062548891
989599906
886325142
1047696796
1063195636
968171050
980734142
987001792
975838677
901405996
1038225597
874306729
882324361
1071952901
906869161
860230057
1020789491
1057244810
908987296
1020787185
838657298
1018901878
960300610
941433122
1023373300
817794580
825035679
826872738
868449493
809221719
954204687
968133103
1060201878
827744558
978885479
994258188
964886095
813925238
1013294286
893002337
835923004
897913540
894092107
985763757
1000827724
1070690503
876902281
951947456
812693647
896729569
1058436001
980720310
1028640823
917447338
1061084963
924959238
812913923
968653971
1000346585
937779516
818954919
867159900
889823539
911426003
867466768
872317565
1023082858
969939815
823095209
836121136
805789105
954056117
989583949
888804738
935871692
1024716977
946980561
954146732
890930220
1036420339
847407983
1047233969
1006453306
994348300
983732852
890851951
825555349
938306005
1040373750
941302119
1035607660
878028924
895275091
928415562
1050138078
1049165702
1017737498
857709908
911689413
902720345
946167132
979707607
902686288
1009777872
910730434
1047234150
1067075277
1035248741
910241632
943926202
805339805
947482523
829119846
1049461449
1008722637
1067477553
1010301227
1070900769
882583380
1019469671
1021888084
1029779529
1049261829
1018142278
1009771672
905121062
945653084
885720254
955561749
1064390744
1047260316
905259371
975201410
998691133
908369190
923849319
827978655
907661486
866919869
1034178835
814414396
863685068
1019833756
929229193
854550096
1066622998
845170592
999859707
969227707
877933361
1002059899
966802995
844393796
985166811
814819224
946635817
911967979
985848109
1051385333
1014837006
1052264256
1064191558
942729623
1032934735
1042175489
927126157
931220066
1030352865
938710378
953061586
866690250
998238896
886295276
947911385
1008024956
911992353
829728909
1032178772
834505000
1065440968
858140780
861019846
903969420
1050799029
847293799
970055717
842868187
1037717131
892081819
927714670
852460242
1020242821
959824527
1072085868
1058045900
965218348
916726687
1051381002
833238735
810360605
979494777
968477352
988425741
936437971
902862464
871759326
999983646
991974797
880857160
1000649846
835527772
1067238114
911411766
873612705
1010820484
976359678
920150437
948808305
911860389
805423052
877674305
879292884
965246918
1048542423
1051711973
1033478890
1065676678
1056048901
968519611
1000159157
893918817
994808335
896045911
825391552
817344868
924357403
1006125463
862252449
918041809
924679006
843308725
1027067555
854169600
873139477
921486462
893089255
916829569
1031853737
1069749109
1010129619
1047033715
996029934
957411831
1048998884
971885866
983008798
837458834
843848167
866150353
808360929
903164002
920200343
993763435
983271675
1009764233
899443610
853310741
868180302
907007200
976451492
989014605
844786725
886869409
806149900
921079293
970230596
858647335
937835334
889193985
895959535
1016933239
875429338
819348034
923185907
936745156
1018242911
986179683
971404858
970677264
964535324
992232551
848765865
892409967
924605643
1071475014
837578355
850189986
904125381
969789720
1014945017
861512530
1032324465
1053245911
1061591997
954131792
857269873
1030365406
1003148994
847698521
1005819431
831277709
960421222
1022864966
928368245
939647995
955151359
992898097
1000539422
868720726
985186056
957843832
1036559356
911863163
936489321
882291443
815920535
807998482
990815794
840017141
827401619
1026126832
877746676
978990467
992282720
832951184
871448982
873701892
1031540025
904826839
858300605
939163270
1003604487
1027510816
907431400
1046767981
1063127774
905611531
827764017
815038901
819902302
1035375321
1041852099
967024714
920840729
923056127
956690394
956469252
876389899
1067855978
970191384
932529916
1026226621
1008839947
979833470
1037363122
1023191056
922626745
926951330
822214610
996510740
1020725791
910481736
1068539083
925664133
1006797471
970679435
853871895
894664559
999445813
926297455
913796675
927565716
1042193728
990225383
922469996
991314609
1020777392
952787338
1024649510
1005681546
818325645
852474917
1045380131
887186676
944961497
946249451
885942449
1003955250
893739281
1063809051
1054892513
992263217
1038602249
894755695
1060294559
1055818142
897646820
1038008610
992787714
887421695
943099120
942977090
1071287367
1019196276
900915855
870602455
902371282
950993976
1042375096
912689560
870095105
930798256
1072671491
1040171471
911357085
899878092
862975156
824283342
909134780
881693568
954552378
864423280
1033690943
867864330
938280400
839887527
828760011
1000499297
805596375
1013327980
1047084534
907752630
972092868
981497725
811439599
852215224
1031955862
832512258
1037569905
1021266370
1031300911
1035309216
880051038
809984459
1047168170
941209326
1009981370
863499280
1070033233
875728076
849439244
926919908
838823592
929017356
805736513
869636782
981406981
862093393
851645001
1008681047
1056555348
1070307273
895990457
907127153
908903011
997841528
918437312
835549615
919623389
1049146375
822843799
1052490980
808299797
902163657
834336018
878254724
1017352803
1041145185
903681087
1003539114
884749863
842663426
937561837
1014844901
806986818
948348328
846836998
812532002
912372680
851919520
826459258
907370118
812849780
1069766921
851512872
903434144
950872470
924505375
947725022
984040697
929610976
929967445
960122583
1027858419
864536406
974991925
972057929
970236743
1010911825
985141619
836946518
865021092
1012202776
840847956
849770332
899118077
846539518
1019303485
1024900059
842519670
818812169
940325113
928139380
1001142995
1055010232
955809258
1028597881
846754464
924097702
1036932796
962805766
835836841
1073220996
1008744491
1039948410
920278187
981115434
814124476
1004899157
889193924
1005374298
1072600877
891075886
846550915
1034321412
855141771
852600465
876003586
1061846814
935566969
1009891606
923150574
977726537
983305370
860471048
855332758
806383622
1068280396
959978077
964852561
1034189716
1038858789
982824949
826549848
874459693
1023755511
841125163
846666352
806526660
993893687
1017941131
1028626293
990741190
1044033991
949000898
1066178111
901660332
956284181
991270033
1003311565
990916148
905262892
825968909
1008574544
912561121
902871649
1069091400
938600776
932183792
1029562878
846220128
918955208
813270502
878775682
900545815
845305411
891332990
826077275
894940979
991365529
851063721
991856137
1042604431
925020427
1026620084
1053626245
839301359
877881794
1054880159
812401616
1042109612
915382301
858497331
1027836081
876222155
1038504236
940099133
977826466
886246131
956972807
1033535572
926273412
1028854633
968122210
880597770
1030614073
892949135
839848139
876231182
816144841
1010598677
1010727234
854775468
812640270
1029431990
1047599131
941479947
1041265618
871899382
834287334
889261414
937615355
846018787
822039430
809811088
955032130
942483142
1019384584
1031047852
1035863583
867968756
938300577
968244615
889617562
1050629702
1073060875
923330845
969221270
854000054
902124985
866185589
1051573752
860025784
903793935
888925053
974310872
1013042913
826556616
902367487
964878411
934634684
891896795
856114294
939084036
962099931
1020990015
891288031
821951157
855872328
1024492368
916122627
836752027
825930853
900710305
990285448
992775293
886620118
859478559
919457256
831168062
906085333
828252308
915158739
1072228607
1068258420
869276810
1042694762
883752577
809635946
827104502
976434727
962113463
869394657
1032362119
991456243
848873989
990319460
1016050693
1036964455
977204376
879534870
973110513
865816748
1067499370
1003854382
937388814
907506258
1033006607
825845973
1042223520
838414850
827353442
895157244
863832011
840941712
1001413890
814484877
891532523
847675143
849285671
940125059
814786714
999394569
880728453
867511027
867771235
904701712
966324077
944694202
889705829
886557167
852530515
1051611593
879840587
908629705
1014909026
835570122
997665346
823334791
821679894
927031894
1000584441
982248020
893734287
900325882
1063506626
908244246
926731512
924588554
933886747
1028223614
877099859
1043336826
1002488117
930785753
995057689
1062591137
892114383
1047639377
957778039
949746264
926249140
1018992546
882509470
940193315
806593910
962131399
882204670
970012210
841459264
831685148
1003236270
1021277074
968349883
906653239
999242434
888463054
819549269
917931484
824944583
987032187
905702446
841941769
813749796
1063806461
816424610
856926025
957944083
988651637
942349061
949692677
1001812737
1033461548
918657230
1035435677
1070941944
1014043718
838680765
873115795
956816254
1043627339
1008195088
833122090
982555620
1023047605
926353534
854060407
816107362
885683417
848919714
1006107311
1046444754
1052807709
1065344168
914535516
874701669
996453157
880967747
1069286633
1033540152
1037623148
827323681
998503595
826286487
914996116
942151602
897757505
873399071
819518609
1045592556
814341524
1049348650
883059824
928473373
836616687
828464645
857244607
924594964
953379491
897156039
1021265135
958203805
895584878
822790301
1054297267
922348015
952100084
1066877431
835491908
808293402
812084695
972954459
958292037
1012889468
951344377
846238985
831760186
856246271
1056638819
932978279
1069658538
978160264
808036521
816780249
904293256
844269101
874202446
888783812
964574081
888686775
815896252
904228118
980061762
927466131
922809584
870935523
826438582
932092766
862462115
841441957
941632962
989401150
843344745
914196852
962859290
898389624
833706772
1015099003
1063414278
1070083532
1060031921
834719855
1035427570
845186803
986950849
1004443316
873168330
1059260539
1055491063
820878699
951505005
929778620
1045097125
950088123
953125940
987003809
1017445413
1062248416
995194799
962411413
850622850
1027505199
822003352
866410036
970424368
973051975
897648215
920249280
926878047
868698382
937317656
988483804
825834284
945629419
814096326
919809488
921751684
928551319
1000097433
950546521
850975224
978936376
929769621
929362645
968205222
945393807
815879618
822664378
835105817
1069514360
1037911547
907890751
883456610
969044275
822102967
888496542
874095059
1044952800
1064673745
817182067
1035570424
1043885958
808653190
810614117
916053924
844931799
817756940
806118913
805929585
866737220
1026031566
1002695661
845566192
825452538
993694401
1007193842
959606932
817224208
1002172462
1038554668
814740452
982387988
995160943
1044679562
817112044
945962875
902406757
1054063726
952155246
1012423353
866381855
1007794570
838635017
864201908
948284785
944509270
825976234
966157722
1052696646
836262924
813741189
839123699
1020142998
918713503
966444416
1052302739
1001109263
986243869
978391418
816931590
972600890
890038570
878471699
1058568203
924841150
1021175367
853289406
838402950
1061262700
1067029505
1024463944
1055745227
969793168
1044190184
986384557
1034560053
833434553
954266864
1051228458
852147981
1044400974
1060841198
922363502
848572076
1033961253
991466537
952347945
963227662
1002686367
1046923142
880225052
849283631
866336779
1052496833
855368998
843931109
867842115
1067064493
939410062
888833824
888610564
1029001048
830833581
924573813
1058622030
901654769
968412395
970465888
1053377061
1035390954
1065495197
992540193
940062424
935587605
995369332
974511801
838553798
836938143
1002457095
1059247517
1012346766
850549820
1024754783
983495111
1035922215
1053799165
875170955
858569744
857670865
984127775
979656417
887959950
1009318985
838482933
928173238
885951977
928139055
870088639
945079621
995535429
1057738108
1030675334
856691270
1073213948
906577906
884233606
999137701
861916727
865477295
868763950
1016236127
862640816
1029777444
950534256
1018695090
1037674515
1022341170
1025284492
1017179140
877257133
838513508
921623620
848803339
882127756
861056436
901124921
1020970431
854195972
1014357068
808212892
1020849350
1049266431
1027089740
982546009
962812641
1036013171
986742788
938228342
879687870
805396666
929191638
1008027643
995950027
1067296556
978511543
955246947
1029498976
811953428
1067550156
842468292
991998789
882436007
998143969
856837310
978179802
997794371
870788444
939148211
842955772
808030125
889895316
1021991396
978538799
1000632913
997238066
920397140
838683761
918072626
846244730
866661885
976338322
886626394
1031287256
990493622
942517033
806647079
824111496
1020124153
830795704
838490042
1032196883
912787364
934146525
917798927
999118170
828425607
856609711
807067167
853025291
919940546
891796129
1044970492
1028876834
857707371
941014314
844461903
1055627541
996500032
1053093541
902286677
1016068567
1025104178
904203615
967671486
1073191317
896431876
1005550323
996547486
836466924
819383727
946172940
1019326391
1057846427
828984396
942660781
984992417
1061592086
941257513
958036962
976539367
940992654
820942362
916458825
1030729404
839657527
1046085603
927029127
995787325
1004900955
876609446
984669556
901682534
1012740404
939448675
939155146
943814530
1071265797
915830561
909649019
828487358
1042615201
938060564
947308312
1008240307
1033316714
904507956
837868659
842759390
937345460
856281203
822525266
1031826841
882974837
874486336
1072012094
1016191820
1018853628
931060941
936338871
947814270
971398307
1061376404
857999307
845017897
903029733
1005990584
902992477
1044975314
959102961
1031497203
945077821
973259520
805894027
902755937
1019877443
1069797496
829825397
948164529
956192466
1065664134
889702150
883879550
869736271
972604850
882035656
886067456
894082054
807422187
975851219
1047337193
1001487452
856252938
923929138
1031074587
998319550
984763431
855711834
977011611
1036412578
921293910
912080094
991117786
991811380
957941329
1055589236
892592979
951270294
819382213
995417784
904916186
971979687
826848312
866185595
920273678
920909493
808229097
1037135205
877694969
866799372
1001497448
1019456729
872227650
1068427659
845004973
1017250568
969070470
949829842
921571467
1026359354
988821327
881310089
894551066
957014178
887590428
1038730273
826931773
860996151
861156577
979542301
894596643
839812620
979402669
1019703506
852873159
899069094
954661851
941197083
972322998
894279787
846749724
1071986848
1024160533
955629217
916791228
951375267
1040589732
982418025
825241953
855049894
950654478
883074605
834682084
909739376
918732321
910611127
922121095
811650302
879942919
805520019
815578217
1035837493
940635696
982957029
984260885
938316705
1038736075
934572529
961156893
886443762
933125075
865052100
814761800
1065982936
887908916
835942351
1045933872
935910520
890644138
887513851
812118934
953664274
819615126
931679283
989645111
857617216
1041587499
1056124670
842582607
834368751
1012968237
1062692479
870562398
865143515
1049012065
808342754
848927230
1063877513
822409238
981263812
823623506
850338548
904286202
852655698
1010889133
1040114711
1011752143
1062749764
1023960096
906495360
898952052
1038587528
842522524
853998294
864324584
950526305
899980337
962099678
838400992
1067467362
958732281
929809513
955566502
873842207
1039649328
987756394
981815021
921609729
1006093720
1070674525
825816327
944587039
1049446159
862595432
808858508
885174335
888546356
989298251
984107283
1032834166
931538538
975568541
988149057
1041617034
924362547
839927470
853434916
945717919
1038456275
1018813037
1054730285
866133376
819453712
837498534
926987477
957572179
981874570
853625294
935776549
844238145
867567379
811037371
835847977
925839900
887851025
929989041
1035309809
941717941
1061557469
838152743
1043506207
842105271
1019453607
879735497
1040732055
1041772676
974253914
1005196934
928396430
862940753
1044907192
898422734
861993891
978846133
912200309
838304014
960860023
863376164
950782770
884383113
927823151
833243480
994744758
933874855
927361473
944561710
925253729
933881673
896789899
819174225
1006752173
1049821603
852506455
978231178
818233810
846366654
1070634002
915014003
881213264
862529332
969035322
1062695498
966781472
988280786
1011463856
999008335
848884739
973034144
1025901294
887762973
1049391122
928179152
1012396462
842732764
1030558020
912971944
983876199
842130389
959160337
832677200
858059847
833321539
1033068633
889687422
841717373
1003229279
1062227828
956037563
981060987
875093138
1036638545
850065124
886680672
1041635507
820024047
943949268
901329729
914122942
973715878
870160697
969747187
886279962
895685142
849323776
918841064
810191592
974392093
908642951
1062471506
969149841
981345107
837241078
1046889674
848715013
977416622
936869750
888875070
946461259
947165497
1060753123
1004188374
845862252
1034658494
829313943
826678067
1040294524
925985520
1062816562
1039154475
1055996673
921447464
1016923218
1032698693
1054682108
913664694
814722007
1071276516
879663030
848205507
910445970
848727129
813431066
897448234
1045297809
817877145
984301089
1055482473
1019926317
885949189
954417450
1034403175
992868990
958043403
1026462019
847337521
885673490
968444762
978840020
967745465
890988220
904545949
843756410
1051901623
980379287
1001156754
936014245
873878695
875463802
968425368
965061460
906720275
849918353
841343399
872027460
1055543703
959801703
935200895
816631650
1003403999
836364705
825594194
995445497
1045902881
864613414
1069344291
932637993
990250481
1054137196
1057658358
820179783
865719752
995518012
854831861
1024829935
955728996
976066447
992007479
838583605
952135812
832105577
947863509
959664498
1036279116
818168088
1060592580
1063370631
841816572
1036969911
909241670
926977383
837715478
976063124
973286231
1010309802
906396524
1037821222
845016010
937221039
880322804
950550701
1062924346
971565798
1009446180
1052271626
962944223
805995907
882131101
863111800
980103613
830666192
1021506436
1028060024
893149588
977213982
865250035
895951887
895288717
1008068444
979746054
1023963193
1035628281
808663239
1073132298
913223229
1020232342
833385441
889737801
884619938
813848326
1048542877
1067786230
823035091
880784852
822641168
957129868
910831211
981056288
852952986
1064997232
848030312
996058018
918998578
1045726017
921460176
982273849
906609704
1038704908
1041122231
892130925
1005666171
848614027
1004680941
844005064
824618211
831123058
833072519
864326627
1014854959
1003660390
1071024131
940157154
845732892
871428872
887702671
907797838
851633165
959888156
914837919
968711917
926887270
867522678
908397539
819688739
966719817
953288623
873178606
839545562
904334867
906378572
890393126
941398146
1039816332
957076510
819845056
890745739
994153492
881197185
962632714
958993779
917371410
818122308
900659202
887112505
964089003
1043717212
1043750893
832360206
834832568
892016766
929050901
1041728294
982672784
978478215
928736984
808406818
979167782
805868326
836704052
886942711
861091297
926421086
960744353
898556903
1064941022
999700724
905671856
1037477418
847651187
892443180
818097942
1033573306
997483399
902635116
985482278
1022534132
918453955
845524068
874047410
1072062401
977274451
987965143
824593993
930629141
840237606
956164906
918859236
1068926794
838263880
853073635
964702424
910282299
812355778
868692457
886858598
840089318
874911951
899928377
1021114140
821760711
950852613
1013754999
857223726
1052277108
1002501127
848745178
950655080
952320377
995568256
960249279
891760768
884140381
1000459694
1003306961
915329391
1019206884
1064043682
830261240
998419880
920804769
890157981
957217502
1072018244
1050031708
1067453248
1060634354
948081813
831900796
892064971
922161966
818649413
958033717
1042653928
953908556
1032161804
1016658807
876224954
1069427548
823358725
902445388
834402834
984535667
918021227
991373888
1071931554
1019794034
1026702819
925284602
873813570
851555886
998923541
845247996
900924450
869471428
872578992
835689010
945731727
857799984
912123146
1058476246
924608753
1009501208
956733711
919937783
890610071
888166210
1054420486
1000797219
974072549
934198811
945398049
941694702
1024793495
809234046
1053974362
971880354
861795421
874184323
1051199602
1060162549
889327786
835398476
842735085
992984524
870733331
1069886126
942459059
986950329
902424199
884764705
1006195945
854040096
824021160
1060359106
858212717
963207334
854410317
850786889
844252870
940711813
1014612050
1014120910
923864965
895169125
1034786517
943843510
959149587
865347810
961740255
843840440
895631073
848138924
845569081
986078131
835202015
982676873
1041709456
890022575
940939985
943594243
949598512
886810619
854454928
917566555
925857745
909972870
1035525595
899684643
822254850
1024665111
935936693
1017392138
992143377
878150551
1069901624
811532361
1033054343
897916850
891280056
1061590434
879965761
825389684
905698347
896417388
1047387659
1073014149
866745469
993801410
1011767416
840680238
1023535015
902844325
1004237778
903126715
956865223
905313032
1061556510
1060944130
943035079
906002711
967429819
978492607
925711850
873948274
858675261
895761758
1070913647
882797449
859541380
1064707257
996977845
1000908172
930920017
904474801
974865051
852690627
995432081
1023140450
854936926
814750822
952900702
998349577
1001414386
810395336
1011183982
820575266
885645891
1009995772
945334691
1051717122
1067748518
991972702
897522798
868663975
958811138
951003899
1050027777
996707426
829846850
995054244
822335481
848777895
1000048533
919460966
813895748
949578853
981310130
847295300
1050406317
840607482
904461998
869328509
1037741991
1054422907
1032857241
879098543
953456168
977369061
1015800977
891403201
1005475850
881002467
898707170
834788063
873712570
848695122
989848180
1057915950
997401225
922254065
951502983
969264611
1017824210
884082216
955958694
1005052941
860533716
844610754
849425985
861025783
869151662
1066234674
849847379
1033431317
957172586
970446437
985190632
839258025
906825339
1006741106
1070771721
896698176
913627839
847049503
987141728
876890464
936942745
819231167
842846514
920243547
1003154101
1042892035
977997289
946698667
1048697561
880214149
912639697
998043713
991068127
819731929
918724889
885550515
1067848735
1021494792
915254099
891415198
1043119793
824942551
1000476657
855756235
987978003
920446255
939230726
828622417
978197497
943970928
862609955
809033287
891990101
1027361120
1059931751
844138717
810189153
985854311
979911816
907084635
839603216
985960107
841432992
829959768
912109528
1069052473
891439974
861765725
1029751716
835747963
979401991
1044230036
887479845
902238192
824642792
865373967
920784802
942111134
901851995
1058696876
890465318
1040760839
914260433
916975921
921645599
954436138
993720139
971415919
1036813101
946242830
1018664950
1010576071
848672705
854317225
1061558468
1030597693
1006159277
1068591162
847546685
872984418
809493133
846707631
971992224
888725682
947998320
959695492
930110683
1069944808
1007760961
963635554
827370582
995958303
865820067
942827035
900075731
1030185651
918922147
983606029
820493963
991639380
861537479
974380569
1050896323
960995030
827921685
848826674
915526493
891009854
830380429
953107630
873815554
833669042
850333049
1057990175
1070026557
938456330
942391640
1069906982
812633253
866376595
950724715
847913759
876169225
893271478
1014364637
1054033669
830086067
908158165
960911487
864449708
975025788
950041338
912820478
1035575657
1051718985
945827867
967994498
946161760
955953979
861581317
1070463980
972653167
887810267
1064226892
956810410
938164128
1019248432
988705251
1034246459
856062360
954099748
855202415
937980931
882189515
947410946
874270026
1053072825
1072886570
919720541
942579622
924507652
809309676
911279194
847606445
924941545
895219893
997823134
1006636599
807101094
846665859
866719617
870353758
1007005901
815765249
1014758914
1052222564
1016024361
822613712
923069339
929363278
929429271
1064330258
830841987
893877445
892206195
945388795
948887438
1056789063
1052999030
1072872654
1015882385
928897027
1009841081
1063165415
930707262
997019923
865423397
888501649
971062757
956313165
810802137
950770064
1047944754
806841707
1033523831
931634051
868275811
879231934
982546299
925843187
1021131069
919967975
979221667
962959779
964626256
1053245691
1040192836
967204572
908282736
1042815656
823777842
1033421015
1010708892
897149485
842336756
1073228619
989726079
1032844443
886437208
991986152
837456804
915106420
946382409
976076347
901615598
933398659
1041023957
856163686
814080441
1058639587
1015699135
958957320
827084866
1051537532
983571643
888615195
896401686
877054401
897285119
1025822549
927423845
938695434
835810268
1045178654
921951972
1057250325
930071661
914136956
864125212
980901977
866596533
917899211
962747995
933063002
941350936
904630933
1062245758
811879951
954345830
872494486
1064675965
884841751
854553735
885401564
942672701
828802948
833695286
890934742
1057522841
900942077
1069454997
942952165
947343949
1017417702
880235075
831982985
995918295
1065421404
941556670
872276314
1003747508
832221073
852167119
1005928074
1064027810
973511556
992596195
901347838
963852996
999630473
984792227
852939352
848167381
838061100
862994531
953586605
869440480
931009283
905005633
890384864
1028470523
1068457015
1069374180
963062344
816252583
970685760
1036061003
1042865595
1057511702
1067057957
944643535
1033768941
1067846140
966859022
818959345
905371247
824798250
876893410
1058578317
843447263
1026067934
866691251
822097214
905283352
930784501
978566059
886432285
945952082
1058441207
912289122
1016401255
1044985100
978119028
1058997062
910773014
808835673
1004382746
1064563343
1027138012
963021434
914091418
829288758
909452438
875176835
910576492
992448052
896869635
814311891
893358193
942446763
1010999742
854235624
1066654584
933837940
1061734609
876145301
1002576128
839878105
1039016791
857158595
1048498953
820995295
907524385
969025785
970813496
946968849
955855180
973591372
966216114
1004098743
948664595
986544631
894562548
975629246
996820765
817272628
1030569898
920794695
828698915
865421619
1029375793
930306028
933397533
1065277023
961074747
965852148
947465999
962999082
942124297
1033577353
812816431
904439091
1072234595
821493399
996573431
998443542
1063904465
1005164441
808054572
915404952
846316984
846052952
919785635
838459674
937546967
843262808
826281011
841659752
926125098
869776097
1071242974
1066705939
965789051
915365530
895624252
901354231
956755721
999904995
1071120052
908360773
888892240
906810216
976260321
883752754
870866107
859884417
979452733
879896324
820600175
979108320
935648926
1072179262
989755219
847867829
966629360
852941920
842030633
1033357937
929735454
913399555
978374409
848477135
951870413
1066336747
926364375
1039158044
809483960
1048187886
1060833498
932810829
903173263
1038809285
903322011
816718581
990089337
885682806
930986338
971677212
869964358
1015184068
988839072
908988331
862123491
896133554
849651565
890281651
812737448
838747824
915795793
805890811
820739185
1047477808
847596109
934647839
934356788
1012802970
1014489363
911825129
864080140
845781207
916824251
923750249
851634779
864775690
1013610322
858911851
995121376
854940922
1060306644
950684385
1024272681
1056406771
815829809
1058789119
858036943
860775634
998613255
952249528
829764764
948647806
1012316786
848230925
1065494635
860741539
1005667664
948065373
1066651244
913950671
828503920
812244310
988974825
960065101
941092312
980092031
1009606429
863213677
831301381
998296609
987655856
971991924
1017161249
1002258062
953415147
1040603352
964798597
996828819
896745974
1056941974
1032782295
861794955
897233786
863162907
927181097
990798051
868690514
1035021410
873143515
884981513
1057257674
1020434329
821356977
1008334841
956653057
888411742
976900742
1025031839
897175085
946559796
912901692
897507068
1008048567
854698849
1028936151
921933633
837825732
1068104428
947028212
872052426
972051884
1010264218
1032106427
909110997
875689485
1071514332
867345804
975836594
908397144
1032741379
1040869181
1066159113
1064612905
1055292588
919349486
894467280
1067546292
1044084543
882453730
1001793371
1041982478
881521482
885147671
1021342191
883636086
874548285
853911197
852410586
914493008
914743980
881834793
991084478
887073316
977585512
975245082
824149265
1060692495
1021461170
900139226
814261038
1072733271
1073103414
1044091950
996477757
975581199
1062480090
1070677416
888570823
1052723120
976941262
862716060
912637955
822771948
940416704
818303854
967876041
1026826990
937548586
825076065
822088533
997854643
1050002805
862468416
858845440
873302979
913469395
886655393
1045902650
899353519
940281062
865261594
973532292
945950641
964527398
988704750
1051550547
810205824
825260230
925214645
911898596
820571293
949127052
826221809
856249097
1003257988
892117269
836072846
927434426
1061311542
923792574
874611906
1010168461
989795406
910753311
961393795
950354116
910092035
862802959
900120535
892828774
909888558
1062612612
832270544
840191546
807067832
974612527
820915387
868231437
896599190
1058836170
847234619
1018741622
856197222
877193871
1037748909
995563666
851185457
985709327
839096750
950018203
911161348
1049917761
901244734
887438763
967180004
830764707
1042461080
990824701
962338960
883670118
832203357
987757691
1031023114
921244533
1042258529
1048241674
1026362170
1065589239
832368691
913527463
926915768
851917434
915902187
987944565
905775827
993819290
914328443
1027207095
876526614
922872176
897373716
1003355889
1028297887
964479627
1012536860
834221511
880493922
1006614077
884688637
935197422
1048239792
960956058
867347783
1052171420
847886375
816528201
820141837
987879098
985441863
1000117064
836709347
872867048
809183922
827868806
883634371
1046214697
883488713
860874736
1048521613
1002922959
985453693
852156004
981603311
918707337
969984623
876699130
957579943
1063816560
852470169
975629489
886973146
909955176
960019877
900147344
902440441
920845932
969799405
1028059678
919737325
871597129
969269632
909150473
824242088
959807984
1010944649
825599521
933852032
1032504407
862130250
883759191
989660690
993715494
946817938
1012561237
1029462045
975401524
1016739998
1036116380
1028845010
1041882849
1057807122
881165618
979679236
1051929609
865809877
1061204610
1019262129
910294759
1042134570
1042366081
929742764
827699883
980786576
868160719
947155989
861038563
924638476
814313504
1052625108
1046060008
942073256
1026362044
830328209
934644628
953438909
936484906
999587066
1067089587
979464738
858640018
1072359598
983014142
847246778
1019930025
866059983
1008172824
1020758803
824877705
1007809097
905750229
910243796
1015297507
928195390
1070991525
1020649646
1032234969
1059180796
983905578
1068294739
881380172
961504359
1060009544
1017322623
962157490
1025155471
973779026
892354249
970828455
827473875
1030264118
986008299
939076104
873243911
965522045
964189698
990662709
1036969357
869889667
853829958
936136404
935985239
915903869
839048664
875899265
941629827
1013071696
853809745
953801393
1005723089
810475391
836691783
808717100
1022585082
981832953
885678672
1039028026
912770317
816306284
914655553
927921527
1018943598
837480096
955394706
1006191096
990571344
848855618
1045188323
970960848
859363078
1034488570
942425058
1036712015
1003512023
895163906
839971067
926728384
876624909
809636297
860052785
1042140558
1053238937
1057102723
1022041898
947451020
1029485921
855072653
991725385
884599352
811849202
1066689277
897059478
926597614
1060629649
923015322
1036221868
883429813
1011581441
949547167
898880541
1040700432
1055660713
892572605
987148661
912053120
907271144
1015890750
926750568
1011940141
883249834
1034796242
962926994
826820699
917887318
880430943
1007538777
855508910
941024596
924482016
954170202
1038952484
831608731
848921222
997962548
885819603
882984880
994830280
978536015
1071832847
843155540
974622984
1041250007
989180561
890736332
944912505
1011675889
895867978
813929859
957244897
1015981877
812598372
1040096170
865688519
921650126
1026906137
1062247995
1021439672
859865849
938524091
893590499
1028330152
1025579878
980150646
1025846937
823674255
823255540
901548537
988235607
853777610
879228341
895185785
999970316
909966645
846842664
996745620
889561541
886078014
934839114
1013770804
837666519
1067577751
1031944897
958663488
846303204
925504478
898608379
1002572712
888376904
1045533061
913229659
1043309799
1029945172
1009888409
919408787
925896564
905849055
988082551
892183461
848488187
809332675
892015317
861752078
994460437
1062477558
1005883976
1055083303
859192080
809639381
892473355
1004485336
945907871
874496472
956130698
1044546131
1003847024
1012592986
879879442
805704620
1015399385
839939265
844534575
856606680
953368485
930403452
888002120
964068248
1036581829
993520268
921268948
1003838163
867752555
879342082
1014590889
1003534933
854278098
820731258
859896146
917660977
845930076
812056299
1066852671
837651191
953367547
972013348
1015849596
1017219680
1023978746
979244944
900745919
1029001727
1019098573
1060194419
973899814
949704878
1030357263
1014694263
896930314
824935246
959959852
930792420
941825855
924007937
950267238
966162284
806875894
1000700727
837572697
1036801101
915843128
875239223
836534657
970849447
939035126
958191243
909241044
835330641
976674265
969589190
1018196324
1061564616
912209030
958724490
1063232229
1033333357
1062262414
1028714986
934782759
815383522
862024041
951135008
912433849
933770857
866888661
979708602
815928129
839902601
1063519513
889689322
983284751
883194431
885032827
854709928
944773003
942474824
981019085
994931262
879799862
946680367
930472142
879787019
932849578
823447240
809212503
865955354
915922634
834156405
1032028115
930575152
892693893
865730320
847227484
1014549508
1072140115
969762499
881076756
863603519
1010705624
817962549
992151634
814338991
1071946370
960687015
840689306
1063985717
904735311
1072121690
1071494377
920418838
886647179
1064118914
888187479
977211175
907433275
973081908
1043837231
930485232
905168967
921804343
960896016
1001114950
895883658
967500956
1036286313
1044536123
825608587
1055238125
945256849
1061252093
950056310
952769380
878446384
807150155
983077327
836698060
888200977
840101282
1062044699
924625856
1008928363
849141133
915468303
994383647
962066874
919235956
887323612
900383117
1002627044
982692122
906955277
836301757
872526796
954385042
994085902
903107405
856724539
818605366
813554758
838939275
821982833
817844782
863495344
1037078156
1030159048
1012189224
1070240361
1042556217
905319770
923717946
1053034285
1063482244
1009688423
985932389
862189934
998291017
833336279
1039398926
944702851
830436290
996238661
1058797181
978254958
977603418
1021450609
887705651
858241092
980367736
888367045
900298327
924911665
918025394
961084937
861471972
1029858983
915682436
894055935
965533443
827755917
874417712
926629210
997772991
866876619
861236395
887225366
877032658
928166737
893154580
984005746
1039651950
941228835
852764026
1030557633
955360887
961045303
1038618944
1069755306
931064319
934885931
820815650
886001396
1073326641
1059775846
973977768
837415398
863762407
978976436
837275974
1016152831
884317142
820603943
1059753380
1048071424
1008356046
886600092
1002481698
867203449
1066793960
1000122620
950255458
982116140
945109465
930138053
929292003
958560402
879480638
839931105
1010698364
900384853
868677337
895976592
1044369440
843021867
840966996
979487377
815414945
998063731
1071394922
843836730
987509541
815643429
901887592
919961026
967295303
937501696
848921776
902322123
1006515491
1024619704
1018755469
823119598
958833158
960049145
881372696
824688752
1030085517
865098367
917622502
835197890
1010871033
970436296
934751170
862295514
838698408
979017581
965603836
856468155
955718410
922889803
1020188647
897328537
805760432
952606345
834429284
909133815
870272264
888728415
1046396789
909373085
1004147500
993745071
890296981
963904830
964106959
945279587
887572187
963748719
830479198
882308188
1057745345
1072172704
844686519
1025616040
883752614
837018400
883214528
908334100
882766734
894887291
860010387
1055877223
1048717591
915157286
899479449
862768754
813847057
934454012
819151749
948365203
1054005871
1058414773
908627120
946800668
814924226
861124461
907981291
1060690456
820227854
1024249286
1019478498
1046372912
1058466940
938973726
823267545
1036018307
1068198321
1065334650
1013480278
832395528
1060848876
1038143481
866696934
809416910
952682242
814780525
819530588
946615296
821285063
1037275759
890999660
957016859
924647831
879164599
973770702
878943588
950653267
986980775
821842961
1069476744
1011382410
838104783
986358892
811847597
1034398328
913454558
999453241
932236156
806178895
884178801
1032068903
924025542
956163214
1056951573
1063346783
1006464535
1047342338
1021424190
971827053
1073301020
984060784
904912936
1069671867
845814204
867685204
966719999
850697879
1032097035
874604708
945149501
973087628
914449005
959097173
1013271036
877970812
952241775
1039784498
928140490
1002433656
932234354
991192045
1016756563
1002233007
841404136
881628505
932284660
1050186438
1020710230
910511827
842405388
941750478
953549133
885809375
968744776
1014482967
966652274
976165438
976590028
1067749893
971381695
1033439798
806804444
849308944
911841104
838631804
972134081
956431486
994541250
1071774793
905137741
867951855
840241178
885136208
1009798748
807157756
930992850
864268657
1057409422
985680537
1037997597
950423070
911295744
1027822271
1018450649
874021810
908418869
942192499
817418974
996960546
980797512
867889242
1041032962
922469606
830035544
1070099797
1032508971
1056942237
867231663
989964726
988946887
838718296
1014385543
860345281
953075770
820521248
1019105212
1012317046
873779430
913494462
820221622
1039642249
840407301
897269113
1066053057
854644706
854201576
869756426
963723185
1045534987
901249207
840764230
1055354269
948414582
1028336135
1018283603
931537217
1034510726
947533513
874151988
983185435
888794357
871612384
836356159
833568008
986921718
877982096
949153334
1023835332
931054128
846777011
1012170409
916413473
957917338
1031634136
1042663460
900196611
813159372
815213854
937185645
1063697824
855170675
935138927
1045677123
807353892
843201259
947184577
1001251416
817314068
890172445
821655588
872687291
1053272423
950862421
897269858
990764079
983577692
989165393
808013773
809245118
958803725
807581829
1071202010
863349617
907518371
970397558
910809107
1036826117
831540464
1001097080
871586790
899019124
1052930408
902925752
913127777
960026754
836468710
807538727
822535987
1022336375
1042159813
993562852
900891352
968074512
927929302
974432114
965461512
957954061
947114690
919588437
958413849
876607985
822055184
839989051
809293456
824434026
963227268
950421083
908049404
979310382
1033271226
857682985
882212628
981683392
876126632
972656704
1037887946
934986305
1029213123
974670332
845826952
941213662
861153687
1009881869
887012399
912307570
982174927
1022028654
1020044478
1030641480
980176687
1002897190
970811981
814485934
1036672553
849390617
890589372
900194406
872349890
897957894
826779079
1048929502
878830309
811667421
1044246964
1007718241
927109269
911668382
958787618
1052586623
836713722
1004147108
815450409
1034164462
938987020
952888167
927530972
1005409138
899956141
865513448
865072745
977427259
836846469
929224303
902657639
963566019
868368775
834579197
956975475
839079608
908075433
912183832
946681220
806081312
856728635
1019973073
947743645
822997655
830986371
897131756
819930903
1026877831
986627473
849656634
852457771
821423591
1050330600
1045496334
1013093544
918346018
895185105
960840917
1024806132
853572040
948607458
898217793
890917039
996297814
1037813331
1062016540
1025280417
1053943659
1057023614
870397905
1045939585
836046354
1056041971
1017050391
856773500
811883714
941509156
950289801
968950510
856238936
893739842
1013965064
932747904
948786248
829745365
972211488
881964873
1039734588
964960146
1043515368
893363487
842988104
973035086
887989750
905144776
1033323514
1012482813
1010024828
1025114656
830385330
991431674
909319137
867945301
879852836
1069752596
845609063
889442671
897532219
854537410
951876336
806266235
877564721
832049962
964542987
885735995
987540020
1053430723
885470415
1012300924
1059158540
1045812107
979121481
873683109
948572006
922076915
854535120
956339709
842615570
902991752
916666557
896752153
1017233586
824924983
1028921701
805351067
820937863
844980371
830881456
1041698992
885087054
838903895
848243194
994361006
902417055
888952235
1018676432
1070888945
840242294
1045426597
886396054
848317268
832042962
990622940
1066705900
1029122835
1056350503
951885995
990350422
1033387267
853314872
1008678537
830590385
1018670944
937009056
1017699504
974378700
962909145
1050483837
897571554
985354726
877015755
925287944
964298399
839017251
976732500
928027844
974401130
821625383
889002767
1001172919
930451219
817301327
1046683778
972327486
976588761
925991880
1008399985
1010092815
1034875308
957280806
855850383
1047433294
998926492
1040189617
1050566890
1029581500
820355961
1062983004
932110153
844546528
1069200627
839679416
1067130610
998172021
878490725
1022159728
886511044
889773945
863147133
1004631716
931959978
907398603
959093473
1027158911
959245237
830200669
1070924649
953065917
943672111
830152595
1014909523
883669465
1014535820
874176936
940720491
1018624819
1036015579
992924936
916145876
871132844
874605057
911372718
986594438
960827672
836225245
941837931
1021765360
810192043
905340146
924726356
942814332
1021843084
1018637907
833974819
931866840
1073073627
1005261540
888134810
934161009
1049691558
850866241
1027935511
896895873
1020605814
988883048
993834676
1008962354
830064077
997318902
989962883
851948304
1014903778
845359461
1028006578
894905648
950217856
822217943
896244457
1059936956
943772704
825361882
1025026846
932240188
883761498
840551149
943362655
926191358
965990896
860725539
866804603
908737629
865201249
967571480
809663409
1057438836
887738499
831173758
1032033969
1054203052
1030149334
1057815345
936529221
1019192208
1019144173
932106980
907404237
846472676
900555396
948659157
1042370501
902592669
811360200
968265176
877524618
914688828
941270271
838246303
996011115
896579620
921202894
930244934
988528534
913361436
831309587
903896207
838922802
911757196
923709178
1001752176
806957080
816334776
841124999
984348132
1013923865
819721655
980233311
932728976
816306043
1073031607
935221414
966488500
1043727018
953351377
880134088
1060207338
930671391
892204183
1014576576
863283322
1044370320
932357993
873328730
1063697645
1043650702
820921172
828812062
917837343
909438682
982815724
832289579
967160816
969336966
902723038
988232561
833399297
933749929
937634459
893396025
922513333
841501120
980702375
1010839593
1004168311
855202310
1006608029
963293359
881673475
973542273
1044298165
998823544
1070767902
964786376
1048880384
1004130909
1034143485
1069725205
939341020
855894300
989829736
942479957
986658537
1056693292
999943919
1071851117
1052571151
936787022
916551259
942786384
846654564
1031312005
843237589
1067015803
877570155
879316487
945173894
967638781
844342549
986308961
808698869
895020634
948024071
1059259533
896398166
962897261
1048424505
1054128236
1072473212
1014161429
822084005
857293185
933688814
1058493804
1011381051
920052795
960104916
1048732563
932627900
944467101
890572095
937798148
867565973
1031207421
842368577
819346434
879904465
930729505
1058283701
826115249
865002207
913977394
872527748
833618395
996593819
907779892
896462453
853350840
969005569
984660649
826866142
938279047
983576930
917023000
915391590
841302095
836496350
843940048
867607439
1018313320
987876902
1026556088
1013390622
1018170699
894662518
829466141
1035023910
811436497
935889515
817713761
1055660428
907563205
960684271
822583606
1039076253
847163111
960662819
1023110245
912831378
871320874
1065636407
973775785
954228806
820913029
818416493
1045164246
979652891
870119300
898312496
967145523
893446225
974948841
890068654
903752541
904557912
902479577
876816156
928842677
877394105
1023360681
876308764
954266900
851362117
1065715180
812981109
886957546
945237025
981516067
1026573080
876606585
1049646572
863532900
1049360924
1060299847
1020283570
930750239
944164592
936341661
994854253
962715021
819195354
928353048
1045621686
907789812
926024573
826092147
886074937
1055308451
1060817285
1062765864
829402640
1046536766
805609700
1042537625
981009963
1035293942
899343166
891779714
988785885
833657683
998562400
862817499
1045720612
844328079
859535273
832271435
1071957017
1031380116
1058891971
892894758
902199813
821404088
815323551
953890676
966564389
820169703
900891433
1072578813
1072276202
1059783168
1038843972
1037202558
923388434
1073571401
881988794
877534118
820778782
975323267
972342600
934587552
823645751
1061609720
1055838596
1046418518
1027860172
933120917
1037068637
919247940
823998300
879290891
955232777
968685377
923907641
960264776
821783254
981678042
844116158
1045078475
984505666
1033316703
1034751866
1067875239
1025234931
890327169
1000245376
984255099
1056837738
977427897
977921132
811454187
1062378562
821767080
840209699
1036164209
984359408
984559993
1001406890
982005992
922694811
974286778
816600128
852318487
969753204
813374451
941071796
844033983
862115117
1041853140
993205367
1015583520
1027860852
955208318
986466447
809531517
1013437985
893661096
909806010
1010111870
1054162957
986168080
1023075659
817860415
1066462922
950064717
1007364944
930337504
814627386
939929801
998379416
990558094
860083077
966620066
982717762
836128294
1025768155
1067452230
908612092
854094977
842672695
1066907350
1031575446
902603424
1023136949
898636064
914636922
1058689699
865492336
1021254069
859261770
914212901
833085272
944959960
943057383
994269438
896712303
892474800
950106382
841077759
879533089
905573751
1047800399
921882791
1055076207
1060888531
913656732
1046254204
1057493074
936885792
1045800858
959630979
845079103
989748810
985804644
846450389
1067476892
923026379
847549016
876019451
1015067368
992864490
888744456
870029872
977254638
824196605
836423034
813301924
1003943078
837626240
1028880026
904159531
1061988564
934579350
990469196
949328106
1012708363
932589976
849531514
909530754
1010484453
905441314
811672743
934464206
951850535
859630572
1007854611
842662294
941480548
1058844194
910985811
1001370669
925017999
1004314110
975783081
930214650
834454591
837244163
987047629
971210815
1004975407
990817573
855949435
900262388
1057326282
960880581
986443059
1020164301
1043270852
808304335
866763887
882528220
1031737809
979519552
1059318682
972893378
820923742
809128555
926070289
981073383
932150676
831439939
1055916860
924063070
907695571
883766849
954820014
901523100
1053503113
883130487
1052978927
817685397
871754731
848476879
1025280886
1036180690
1022892913
1001423302
989816942
931891953
1065505283
1055307720
1045196554
881125571
1055831189
1071844072
856082554
974439829
945177942
947394691
1009091489
968892352
812660644
841741364
1052059519
816273226
811583188
853210709
860055824
850188068
872887535
1019782334
857690605
885391414
1050136068
826422805
883435740
838803146
856691720
992104943
861497112
950117978
881119331
818399280
1029968804
828548700
825616058
894294447
890689674
822799650
958249293
981394688
821480351
860365948
948176431
900112325
1009794723
971021205
1040355376
859574159
878024039
825591983
899760473
986733632
914821955
811251402
882302728
935361016
1017511309
892918832
945079391
933366406
866158069
970967606
837584572
855697573
850472693
1002084675
851625794
989050101
930119774
957427114
961182582
910138848
942819076
860177824
815946457
906261715
927422176
1007375792
1022355920
947220976
1015370050
1027943845
1008894433
892444205
931560531
1060896720
975556832
863150733
906924695
911495131
891072151
1004189386
1036870025
857371170
894114233
949857889
900785511
899284794
844237488
967079753
965808711
984882918
902547621
951782978
924004410
1072199451
1011840492
1024359984
852777116
1065587668
826406303
807483678
1021398777
905554629
1023379624
820289956
1010332118
826564939
889073758
955839956
884063375
1000547858
1041319584
878295124
913054244
946403350
919534349
853581327
860881515
1030473984
929591736
832216713
828315746
928217124
970467610
929496834
1017423806
945261566
1034410205
881079449
844556985
1061018894
999383635
1047095210
1010127648
877314647
834038215
858815152
923432413
994318446
973453390
885641265
961504638
940561581
1068672588
988072749
967583715
821215606
1030902942
818589859
1048886966
933967810
941991034
952301292
937747053
993005173
974202329
980397000
951322701
892654016
949804512
1010734979
978315201
844868826
1016487690
822833443
1012371403
995588091
894340805
861999464
855242945
866274167
901632043
1023314808
972653983
862271833
838240454
918934751
931871974
973761144
979059299
834943680
1001428338
1044788675
864177247
1015841393
889205103
871743850
878029515
884139149
937021051
887741424
1060818137
866942764
948296380
881341342
1043453480
908901881
1022252385
986927750
1056677857
982356660
847646943
978407662
837582556
896508636
839174643
1065798139
1030402338
1005025534
1054401670
856115385
1026644622
926164459
973280630
850340207
918316602
897519237
900520153
979509541
893917229
1030234559
836666534
916488475
918825865
884565231
918887288
836152223
891129255
1033988102
889330525
866372105
1073163230
940986430
867040144
1008679322
861290190
825421434
1072504121
969914030
987246006
1036303878
816015723
1027582018
1002788574
814295348
812381540
905514532
1070129595
914991638
807654718
1033900264
846329660
939849910
907691415
970154246
811222278
888423661
957728391
1011250192
973711203
1025671819
872813395
847400508
854182045
988991128
885328806
845804187
1068329850
930997351
1027431005
1069746725
1033450909
1041519587
854630010
1004816265
1034082439
1053563990
1037657802
893960597
820338580
1071959827
1047829548
827453187
1007280079
963936168
850352006
892586084
871450441
973718623
987832760
1033614032
944781916
970694118
809341006
968846074
1056346573
919574837
984517424
844232721
836611586
914477494
893286851
903301340
885395640
847329435
927315735
886724813
854104714
852422125
837531455
855418072
861193806
858857543
959540178
897120103
811978164
844576880
907909789
959660647
995759887
1021366210
1041856701
851308133
942628384
1022502758
1025863559
1012743628
874708186
834125279
1004310778
885961232
976896535
977097873
837649016
831782177
986571936
1059698280
816914012
1014606512
980059489
924910893
965117799
906836724
964146861
855264135
1003326709
839893119
898145822
1016710733
933170828
917450304
876708181
961357648
984110612
966690513
889498391
835441930
823214371
993003947
1038955825
866789354
877637051
879138233
917827822
