1054927889
835861474
805896221
833937658
888905567
825194069
868533974
1046241985
815855228
895665272
1020694055
1030098626
934880698
1045496272
909876295
851713378
844273727
908892618
925116038
993097864
1002287651
916438695
963581155
834951398
1073284145
1023269775
965592587
1070857943
818899246
962010851
1025487480
1002093783
1020945935
970972107
1010190395
915746845
832614542
900286781
993753180
1023703882
923527097
972405189
889702381
1053842773
1043075377
910539829
825430944
1065270349
915586607
938679344
1018796083
910974387
867843273
950005854
995237694
915584728
1051257067
968305382
871158139
853319872
820082652
998539852
898791313
887816026
908297105
1005893569
984894323
960340060
900611232
1000161566
964296109
812586828
1043157551
934923300
1047802816
873406655
1006746505
884955859
995409918
892535168
816890529
924043855
860031357
919391945
954872445
850020932
1041445066
1016761381
837118922
1058880418
969514484
988821907
850496471
932300688
1018499719
841040890
813596475
927347421
900939657
817459563
893107171
846054401
988745080
1048382184
913571564
893013085
920373974
1039919984
1016378756
974885782
1047219407
1065327656
1039388593
1023866395
998360035
874034299
810292538
962335189
882138926
805966185
913174057
880314579
943511943
997100817
824679657
1022846146
817612520
1018286706
853214576
985717794
1038941194
973939585
905296156
1054915662
951694359
965444710
999299718
920871671
1019043160
967816040
876629209
1006170942
885507717
1068838273
823522685
842092974
1046316973
991681227
1065136431
919792119
1053197494
936771511
858297359
1044567511
1053271249
993859326
825715055
1073550507
963591257
1061291041
990016067
995212450
973353198
836245726
913321757
936753187
961711742
996978065
956120882
1046214726
1034792172
889961709
959911748
937515636
1014443192
1059961334
899230487
919382212
873061689
956742841
1029720537
866219679
1015483138
914589753
844219337
986573037
1071341334
981320306
920252482
906784364
886461668
952863478
1009952086
896393438
1044416320
913754019
862380170
1054229401
999687126
954754616
936547276
1018718589
1010826880
858814726
851427563
896984142
1055655388
1046483787
860845711
848268408
844911243
890222133
979078479
1033764707
973025375
908019195
871852859
1045047866
850179383
1070913695
992235926
1012337774
906081564
882553100
922128358
1071088744
1003507722
896234202
862959919
901204377
916608477
949175545
1025582629
1004030696
1026039213
1023024711
825370013
879876411
1022897600
968823846
946311707
1032237703
1019652120
884341640
1067775225
892706687
1058070398
847172713
954491987
958749578
814740613
805954248
881830237
821004384
988973521
937704513
900614006
954292577
819705652
874182484
1001066290
1006678268
995557587
840477374
1060876170
1033476418
1027852523
1019574248
1072699476
955876830
897048785
854761986
992574934
964813414
998926525
1062417473
1010499766
940917527
1015234633
913129855
948335018
883437045
1023340316
1060054149
1065849491
941668638
878624691
835620161
991458800
864342183
947592559
865992256
907150564
948844178
830060667
1020754989
1015949962
844368980
929314476
898033885
924688079
888180291
963673010
1064258716
867392067
829117381
911111301
1029901056
1007032628
834174880
871702632
1029169865
909452692
827677242
969465409
961605457
986886394
967655938
978831626
1037836961
1013087686
830896392
832670768
955050347
981140822
913361904
807716367
1021594208
809979042
1022716540
940506352
973381636
852595918
822920044
1004186011
1047046163
822634861
992452027
838185755
845287646
937032752
1012134706
828265309
878013620
1068872682
1028501478
1018414018
914950097
842456089
1036860774
872904893
877362965
981416596
895515596
836963639
928717312
944307779
926906573
985236710
1039947532
842820486
1017110237
892566338
962149934
857878424
834927484
994044724
1004961919
1000484109
1007109498
1050299081
1073472132
851010068
933665677
994721452
887174542
983887580
959624579
938429039
869754431
820401756
935743092
827015186
1032431862
1004464779
914925989
827882906
877051851
978188570
847268431
897326952
1038066882
1069719571
824092210
849232178
921362600
1021515323
926836224
879649129
921228179
898207626
941119245
1059328193
866584793
813786792
868347806
963259195
980157923
863565810
1023882646
823215303
1009006614
880507549
917745308
1002498710
887905814
1038930741
990792131
992944553
935002883
1016714588
933887474
911096497
875833471
960401381
961641689
1017335985
978474436
915931877
981163990
925591070
960330675
1020911360
1003252431
949625712
1025137579
999614599
1001460456
854744036
809073045
852631049
1014917111
810465664
1067714859
1070115356
875906405
1064992669
949649606
964411815
992116134
1063238236
967512341
939023486
1043975529
868068482
948835979
812007472
1065033029
881718999
854626467
1025105218
1070941262
1073406353
1052842603
896068131
837608184
1033854988
1032485688
913999543
961002555
973035198
1061468692
1022590849
864989994
945983367
1029815585
1070302903
896644411
1042528571
964790559
937042130
911958929
885388314
961353901
814048464
940653137
967848145
991973322
884875161
1060134303
997525433
985094117
1063606710
1067393829
1059741120
838479084
1022735735
969674924
931702800
903567367
927475955
988264360
1057663910
810314373
944165181
855094815
850115245
941507748
855588792
838628713
902567855
811519572
816955282
811483072
890019135
854503276
1000348278
1034130930
951098475
999871017
805536466
987979039
1019928060
953290850
869168704
902146424
894935696
989781006
1035048842
836201212
1052731277
817970572
899664923
950204037
999549260
815442209
1052187715
975553475
948985259
1040358314
861520134
927692763
1053839996
1005152879
1003494765
1030204832
847998261
974133861
904326938
940976980
1066197288
883863938
964161696
900483315
979453108
944710090
853492049
952426786
1019388914
818374367
937750356
860799606
924924970
934437929
808961812
827765319
956530319
976584479
915327231
1013104129
1050393997
947927660
1034954436
958256418
936810875
945593405
906239496
1069915014
1050821657
867670126
1064894993
1005839862
936851127
1017459865
892720470
933493636
889396392
845286007
1064447299
832790900
879605636
913808282
828358803
918355997
839538775
847039122
833616585
1020713210
958541639
869206157
932081661
835561417
984066871
936707363
1013549321
942933922
861185382
881514178
950727212
1045685216
1016690491
983089184
891537058
976509962
861948295
895023145
899927254
848855645
863649983
805388350
879194374
861805039
1060511698
868177140
1033314279
1028851849
863291086
925947882
926339422
977933742
1056376195
1027695386
939220926
1071238468
1049503569
894980071
995501032
912244706
806170205
1023990888
924940190
933500844
968653984
936493769
846145811
1062116526
885593972
955381482
813476209
895810489
898468306
807633625
983610408
943458591
918592142
970129235
920178875
951472099
841090817
986291796
843689416
869374797
930584272
986405172
843184506
883436651
864208153
812895906
866934762
932783453
1027869495
932075098
871710531
922495318
823771929
892381798
989842569
912842509
1001782851
1049935947
996403671
875100856
817430999
837081344
1042421125
880555644
910987413
954086226
909437067
813329528
990298824
971813940
1028404818
963331251
906377329
842913978
912508788
883578289
907464707
835340105
995877929
970309923
1020991909
993410549
899369217
974100368
1046400863
904153673
1064078499
919484896
1027848609
930287114
906973864
857136436
892835727
815211767
1018861526
957027329
872400129
1061015746
886610410
1070217900
838705715
827362911
838703395
1014919482
895751987
920678751
1048790341
966937368
852280390
943345712
887523907
989677302
1070864343
871879716
1031575955
996210766
958662855
1038517458
940403811
1006396228
993543124
999968390
891507640
1040330353
907766005
1001249817
982247692
1052045539
963870243
855720040
871071362
923933329
909464960
836894777
963276816
976339104
959752974
852198071
947586274
944492377
983829345
884193562
1042103001
978536159
808872583
1030923864
864517738
889116923
858493041
960964907
1027874142
1009843074
1005343724
1068958284
823821243
857076420
865849048
980516425
917928277
825122673
846044286
822372724
1048587902
943579311
1049271518
903820021
964625528
996500575
931070820
1015934969
1044436347
1006483085
829057764
882187137
1047395122
1002795479
1033645651
806666497
968393959
888737272
886568436
979695589
879735216
948645638
1037466064
999089049
815311373
1048742249
808029025
923519272
921344568
1049013623
961651820
933997699
825040597
1066879900
1043621122
912705870
854397951
1001994625
889793657
1020672457
1038825956
843562775
822085622
912219771
865743732
926614662
870247362
1068004975
1062312867
879687214
888443126
807545877
819184338
863705668
1017759803
1035460095
999347684
811477634
959293448
929272194
917940039
1071743593
809731960
994281369
838940087
811450869
810408189
994269356
810481980
995767352
1007314183
903060037
823828008
844963515
826377514
990446451
1031752641
986138393
886360507
1070972901
1054753429
965271200
891640832
1043027649
941782320
1010846065
1000803581
823115449
944412061
1055351223
953857129
1005654871
972859317
916870481
1021548026
903202262
960293612
948693094
1038853438
1065388453
839093561
811249824
890055668
982131586
995798878
948586361
961908365
941788994
875848538
999355715
1029708998
870659666
1062563507
998050796
853419610
861110402
966445927
911595719
875173470
1022945351
906299978
989441021
1058680709
949026934
911794873
815560668
1054675235
953033227
890449541
1008514106
928458144
1033395616
850779031
962365226
943144739
995498472
824103126
889362349
978829711
1065123957
806888353
999608429
892658211
854256509
902336604
999371550
937977100
809417156
1037861234
901346623
1033801905
907491960
967100115
834230074
1058675179
937510584
975594474
983676476
883780782
853678604
996649651
1044808643
955204905
1052785581
1058547911
942515489
1058775965
969473828
938339555
885237543
941746495
969357197
950500544
976194182
1013846104
915206999
906817313
809570948
873487128
868417739
959602936
934247793
1052855656
925591240
1067390061
906260589
901225801
1070139935
836255216
976874264
875647739
810524002
907581829
980104424
851227857
979815929
888646505
878612418
1041282849
994387206
923363297
857575469
848451934
1015901319
863420655
903885797
886978543
1054861513
896751434
927906980
938338619
824592075
870938610
955215695
1056034582
965623137
1015106516
997576024
926449068
963714001
881081178
967825493
910127398
1035000085
839771673
808616961
976154526
883435863
940330293
943842872
992038601
970865093
1031345007
899039884
808577577
1071520658
831443340
951966827
925464640
1025854302
964392128
977859202
836922289
914313685
1005146698
991706287
880261708
942900554
974674200
925411180
825151437
819136020
880305061
960986639
1040607930
1005100198
930673887
925260683
976334499
981565624
1015769119
989044246
828083313
874332215
1002921629
860548647
1017712678
1029301278
918185521
1021045197
955647652
1068671522
999960768
886223156
843377485
969981651
907053270
895904210
853351434
904832151
947231716
1070315778
1064986155
891055565
926569405
828075079
925611537
848959140
840715175
897462264
931233257
968382577
1013632935
933304812
883956400
991016844
927224164
864296903
1034955358
949274028
916030391
994026269
954586681
875676766
961973299
1011764437
993728009
873195470
929329402
1067049442
1068862267
880266192
1066317783
822868745
1004189541
1057624607
951450666
979151192
1028641629
897989670
893484973
926001986
851576532
1006154084
972282241
1045764982
1014517408
997210858
1014627846
946130255
960987229
945533742
842991033
1021206870
889035846
907753452
934454335
875604938
1037393790
1009361871
913068755
843992286
928965407
943881464
938300671
976284966
878332453
1038167629
871907523
1035413507
984714574
860440300
860027276
873742733
944278145
859486557
1049957193
1060229530
847389273
955139388
925682073
1017917709
993427797
924841942
816241954
841911353
820380313
1014776137
955983848
1002708532
873958505
963577714
1070531610
923066160
979511324
943634935
970298140
837768749
822199049
978769478
829844089
1016888634
949450748
960040155
912857139
984206765
904380043
985724370
848203501
1015903530
995065245
966826245
947066485
850684354
959853146
931125922
835473913
905856915
1051133127
1047713253
902020543
1036360735
876928966
951486511
1014441314
1015892134
916597700
894072181
936975796
836964847
973354712
896780232
947837069
1030222467
993187862
1002113909
948203465
840103569
1041678784
978110963
834544769
971784109
1039488900
892904350
1056289954
910114892
976325773
838702637
938630880
805818503
1017957699
922350737
882719675
1058176911
1011190073
835672144
1055100241
1026750804
1043979672
836028584
1010225788
921740575
852513993
1014800891
873872282
936550218
910749922
1061704103
885567752
1013774779
963298224
991429509
858582705
832350203
888862861
906283715
994994274
967586994
941599485
883008010
961468883
912815648
856706866
841708536
874801255
916769892
915337901
1073234496
995912640
829779390
939454498
865868973
877014851
974826806
861724317
810718938
917129279
883619741
908856815
808741349
943600700
814994070
891905235
851376879
930189282
960478157
975171535
919358146
894251736
821291055
979725373
956084305
1035542992
899949011
969921685
928530031
911550706
1069250118
1005305609
1004069744
895139725
1032271660
1029524652
890440028
922035671
928560738
896459172
886863555
858514317
1033099059
1063514547
846650163
1035354766
957701949
884790193
1043757653
1051070783
1003101721
845046012
945098677
979484275
1022641843
1072923835
1060787993
908730860
875656668
979898126
1019634695
1035285356
984937095
1025965990
1073304285
983447610
1014026393
866228343
848226288
874366526
881263354
881970678
891919406
958813310
969073667
831201015
930929783
960302190
951133344
938090900
831383579
1068409736
1061611622
881663524
848289348
936986800
1051458872
1018003610
902328234
855483562
863420483
887845963
832374572
1065400532
928292187
821085145
1054668726
1017036397
896830383
884153672
882444550
823310654
890751849
1061742237
995612467
847929846
1062511762
969924610
878906775
850971634
1002957730
846166350
1018828896
1000610800
1041075616
1031685091
986142501
995656041
871831301
1017203293
1027596997
903372791
1023642147
903960753
990011684
946911025
845808307
1064718285
829711763
844843454
821825302
898430471
1054255843
1067790239
896694045
999367019
893520264
955272020
1025800979
942910318
922857193
1030547640
1002796783
848867503
920276142
847838689
900200138
968083870
884398095
965941385
958493362
902080735
867931935
813820855
914314498
808540205
867788346
865179373
992722083
868869235
880683931
889770116
867994836
963751742
849535866
1029980082
939288737
957555272
1013295856
808955609
920528702
832531873
893669211
851758764
815418775
969034984
832714076
954197897
901817047
898173025
1042621919
841107778
1001089864
952834356
959794148
812634862
941877099
918365341
907193673
819888240
1015415891
974441581
983442366
982245369
984885019
1069923455
894581056
1022936839
853171349
1024419147
1001218309
979573302
901590649
812749937
1062418940
1018334532
1061453720
892345605
910115730
915519264
1007326192
964737941
957544542
839164115
815308327
872548349
865263446
921865642
912976336
826521760
936330180
879718649
842922735
923556882
987030956
959155094
918107078
875178727
934534805
1007775446
916588595
1020668066
810540271
993032532
829656419
849534437
1008946681
1036800095
811335785
961064980
913865908
954755406
851841504
989156593
817678033
876461498
1018859785
1040247642
1053949518
809971951
882835869
929236450
908142067
897541593
1066265164
1068985776
982023511
809978372
1066555724
826097653
815988955
964161110
938938830
831292783
913424797
889294496
972258170
932157640
986746005
894437004
1043047986
858113954
1063288612
986587547
968714230
861499961
881670003
811861389
1004321804
1051962080
959657485
852622528
1070777616
1062054361
920653123
1031404276
831316633
1062854289
974449582
1048387829
873910893
874571983
946266297
861692826
1060224915
924787521
950178588
838446723
941021562
1069303178
987046822
878116350
1071049271
1061185375
961967604
1071692181
940797561
996722735
900070803
1067547962
985110568
816029380
907222571
1050021105
842433467
968410078
1023789687
905281525
941018723
826690731
891971969
1026996169
862713221
904405948
840428167
1052724177
853444880
1012353120
1012122246
976064312
976103675
830973041
966241359
978216860
1040375240
966820912
1041255998
995915974
990623897
944379020
1036940070
807953261
921958359
970456964
892705826
878214886
827039250
919977884
1004915396
905086997
837792708
897996411
922302883
888723946
1011168818
815019460
944278599
989294130
991756432
871022452
993796044
810607407
877256898
978751610
874393957
1007206480
923477002
880896764
1006856931
921672298
1016430157
836275245
1000307112
1001634860
925785805
841189858
844705684
836970535
999607114
949296084
848870232
886805169
940686532
924211670
839231331
811721315
965991132
868685548
940972208
811355087
890957615
964027676
807957714
985752945
1004799807
818986154
867507840
892039974
1070453152
924293857
915286327
969937959
885711705
848935929
839408180
885363674
989968240
816552205
952450323
1003578396
1006846769
842825805
926917704
943572517
1010548285
1003406706
1068593243
1006297039
969401138
962701897
1001120568
1024639995
1038249927
857921864
825918627
928110091
956250431
1045020887
852272196
946856971
862769415
838786219
920164167
1033305304
927902550
999689729
841500216
944203960
901301709
1011827241
1071383552
999666805
809242016
965900765
938424955
874729278
870345766
1057718459
1045709058
876513638
1005964719
828526468
1057775449
831576024
1005416811
915342728
977487542
852652120
888943494
853283035
1017394557
873352944
833933126
817781779
988288264
1048815092
946666692
939235286
920298342
898318166
958296561
868239555
874042395
1006529280
811623749
828341242
840978963
898728732
1033879132
829932003
893710160
873909580
833215035
1035856400
965754256
1029531791
891157420
971368504
887132755
1061272730
886212163
877446183
830575710
927269608
980982447
830351961
817034090
1045432413
879302515
809309396
1019663706
889258675
1041919429
935722489
1002799985
1047414288
964295912
941614792
998707610
898133642
890886626
852181795
887038839
828420273
1036406481
1039692524
901748314
1062518861
910370143
1047672098
890655535
1062173546
944026730
850745642
1026495465
978115898
999814509
922680119
989496891
874310557
844914528
961619819
931774110
945876669
1049046110
896216454
971870414
1051531761
1034755227
915816593
944556471
871198848
967742745
813214271
1013498110
970633268
835792962
1016221692
1034154435
1003865724
1000739357
1021542295
1017127794
1011701337
857710312
898418901
944700110
836140958
1003731917
1010580400
1051256185
847405210
808691687
927905120
950645562
1012216921
862407516
955300172
991425879
876667966
1042991549
907095470
807668971
914185978
917938944
938167965
941433874
1073092629
833438442
913573768
834495715
874635551
869202403
988434055
917114880
1019816085
821492091
909702180
1006065855
1046129158
858679970
849067674
844934821
1040025865
1004320596
812889508
948854752
833401043
863692146
862415060
1037197560
959349258
1024700269
1006717101
805497214
1020603418
1011340477
1070110067
870155648
859168581
935089897
1059229220
1035310776
978683943
929081749
1040764111
1067847041
906614998
892268050
809986538
963369542
855503008
1066930450
850359670
927471704
902319573
1020912411
960685267
857760847
821489469
1049370373
861670811
912577086
993001267
942411148
875073629
855854682
1035117525
877802711
956952028
1045041854
840796158
986605797
922140097
962161214
1049964540
833214785
846068406
982736550
1007011110
902682524
918306485
977060198
901793671
894046697
852212074
1072232337
960583635
860599773
828530078
1070677966
925975538
959710576
931860002
957384613
891430103
927105609
902360470
923942099
871072343
858734791
957864530
806674830
814730432
844678988
824969975
958861872
817345766
850772029
1065155848
1055401143
1049811918
898932643
1062174960
925078650
825503713
1054141578
1057455328
826956672
884994404
837907031
898876106
1033770349
891778493
820617658
820343899
1020305331
811738423
884978767
973012393
989529518
853738430
885986920
919721456
1057097914
821918256
1008034750
1015320995
832482560
957272908
1006313472
892063685
848622449
827027584
895956638
876349967
950866403
928559343
1057818565
986603968
884369847
812031933
1039170962
850480325
1016447905
1018593859
918678730
947266787
1066105194
1057133386
1000653700
1007151600
921199013
859420630
1047147459
1006110471
1005436926
943929968
1012866460
990873525
1052372141
1018465022
1054218153
1022103890
827441433
922480663
984482902
1003745165
845180593
922950595
815398367
971813586
810291669
974689221
858815886
1041999828
1030118361
1035295632
996132327
1025148076
1060877513
954671361
986176877
957288367
839457611
1062384343
875302406
961721744
916115854
841474687
918426689
874980029
960952863
818110958
907532273
971999498
876656859
860248672
905590064
1042415172
970723123
914432406
825015669
1019836980
908953728
988188536
1023639137
863767872
986177133
985556490
1003323702
965697411
917935045
898172483
902289893
1058533639
840594886
1052216276
896254454
861455454
1014162218
1032952195
1014692151
1018284083
857823462
1019425084
825809753
1059753231
877684658
989308147
957077702
842365552
887390640
979157975
1002648468
1062485364
942277807
976123958
860709593
823439159
973946027
1032010128
1049716715
994292314
999477208
979511402
1034922102
973207633
916330629
984021718
887372573
979154423
835468176
1000620563
1011306183
1043775394
908809681
928203057
909528369
940935938
828337591
909839594
1028622056
1046883070
983527056
972189322
1060442813
955070783
997750105
1055361756
1029677745
868756621
865611446
1048670412
817666211
838685824
1052923111
828682889
835608384
1012159201
995098452
873726830
1009142016
907720444
1021588296
845201857
954575748
951823791
826780747
954268383
856811539
992657645
1040179140
846931850
863564500
810201736
974003388
894756391
913875551
942265989
850041182
964277500
825517937
1061884955
970473030
850517746
970229214
1040620739
1000900665
908012551
1037075131
932308137
904957993
867839251
900648972
1000256717
1006022847
1009203567
1028096379
955105631
973266815
1021641533
875003165
866546015
1054865722
901401331
978100826
1050618856
1034297818
866442335
1071980865
903565332
822693191
1039321133
912338955
908977195
950890488
853934318
918825780
906124961
950416529
1060782686
1008608151
910065002
982566615
872334163
1050217933
809007023
832795048
915502958
922602236
965171864
891314287
960666445
1064376496
871139052
920033820
846244469
869500878
856505129
932087346
830353309
836098490
841650084
925833609
984298048
1054797729
919442906
953742949
1057496446
921132221
851461986
964067854
1014306206
875938377
985896356
945966418
993957120
1028686249
921733782
874303579
810043797
880388330
847227234
841161781
989130900
1060498461
972564120
889527077
910576589
1052485587
1040267093
863960510
984982329
1054618490
854908728
836278323
960416760
889582609
915340578
1064175782
893044013
918013608
1072156248
817024758
806888968
897736291
1034687641
975693674
908209779
1020531612
923962772
949739485
1053746310
1065770771
1025337678
1001597306
891963444
1003447412
891342579
915295381
941630470
923654135
810105657
807251301
868841608
1070170782
903257071
956303686
826583009
1042953536
934188499
1034902892
1061170607
876830295
998312503
816762656
1062670599
980996092
847589216
867160915
933837544
837633375
1009270126
935008719
871501687
1067026510
825977883
989137210
810906208
969172598
831977180
836402689
838867006
983662198
1052647392
901524723
809713702
1061165040
940864866
1065759266
877961566
919849309
849097217
899479134
833884273
1056760758
950804288
1014846882
955360074
905412728
995470007
839223218
1016040576
952461896
1029965040
866859842
946060350
987285263
881171232
1015241605
826863828
811485411
854625972
875567736
1037865981
837719957
854317784
948589382
1053491762
1012335724
843624566
814618249
1019812857
886265735
908961428
1046258919
1012984021
901506691
1003409185
881850794
987177137
903150239
841337920
972317302
976275767
861084040
1060830083
1045867685
977761735
934086543
822445797
835446960
911827378
886741676
1018464772
920928568
1011302870
858322565
914759235
834410938
927930273
910356168
930679377
811943440
928658952
824222350
1021944555
1019840742
990991781
828925302
827025244
942469555
1008117981
862381290
996013717
980386543
850562765
984477470
1054114586
1025881266
1036640324
877639374
887658085
1017894785
938603159
834693777
891596330
877793021
1031668169
978118802
1033131717
896773195
1044963697
939908081
945511968
934499995
964809649
1036862952
872011255
907192622
1050620216
984200312
1032408419
869957480
874673030
838538950
922895827
1026060104
919986553
964808437
1041005038
967610314
922316124
885069380
846336446
974375567
1071145123
1067451645
1021524974
810429843
954384434
1064938022
843518654
944953355
1023877077
1058360733
807278663
986452155
943969493
1026741186
965916386
1012806864
987963344
1037347786
963491343
930713906
927907402
1032191545
1015098597
1008109283
910119095
851037926
997080229
842164698
938948104
816167494
969712281
840263300
984914355
934786107
862457908
1022825774
963065548
1028280559
931906535
811953977
896317769
905801732
864350817
812562828
1052813790
959537472
894686714
955534209
909630536
1018226738
863283426
829339466
986753426
1057028119
909363025
903673529
935203544
875129348
926291825
995343880
809734548
961571687
954046625
1060802930
981579967
869831377
1054476948
908583894
1016295179
834236866
879841892
1037527873
866207056
834786851
1051904286
983058064
818770801
938951200
1025353045
997046974
996281619
862871924
821446334
1000925746
843799421
805898266
1029473781
827258021
880817288
991896508
939273806
946406199
915195179
839089958
1033794001
825891634
884728610
970724854
914656079
1008149386
809664505
835956804
833888279
1057907285
1036485045
998075402
1068941169
1037636933
920017363
818489628
910051334
1039169742
809355405
1023784977
923715764
919295781
867471351
930940653
1027852339
1063585622
851531855
933498906
1070735012
842209909
932171328
1010510823
920362792
925742761
1061324060
814248645
875858026
918122559
845528737
929062511
883172044
884430659
910763293
1027424322
868316240
904305999
1032167651
864181397
903446428
858225507
941341830
832655807
983891561
976162407
1070378055
870485911
1008937729
824035135
910858934
1014342587
850200543
974385648
859865764
811054987
913932616
923416912
888152029
892303721
972473258
876705042
1018888089
896659928
1039196347
941259055
996971943
1054909987
817117085
816439519
905458541
871327736
870106978
805694343
981201905
942402853
901917177
985802824
909898321
836128650
990309449
942819635
826721090
952824394
846375600
1010651671
857412345
963774858
857808133
919677345
1031717417
1003867197
1000425277
1056528853
994555034
878981162
861521712
844900142
1048252856
912351635
924415712
946839015
1019009037
878038902
838421401
1070879180
1012303328
985719283
1003637462
905414464
928548865
1035097907
920856421
936523006
827239522
849876084
981085038
810074390
1018833348
1061344157
912069538
940784819
806206700
879272319
956103781
1043359695
959277892
860334651
848534387
911591106
823355953
816031108
1033622582
1029846571
894494496
1066019554
1012173115
900927631
816029699
823812414
953636095
1038387754
814856787
976233693
1056086418
822322943
849722766
1071724966
1066869387
849933420
870947263
1011028762
944288142
837119249
957107015
882299268
877398647
807285237
822956005
944536706
958175670
831287294
863994163
867750652
874137262
1000457939
896765024
1071924434
877318137
929596155
900292387
914169070
913629544
843827521
916952655
863735218
1006269071
870969046
816455694
1067275973
1024522601
946808644
880777876
962869536
922515508
935473969
1016681099
873395838
954198979
850232257
1055321070
855405614
992404354
875087976
1043956458
1057870664
1031731115
952725157
1015452274
826755458
1022977160
853612263
1046762180
1009148945
1033873519
975821450
1056388445
933655572
912165297
831169198
947410217
909172767
1049042244
855120369
981704911
840955707
1048545274
961744087
819140559
843293643
938729246
1032096352
1069005678
1005977042
926434736
838273242
870497307
1053520129
854509437
1063550697
1036433716
840785432
964292123
898562455
912611461
1007957807
849590647
914937298
996675416
912232410
829210865
964936445
998690405
913754719
828946419
952375282
939299494
805409073
925986963
945265448
1072821668
1071549240
927489233
907923102
890304754
829783663
915766914
951751404
858803579
955861686
846439542
826852354
966066312
877583286
839463035
962690017
1065893678
893820148
969837802
852733748
818955966
948594796
920161318
910182253
851230925
876446048
940136242
944962767
954257993
964637898
840686914
932375806
818061908
817586745
973808842
986617748
846877374
938233360
961635981
826088368
936828902
971554363
824117289
965217772
806419799
1038278122
862911540
836070803
1032628089
969663087
998282422
1030361997
942646890
1009386264
1064441907
920063454
933063878
887701767
960935584
955887640
886165449
849510739
959331938
932965930
813299320
880953905
1064623671
1040753702
1028937926
909201213
1028161907
997771348
984687433
993659610
953013676
967010564
925521357
843414413
902665001
883106332
927016615
883536522
890187258
907185842
866873586
815670647
876807158
941238656
907323407
809081454
1012130224
953968203
918133093
1036694640
1033710562
984430890
845355742
1019588479
839044186
838405926
940620890
974942031
825668681
1047098937
915008505
813622784
869249764
1045916114
857363096
878083198
1050876069
952115911
1014987435
975991673
851285199
1059902594
806911976
986451348
813715005
843005625
893868759
967960265
922837002
879626767
933298619
839637612
808897658
811317919
1018177771
1007869022
1069115325
931065457
1038573361
963498391
1062235437
834242778
910260623
850743113
861350479
1006597409
831904824
820874087
863581390
897876663
846127162
987155306
985457339
917522026
1036804250
894325739
830020406
938806672
988094996
839612868
828207236
1002098776
974894172
1036020866
1027094324
990918567
1009886057
815656508
836311365
1032931170
813248656
853024138
819254997
1068787791
994905658
985827573
1021210446
805672344
922669383
888484932
868540452
946771455
1021845824
921722317
841038518
966240143
896004456
956195067
883070468
967553701
982835459
960275152
920883149
900614127
1002954777
997579186
1038345284
974456352
1051338884
1050877844
947634839
877111090
840002626
1060701921
894212515
986626040
998695732
911316947
831967642
960366356
935183156
979744431
1062991882
959308586
851483910
876514540
932045140
1066014253
871406392
931730022
1021866047
815837050
1064373447
1021049539
903753887
846754631
925601929
870748560
873108466
924248319
1065408996
947008531
879322908
1063680587
806214983
955030690
893441686
905775780
1038868359
974265823
933647485
858294307
965544047
946134521
875068505
948454841
906665804
928493399
970873126
889004635
964746963
887444904
824010260
971373617
928363349
970651830
1008556082
846025739
856537805
848895355
909351317
1001272818
1037670863
1064600963
849419806
990557263
959796957
998179994
818485369
818513313
909864471
855708210
1054953351
963628369
843741812
987056379
1064681550
836257868
911063124
840028055
831476238
954216126
961812296
820444641
1056721547
971603713
997332585
944985244
940345478
934280982
958947088
891005641
893378861
945813843
811035831
1008238899
1008872284
893377351
1016832743
845924987
1056137114
878317786
1015703662
963114304
1026510533
882288348
1055130257
940099695
985264808
895855372
1035667986
813429328
1031295162
856548399
968200392
999184628
835073481
875400002
1012105752
824197258
883097915
1069833357
1030274941
888540931
817164764
815639907
974315371
928380964
987278684
1020902565
991231145
977482256
1011409454
978183399
846712380
1025083233
872772006
990740597
1026746929
875072160
877470593
875402814
908659041
1064365207
945835075
902305052
939958209
935833935
981175742
1024820589
835846073
1066236255
852314875
1060342741
982616254
925908555
1058703352
1026386050
843853778
1070244032
893567811
874052589
947643791
864814078
950548234
812903946
897771421
1024194552
898326893
870564028
974270547
1030959122
1034291726
1030443973
882436696
974304270
953999118
1053187011
1054776963
906701727
985538138
1064989762
838267764
914280554
906286244
865316358
951863098
983034946
879263271
858204796
1012620447
987944318
963977451
903752082
972893954
913662822
968980757
970476324
939742646
1052786201
881184668
1002213223
820305230
833241299
824864288
886359905
924226195
925969397
986009323
937020110
1014966743
892642990
982827284
853203151
995010019
1047080329
1031161675
1056168567
1063604399
1051655617
884779671
1010349960
805593557
925213832
860737216
1054650982
1051910811
981995757
984615118
813349383
945263454
1002309906
826356093
855976889
828631194
1040385463
863825990
1069690209
995808937
953373289
872734970
899892338
1035674420
959564522
963055022
1044745705
1052383832
1020172239
860324197
862448028
978024620
906771375
833710526
825755450
846723813
920657268
919980632
830338532
981942189
863241459
843458029
1065078100
1038231638
924908428
1008751874
812819190
1050358836
837925417
856949540
863791516
939546646
1047970121
812778503
824837778
994801062
1008383122
911709252
849233461
827349262
932982673
984658845
1072709144
1026228615
1060717940
806500842
924740371
974993597
962610394
833659309
1033302205
901139939
884725001
1061630660
985538871
875368800
846362676
955033790
824883181
860847238
935697619
1032610473
979355368
1056260500
896595228
850878492
856175482
878355461
836361067
882299301
858490894
961060768
901752998
977939682
813397508
820388988
940539922
831794553
863392942
986074025
952940531
922138199
1007243564
1001145147
947566175
964509743
953266088
1040116861
967276493
889552836
923424563
970094240
808695760
1009176173
877284753
929181351
935377063
1014172628
822798133
951366119
1007658194
898109533
957178622
985970156
1051236721
833963167
1004723174
954914839
812283920
1042034476
987249914
952420043
813804297
809193143
847361604
961109666
829591120
1072268179
1067855347
902942392
1058136618
805434777
835840369
1015785566
831828130
823239667
898556037
986000335
806921635
939716314
1017002202
863254750
882028435
904828173
954383758
970195460
870124046
1032509598
988453630
879598513
977035069
814323972
925569776
925697419
987419171
813293952
926161626
939069727
869917187
943497521
920967542
1043467600
840628168
902177051
861252907
925192779
826982666
1022156908
1067039091
935324911
968233200
929256299
824187407
1022891852
885814489
1035398069
810321213
994216556
1038306969
990127472
1026956553
938324614
932422216
1047561970
858400369
859339018
1004575364
813519018
877718696
832112182
1072251653
890794734
821429449
1065254807
984720871
809905879
990796544
1012473733
1054254911
860989649
831398693
825286466
810521406
991085083
891526124
979222159
886038939
995050207
888060722
1048243216
811252838
938969505
841283615
914290030
816911313
902936927
1012937033
860832562
896721669
846565319
871763204
819506747
823718828
832259681
1038580966
1020013233
841260447
1034129897
824693557
1007020956
963225578
1029366212
1038129265
943064235
1037724878
1033546258
884005508
1048423140
982244807
981303335
944969258
970818582
1018912776
1070670303
934278403
875085140
900798410
848164866
1049771244
1011812135
963913946
838263157
850438603
962236318
984458566
959904596
957185365
1018868769
931974218
1006135069
1020250571
858740972
863645127
1010575199
888680990
886302020
883152374
933874871
951089313
882508523
813053494
966844304
825735716
1033587915
975997779
1038861445
1035932792
894478044
1061021601
932086406
902978644
892905984
980084738
805764950
984481283
916895236
1026717380
881991587
833939494
926671722
1069649492
928372535
912232735
946044804
809401981
943799936
992391492
1006288500
891366215
863204841
873655241
1041453652
879029688
927381487
854198107
963194111
909011769
978571504
1052319036
1027874518
945661682
808340505
829449781
1056545651
977356737
831389090
985130841
882333277
1045068634
990736931
1064909368
831852951
917496163
847782011
970581299
997996624
856064097
958568467
924102541
975734287
1070193477
854982478
1064257051
924093523
805879360
832949659
964749583
907972421
936126384
1025700659
1048681863
942847767
1065889956
812634395
897524992
971443629
897720442
987177174
920068315
940914318
1000547121
1045457868
1044637073
887156509
964638716
950149287
1041801582
995836808
963610226
979057942
943565855
960016207
889561942
841986382
845883376
820780057
853294816
838503302
969397235
1001125546
1065572560
1071353911
1061357177
849495051
854899992
980542665
901396623
1037395591
995816858
896092246
1062129242
1056423132
988393054
852141626
823522723
813250421
837435549
912067722
991047259
903923503
893121972
959459838
966300885
834596531
1013463263
816911972
836708274
943267676
1003314060
1023222065
1065454535
959751505
949713332
1002829569
914380370
920438343
934290537
874331515
859010013
1033229907
1043623760
1073238921
895821545
910831966
868621256
964278731
938213948
809384261
924934184
955131633
854079530
1042669680
994431015
1065841496
1022006580
928671344
850468588
867689364
1045684270
993645586
926521125
921583756
823270260
1061905221
890229919
856266446
870173150
913263121
847637505
985161313
1046150366
998380329
941847458
1014554331
912195865
856040942
823773033
1004206273
846808023
1000430174
988215088
971399898
1026010284
884837778
1026144601
913935187
977254141
970784344
840255563
988114402
813301840
909417573
845253380
862838658
869761763
1036210819
911582717
930263600
896508084
1034441524
849160165
813043327
1064721291
961046784
966981542
1015459691
916436387
808905018
1065362845
889224644
847962171
1015163667
958183745
872190676
1058833241
883092126
1031983971
1030027608
812756555
1024964090
947255286
809976485
915756529
951922208
806748978
985113484
1021648565
859139434
841500136
1040046095
973178508
950706266
915174100
825605255
966135415
825626324
953635475
820865962
853919582
915172660
846824922
945581815
833187874
955862201
888408769
870107165
909719165
846538542
871443820
1024639057
875714153
869635037
1009054089
1072696367
904434507
997316874
986783001
979368149
1001836618
1056925720
896107144
844011012
892562302
806222395
933078116
978174454
807136262
828402788
851350717
934908305
1022554691
1028072702
1030021790
966205371
947822162
823217728
984034970
969018213
945977921
983002304
929269777
1029264464
918908364
825279723
948798538
887923938
880973475
882521617
972167097
1064503884
994190838
862915819
974747613
818595021
948969887
978965136
1006996233
943516893
912557037
814309716
917667557
815794910
912382254
1012302657
898377051
858278774
1016498539
1069913528
858153243
947810044
934104231
985375182
897428854
833819191
966104270
827111992
884681128
883647106
1060429722
1040068619
882002566
979085996
900585215
1013462925
877150366
996810677
1054916030
953373882
951760638
1061629765
1015632004
1057687131
930417110
815468285
877168255
1036252042
947388221
831880236
975105858
932766522
893479351
1025987834
948397625
1022388076
951475756
971144984
852052417
936573985
908503440
1067601468
1006441997
846124586
1043561756
987207816
828345415
1007558805
1056826007
951418629
988929489
1028376501
960411881
1034210772
818741992
949895436
896717890
850858288
934851550
910400889
1046586526
900738205
997810954
859718530
1060127702
863684597
823155951
866366719
850672438
1003474229
892647572
956172104
830525413
1067075862
959313772
980288739
1015433697
882173145
848503510
995605850
1071028781
1006477698
966004186
882538375
1013389829
869737920
902765713
845205144
1008058710
1063368422
1043583124
864375901
1046932068
954024905
951295093
1019366011
996962845
1030831535
1024568905
912242285
1017464589
906174329
951533388
1041615078
835671012
900336782
1061299584
1040950567
985010057
829477245
1032207427
864669977
889115707
942821790
1066135541
931888057
842003484
894851919
843495926
1010414331
899483035
867701754
874408795
930378914
921230116
862389501
847714125
853981781
879269965
1045505471
866569440
902539499
875343088
871999562
999516908
894695699
1045776059
1003103551
1054135422
1011951481
1064600289
1010827101
907190365
892323908
1062049969
1066221158
927575069
1031715429
988610444
920792463
1023214554
1012685580
810871464
834008504
841672063
920574838
1025308758
1018759337
834980229
1065863357
1003499202
860712985
868653209
1010594858
862663489
971261746
997033763
895920293
948073910
953799573
1072911661
942538434
872095773
1002534401
1045048661
883187094
845241484
887826597
1071787348
861602853
972557017
815820693
836503728
1054661319
1025407003
1067644246
1065733312
850959013
1051265909
856383567
809952149
930134209
877724519
858151093
940909053
1039724067
927364042
857616780
1009699099
1048689616
869038278
806081499
843630541
834995963
814072767
910737930
877601537
1011093371
1050097920
971296486
890284875
964130562
928012148
934279636
817303003
913956846
912597989
876449527
1063113701
875671401
829028914
1072506052
860526067
1067992761
932373686
1068726008
967215556
879403340
966355196
982898108
862290239
878481439
1000820063
1018302973
903187884
807404313
901392089
809594536
947601916
1043130143
871024277
859054378
1000409119
991854710
937312473
991061782
853418381
839710751
1036049821
885034375
823720035
1028173525
856886446
971605938
1049653456
1009113807
870322900
873415806
960794503
977533658
909690188
861467118
1056409803
861227230
954373991
821626413
911085438
1002454858
1008762261
1049146893
981915983
910533524
829989717
994706729
898616039
1068793351
949563677
841810700
835008202
970987725
833403988
910181561
809598499
956747237
955138238
923814610
991302703
926634211
1029076773
1019315290
1048769307
821703515
1059953977
1047543731
979845385
1038392365
1011954395
965961549
953202805
962402624
970273434
1031322027
1004887119
1004620193
859367269
825698520
855595278
901391384
904655869
910825789
930545359
851480663
990657823
835738342
1063822703
999697210
981890946
952481330
901278569
1035134153
992868154
948745330
1029310569
878319329
931704971
989742974
870977050
1028265510
846121331
1006332656
889728058
1031090643
954580894
870420032
997476395
868756295
897924400
1064598648
1041237292
905040573
819660345
815137252
993043073
1043615109
1045089892
998391137
882462137
817917579
928599575
1037618396
1022027562
980293892
1039950030
922735845
897218888
1028615267
983358959
996950854
903985750
837193856
853057054
885057878
907494725
1049802247
960313196
1046233732
894780471
962048064
825895871
1039146117
941112770
1057017045
837763005
969750929
866493993
851397029
1021089152
979973161
916082782
1010719456
859698511
832313474
912392513
889476273
983434189
1025459671
940896325
1013873226
1066452408
939889049
866052807
897388979
919546405
1025598670
910271116
890238464
930576181
863113701
901424398
869825856
1040879297
910782479
877298743
971641773
853586934
925619399
946045789
823505800
920143203
874168827
861607298
813670050
894449973
942951894
864973775
832314521
1030366791
1051757467
958667092
928097291
1067040852
817810871
956429800
909571633
865647854
886740976
995124535
833607227
811389752
938915861
856644481
1069798589
1042529353
969696404
913267044
1016362625
1047303317
958301015
1005651348
902359813
875599360
945941771
847385890
933955645
903055609
925458015
1047453363
848481791
1052969518
867337288
970263841
839259668
871723793
868818423
880803685
879739304
1008941085
821831653
1015015351
864000361
913124046
1073585292
894635415
968421586
1016946973
995202874
1016131900
1016348244
952926915
900218571
1045485037
1033436421
972129046
897813037
1048896731
841734827
815305047
931172044
861356780
828289053
1015319809
817924097
828685796
871599585
811925304
1029798054
879825283
986223064
1018189122
866498020
1053242911
1028737673
934331697
850930188
851367468
846046344
966615073
989832129
897305920
966111091
1057909288
954218805
897786162
919529246
996727696
853555569
817590296
948082480
1034379673
880722023
853527876
1062658517
993923056
913658823
1033998890
955494767
1046823246
971606555
982906497
872703736
947110649
1065413803
847756464
1020108047
1064196709
931061388
960507688
940703432
820883968
859869516
848760471
1065985022
990572194
1030313125
950778045
827043214
932438985
1063378571
934313066
917656126
893896333
1017474098
1023878243
925273275
934804405
908149265
922312159
966598770
851731041
874666238
935320267
839651827
934039694
924395176
960231987
861348353
913496408
1042178707
951698699
837360108
1064305626
897254035
891431533
909805717
901810760
1047948618
1011541393
1004393702
893915316
948138014
897982279
1053674877
1036820777
975652337
992117214
847364303
1007042427
951682038
852608753
977349223
1000614689
816490705
866134834
868150736
855545346
998544445
966802792
1032139098
843373357
993639670
1035798763
871933745
864416648
994526540
950224463
998358016
1055525040
812690354
901189582
1061096345
1060795530
824743821
1056436009
857167862
983099864
1018463064
898276464
947907361
819346987
1004670870
960796354
852793071
1044617874
876186866
920382368
1068826226
971827813
905143092
991624335
893078245
1066304529
867440710
903742653
1044306550
1020415632
1017596071
868152685
1048361215
807563985
846671297
1030929394
1036797339
820046255
935394127
902192173
820119541
995688034
966216069
891155925
981326361
817740413
864920893
889336637
1004096745
1068357999
911204381
952464979
1004165722
878890908
978763966
865089486
963023430
992328456
880819295
969709735
895158757
819600114
945977445
982228027
985097732
889888216
910953714
927495966
866856029
942936461
1012637864
892814898
1021370931
823096398
813108339
893653480
930896423
825142108
1017992158
1030358313
937684918
907124014
962702803
854575448
816203080
953664924
950653156
1028744037
1004953085
820778326
1046757290
935256239
937508827
947080162
1014873368
988625737
1062731234
837786855
1056646929
831289303
970163260
909795918
957475917
899343377
1034088150
1008073671
819777362
1007185537
890899609
998752034
1035371380
1042478342
843822161
1033320837
945204926
952106790
1049013089
998698918
1058183869
1008348301
903499548
1008409825
1016929457
995341886
1030034632
1069578588
938072707
939070955
876789776
869086505
1011951193
1066056457
1038267521
832041384
890506376
1047095232
966741397
827391721
1017685125
1034693597
1062933528
1043613245
811201811
937200905
860059241
814225672
1054238972
917503665
806031774
816756951
819534570
1040369211
893278294
1040260053
1024399113
1021436068
813607394
880141379
1027986191
1034264421
1069713872
945974604
973028706
1004511507
839023289
1009029817
930721572
913295014
1068944313
878252515
1011315053
990817106
983278608
851194646
951817754
931499143
865501341
977830987
951198070
1015344611
848032548
809475637
1011605962
900716709
941331741
850147041
930948106
831658577
973521346
909925707
821521962
948677542
818794628
831557415
859272524
965272393
882339952
807987590
1001639890
830550459
858868128
1054333248
813865401
807520720
1054892366
890450625
1037308280
925855954
1005148377
966042446
1020609784
864765735
807116884
937722183
913709149
962895597
891458211
818622023
970997474
858358230
990876512
1050870238
1026268166
1010829524
1021685738
1030908775
893319938
861514609
988833461
951674639
1021134272
816253426
1020660323
1036767078
868190734
1035018517
939784063
932398713
1000504920
990645336
898525659
1040500079
1003226452
951923740
961045007
1012911806
1058238990
926595002
886774297
951411048
1025020225
960360742
862373398
876589330
837135850
931984027
1034512813
870320535
998378380
965219726
987867453
823128491
1031708828
876294701
936629901
838964630
956612294
904966328
958053685
938776422
1049636652
991425605
967513238
959766545
990102891
940504889
1060002853
894366146
1044988780
955407632
859002817
845469899
1066417503
1061081666
994637891
1022859466
1031592074
966073667
896403982
1014627373
854074836
912334523
1068378686
956703475
818408379
881247015
806922257
889034569
881324701
982573763
1021135703
891253748
986411572
993884914
991744467
1073345615
947668878
1012019333
931873078
806963313
905467776
838735567
855146605
914178745
850422670
952707950
838013549
1056995107
1069429348
827240876
1067241005
1041027338
881292730
1004847994
892066714
1025297135
1033279096
828903454
833264032
947667366
850303682
978390250
842472399
917875057
991486369
893220282
1040099782
951301712
829188806
805869056
873589167
948122897
950872135
890094806
871895616
1045746110
861433359
863910107
864500153
823249377
832070685
968723995
839008342
1057562036
806263533
923999171
813512946
1070863047
927459665
1048064951
881917296
1049097381
818737003
913871178
932058834
902207035
945678143
921096338
887528316
854070766
851176714
952963425
927709639
1041112847
822014171
979745649
942428678
941808879
823034733
930507598
807608449
824693086
817084332
872979042
942831642
1052601146
1035258640
1013082384
992769282
964543994
856795606
1059227024
861121883
981383382
1049703697
867308673
927320240
1005996408
932795905
913320119
1054746178
837749647
1036624827
853064681
1044994810
968499268
890287335
857543349
896622850
1040220445
1009463914
866223115
806635813
895814237
1051544909
841372803
839473921
983871770
806002772
1072668752
847504529
1046018209
935977801
935071669
838876578
889552155
870860106
985417144
919636664
951164802
1013347888
855083381
1002644411
1006360723
920709984
973468529
961618537
888970056
1015926893
957413255
1049259444
825402490
920905917
1035045995
1043175031
882913546
852160827
1023309169
1040737632
843042414
930925886
811011262
933125213
805880471
812051605
1018665393
999818575
907643385
959480638
971665186
955260396
825704239
874120951
1056082828
915492947
1045822784
886069226
821906403
809876726
1059950427
1061526017
1054615070
859725416
1033368111
847703444
1064960808
1047995682
967106382
945142308
991993072
1065551083
837653027
1009469825
963906449
964447085
933401050
965977468
1012911685
953162908
1053352670
935651204
1067882435
922359688
955563666
1011834223
1065850913
1042201242
983272482
881034473
824532312
863187895
936849546
894672065
1070395727
1052887554
1023740713
1006425006
917652927
903024087
873171559
934769865
894330345
1011002132
1042202962
1050465740
1020827590
982893173
818077445
1069820485
857017788
949520315
1058912701
881621691
854570262
994045811
836959787
814660379
1008672812
823800574
915237635
1025623757
949546894
816217440
967774652
830034481
1017849758
946319840
891356488
1052115986
974921762
961490479
1018241262
1058764989
833425259
874518326
957661120
892727028
1037443989
1051891264
960526051
1011338379
1030296925
1065252607
1044605605
978893144
819150169
1022569674
1036464304
917905356
1025158212
857444136
1030484243
934502490
884836329
848886914
972375226
1069385225
851614854
1038601571
827724949
955677507
823352460
908201152
915413881
1034857202
1024479629
1068696646
885573061
869864023
1023998780
1038351776
999281078
806942957
986476617
820894107
1068168645
914747031
920732667
961782645
1060445778
966478212
986427800
877860957
1036566616
893451646
854451233
1051422507
1041005568
834047865
983478672
956026005
1021742807
893238062
944516398
821315092
843823308
971245124
948011882
917569870
926674764
833572659
1012238418
997687658
972007470
947326922
1058330119
962019587
943845789
864626195
1017748283
812498122
937249022
853524307
962257585
1069232009
901516883
988209069
1053436071
1028082799
834497200
844910932
1054694483
945687977
980378845
919264480
909537463
994290559
941278207
922632781
865979412
1069514405
867835757
868302358
818378191
834530139
866662382
968219920
1051173711
877917605
987957599
841775250
1063959961
883879621
857737218
931308195
898540574
818501972
865811502
911566291
1036108749
972198412
835302653
953125628
896910639
885646269
960720271
879165522
833682779
976480513
1019312298
908579987
981183302
1048024287
845381334
906669951
979911851
973837138
840343304
966790779
1041032663
857334740
851109423
1015144652
920718294
1047215231
977677915
1011846972
886920371
1039609850
840421255
962779309
1041175667
885213288
859362808
872236056
982983119
854916279
819045423
937375599
1056539774
922671960
987791538
859904179
845001788
933439435
1061176433
1065122212
974061692
1002807269
1035567084
889587469
941213960
1028351134
956804954
940600241
876011085
822493154
848067139
1039975534
968129532
875693461
993161111
829213987
1008179608
863592529
883878246
876600141
895246455
1034192271
880881400
899693652
1055728672
985774607
1018224393
978961586
968661759
943628155
817324726
1029139570
924606890
887062413
922695967
880550819
942453530
827984979
806268501
857095794
886835763
869800500
994884884
962093794
1073566989
1019565035
990273054
994805849
906964228
878558600
1044950471
906527558
989793989
812237547
955156420
1039786178
930582787
1035463052
885051167
999771888
838759351
950357880
873588155
902894204
958123697
902649334
873504381
817631712
1029409514
827226917
931964708
949500052
806811887
830152762
899883403
1046735971
934210895
1058724295
1054620516
888990781
844130531
985914461
1062579175
944369719
866139186
948292575
868105364
863921203
810014115
908810806
865812570
1054751424
880203791
1058070926
930667169
936019159
1028137084
988582391
1007831679
985682032
910557176
849315737
902919077
1060115436
954119798
848480928
943583760
930629407
861524150
879466621
902345299
860937999
1008964077
1019774891
993640810
1028040714
929516958
869614364
1047039552
809733850
957142166
1015102371
829787326
919181867
865589788
988255793
947255723
1048523830
1038306515
894611446
978451800
1048493512
1060609200
1041530762
1072912835
985454447
969750375
1022219682
1072649298
993240532
1051463504
1012884455
929499507
999853468
1070728556
924529245
971238930
935218665
852280949
846515673
809358144
1005447422
863118155
1000427520
1052322565
1015453300
1063996994
885543324
997253565
942153864
982646239
823985262
967165731
1021015648
946104359
868078763
937007201
964327830
903630009
833735643
877401781
1051071411
935094991
948316509
966394784
930163701
863551038
870651000
813013795
930863213
1049498026
1066768954
937047285
927661952
844955778
1073357348
979633997
1019431609
892442321
963638385
1063105443
809544278
973214502
809063039
1058538321
874041938
1041511423
961964361
873165462
853606681
1005779044
1029018461
864848950
882138439
869897399
1000536922
1013174290
875066829
850885161
820678221
1010170911
904053317
916676577
1051300094
955484275
865862979
1065249629
938683737
820665783
921846738
963108873
1063849641
981378002
870398461
963693098
1025148273
1068094496
827930580
1002985461
1071249873
1039064006
984718156
1063460417
852375516
981434763
899111090
1033884652
1024617623
996263437
949293870
885155273
1032675233
979867074
836233866
875951791
843753687
821515578
972757215
904293430
958079636
1032418924
943319514
1012283663
951550438
891732718
977712194
922216655
1052470647
928074155
916145490
1042642567
1034592898
828372426
811645660
1052280376
986520758
821410831
1022538345
1037402246
1022929265
814952808
1032910908
826104905
867710313
912880614
820345969
1002715648
940415010
1015211095
854438028
963669328
1016139416
1014443849
987339414
904265053
953145725
986175115
855653150
824182936
948763051
927732573
1048480709
977269629
978167057
1000058351
920502425
825387477
1015683146
1053851625
920693350
852916641
909350163
998673425
1057595511
958466727
821703810
940789450
977845197
966900780
849761652
1027136289
1012156871
848642400
815964494
817219957
975779158
988108036
909271786
836779579
1043170048
832903113
1040313630
974998728
981349977
806294973
962933467
874482280
1060527645
1034037601
1007056521
1006351933
853419563
935021240
856430289
1037492903
880915775
920611532
961432041
810600644
983652746
923370851
822060090
812877765
810854590
901339501
887011266
857529759
912965205
974193182
889685834
936246010
956397576
809227702
884025446
1017182819
1028418163
1017285015
987401050
960156246
823911886
989277340
857233425
944415921
1044683263
806560728
1024451048
887436632
912816805
1051964983
847146887
852726948
842116986
919081978
881873749
870625701
958207135
1062406640
939304289
1054245646
810944824
910660819
1025693533
942571885
876166109
907281975
1006768199
857713721
1054931170
808983878
995518343
981600694
828313704
884362312
906665621
911953682
974337296
1021425475
837512771
968434728
891246963
988558946
959198651
995340785
1061994787
1010998688
872661318
861786598
880669137
866359528
1054654263
854762408
996757688
1070692516
1033442240
1062393399
945243514
908016003
810112101
1067926494
973243084
971434003
852705421
937969401
844042902
829942909
872286167
944397330
978644457
985992823
1000226722
1044099013
899209175
942953117
817722282
831213129
845588193
850544856
873411278
882117078
1012724258
970026976
832612588
951259893
854702184
1068101278
1016275699
908881646
999984202
1057552789
999456975
1045997550
1051113318
1007925355
982480479
962376862
959832084
861002241
979067673
893191459
1057054185
819520502
819596422
1061499573
819907708
928743536
844161649
936334938
892868051
1036107182
919491780
870451560
969446400
856310539
852113811
991695708
1035256592
982578995
1047985002
910025428
812809648
1001679527
948765088
932969022
970996871
914855189
956878861
838366370
890561010
825889379
823782426
1027407867
1013102328
951380898
844228300
1071916489
1002408035
1013663950
1004114101
1027948609
881926152
983718874
980259616
955318418
926943491
1046995009
817235804
884801776
1047625360
863245925
909244103
981570234
1061617927
989386144
861430373
836012890
992754980
838333403
915782307
1064156990
884923733
958327020
877115588
899630865
920323976
863602843
894782256
862824134
976088069
953443202
960469198
860681140
887360296
872386548
858892906
846672899
1006959869
861067649
1042331377
909766534
994044109
967585085
907974526
1009060136
822503756
900829894
842844820
887206903
1055465253
863477828
820616878
833476523
810783762
882561044
884303035
1071543686
1069860846
832486957
820113839
861047204
996123448
950547285
960644793
953260184
928060369
850727304
1025136600
832890310
894345314
966967414
1071566518
1058245955
988756566
972461031
907346546
866065064
880588172
816090581
943281395
816629020
981769341
1005324724
816015526
990531773
926150081
907307930
911464502
1034428779
961798941
998809047
1024754396
1033492053
1059528001
925768005
1016180304
942701993
1038605372
999854240
868191921
1060463179
896591973
826079795
971756361
991519536
1016065443
864086485
898693744
935347122
962843479
819533697
817580966
999637153
1030484095
1038270993
1019699474
806497690
1035688831
962128274
921281763
1007400922
1042871137
889987126
925392043
935073930
863716154
935455803
903316208
1010200589
838169330
934184850
1015781849
966683412
811569727
1058094377
912630838
830502460
1039770284
1053482968
866585861
1018843958
914965651
859839294
908539872
937940452
1009420597
1029951810
929804073
862929242
899137964
832399203
822414487
893216145
840853617
1061275358
838342210
1015679354
926401463
836804558
960735008
877680662
1044027593
903811700
931483141
1051803422
951200391
861902378
930090590
1019807850
1024282303
957595820
970737019
1027427687
959000914
985661172
1011292569
1001276544
912199556
1035365375
1020287966
933326772
950966924
906147780
941890397
1046440757
811794615
933435836
1021362864
897140826
896315404
1029987029
897341122
965933624
863150784
1013156636
995157652
916090319
1025219193
891004013
1025407879
818586721
989126059
1069890648
883666239
1009245663
1025790090
1060597985
891614808
815189176
830511305
977432810
1036165243
977761287
1056037117
924866444
932403623
887342572
969119103
956969355
957559659
934984515
895664524
876835694
925090850
855737514
853187488
930314149
1020556023
942016245
912254348
911057210
873433599
884081187
994086031
924256623
910509466
1018638330
827626891
1051010556
809022517
966817323
1009453396
995637354
1059860989
951797855
918157871
808742195
895748274
900146832
844396107
825052144
881549042
926194681
819924931
972814126
978750161
1025887149
998868549
851439351
882689749
806239540
832561143
849458272
843078644
1049732835
1030821570
834341695
945826907
936368962
838721489
1005354082
910980856
928654555
815651938
830189513
876772118
1057696104
1062489546
1061582705
822748115
892280886
809503166
1069234208
862635987
1018571044
838774379
923256747
1073680459
1009924815
813308960
942046599
837173090
903930253
913788293
939240287
986057412
855278050
869380678
951031151
924991169
872506097
993735099
983806531
1014581476
839941177
812525941
913083523
930084623
1031180124
902832083
1065704985
1005088495
1041269125
1008427265
939104690
807734436
972141603
1065012584
1031671817
908121126
1051052786
846205739
815252668
960423023
1070401875
1057451326
1051123130
808493592
1027796878
993331641
990865081
975248016
998881158
863271524
852229066
1049302334
964931413
925222734
896033049
905151888
958300825
985994229
862638497
831145924
976961842
1052937384
1058621888
911176529
1024321921
895086298
1052392823
966820885
835859242
849575820
863465001
1048039696
838963827
898585526
913777140
977625545
1054064054
924804131
852814306
810105620
985134972
1062629146
949339482
1045359955
820763694
854100904
1032642335
935339165
1037106377
1073572938
898647873
962163497
888023558
903384016
880547421
1071968949
877319694
1041206118
1058985115
1059925490
951735978
1033121833
1037010341
1059629421
1029531528
1025583896
1065915685
1001389749
973917686
1056365350
891884632
1039687114
1014827367
1052502145
972179351
1012505587
806970950
914239889
868065234
943989138
831918346
1031643801
920015003
1038642421
995374214
894204473
957783007
970447770
1039173599
993548422
927266842
840350666
874411589
894978232
1011977685
1037522560
974033868
990317681
877443711
1029291760
884129349
1036310510
832904959
889137440
1008052509
901294790
812911171
905093484
1024411096
891488565
1033438298
915682591
980658461
1060686659
1013569128
901291577
1057071501
1019050417
1012439343
826373128
865448369
1027402392
921651739
929567045
1041721692
970809591
810984797
1021813174
844453974
1064496848
873919525
820504047
826977125
1058851895
862771294
895010239
812581964
920117551
876481650
916576852
805919063
854755758
1044737085
940299278
922918059
879936183
954643063
842073888
928782512
910373260
892782535
818263213
1002332104
1047053065
808796870
928351160
806463683
805472839
962092501
821570542
1067477480
806937015
935778916
902503581
994510432
861458943
1037895611
1008217000
1042822869
1068760960
1023008676
989502530
977353028
1020504672
837287482
963665283
820562458
948360625
1042196977
840970692
1020907899
949012705
806680120
873439023
1030578235
889120043
1018055270
840528064
899362585
869215703
998258276
843133431
1038753779
941194158
852796230
839623090
876484065
1022725112
947297294
946626442
965429801
838334820
855617387
862709306
848220719
955417713
991642645
850810327
856812949
1062074437
1028615488
954297981
927371963
889211318
894099055
834850135
872211619
825405676
993326804
925141347
1025514722
812192153
1057820880
1018896643
1035546400
1029195921
861505787
1055426707
953063033
1067679531
1038068132
877450717
1049457039
877883784
899298820
895172183
807633662
957868417
984375379
995036934
844415740
855146738
994649427
922259077
988828581
950882113
817636602
972785419
1073282193
1029011714
948097401
947039657
1053953744
869262863
813431972
850442185
891698403
1053517155
919506036
914187813
913150183
1012550912
910984373
894257980
830987626
967641236
1070551507
971845172
1002159134
1021757025
1009229000
969004010
997734345
1070103669
899857131
891134614
943230177
897290274
889176999
939599898
928156724
866927775
1027630737
997044212
843479328
977588086
810737582
1017435049
1007617921
1030177829
849814815
847761019
1009559724
904906188
1053960286
897762479
1038673133
821347218
951621033
910434007
879779453
872144763
912608171
1024490779
828589391
976991188
1069422426
1037520587
952160511
967599394
979728948
1017413810
905455977
892041171
1028898723
928135332
998006687
1065817054
956429702
936331501
934253286
876214258
950641960
808871338
862997117
939420261
1009229648
1059679786
932003124
815942139
906442152
1058589699
1032787227
1060360312
928437066
1055148841
1049835651
805491913
923764970
891420745
947707508
1054379296
912762803
889564997
856371181
940191235
1062597774
1022084648
903512348
844892139
818539530
997114566
1055306352
920473590
951577289
939699336
807052525
851257698
955482932
957353163
1046186715
1066262381
918594701
965477278
932913389
988055095
1047156681
824633368
871300525
1058647465
905481850
1048646016
1024953537
895750505
816392462
953066052
840144703
828683883
904267838
966186061
1005970413
916394820
1003584205
1059570888
995572693
1056700720
861173058
984184374
984243611
935664037
916720823
1035844653
996173988
891510833
972320940
824058877
1011994376
920373568
1019389145
864999328
826644919
940923108
930510474
969404498
921636223
834006262
1008951086
810170838
1021826023
926668791
906632821
829024491
1065885447
969722688
1039934109
946167492
805528856
970256793
820881958
855849949
1016164628
930930393
953556767
998405702
934728292
1050804454
910291396
911989960
979118261
839333512
958907184
975641462
841263705
934016178
933512807
1024061201
1066401473
911012448
849646357
1050640595
864382486
862524136
1043655821
860227722
1004335565
959866597
881307927
1042434516
889953825
876276167
981978013
926747842
896352099
913449251
817274114
909970413
1040175080
1010152690
868854512
814562057
874673892
985155020
1070217709
1048470552
842491859
968364737
859861580
860978279
883146278
922099340
1027897443
941930687
981167247
919952846
1015473701
999583905
896725802
868990742
930920658
948172058
1041330929
864987424
1018446151
1065253957
888483432
872714607
941237161
870410807
1019065956
986697433
890503998
1073168942
807814565
1027145713
1072834927
1038849805
853401669
1025148387
960448707
828812215
875037575
1007756224
1061807429
1007593976
925274640
897467564
860516901
813216941
828097678
914833851
823146656
866473597
889753770
992213808
963156112
937589786
1019111265
1063097537
806647910
1048301665
991330027
960887401
1033996450
991196190
1031988495
1022659595
1029943822
981868722
1069145871
1004543310
1046868728
813877150
1064173310
1000577826
1008976733
1055869580
821699316
888708696
1062143567
1038370881
975177083
997175792
992651922
1016527420
1071281339
881328091
822704955
916181492
858312433
830018830
952039275
953370028
984533282
893313316
820495715
851056793
857234353
978172360
854767482
910857870
845850467
1036198173
820475968
848126126
912405525
858283325
845891528
814737139
829455739
944636412
840180983
1028556696
1030731609
865704143
1022097297
911131221
1032445271
870929181
816833813
838447791
808194823
946861648
921990867
944797109
995220373
1041472881
966929215
813691525
977533203
905308251
852052349
1047730338
896251240
807404737
980025466
989526853
944630073
817707500
843896402
874953969
981816942
1048205708
1067503084
1067966972
1007999816
949971191
860612182
949682653
989607600
1027548040
851999559
922672338
943572253
840429785
880733514
977840198
870303994
895276537
918004338
1072652985
976225624
955308449
1031288504
862278346
1036288964
915099422
1068696434
964253843
853331829
1006211770
1067260998
932562846
955991626
882321875
810725396
954056087
1000682567
1032858048
933406931
1024610532
909384145
1010130194
894610976
963495624
857738297
1021610984
1065642413
831654092
1007411862
903186061
920506100
823022267
912193163
994790185
1065207064
934401719
841385262
1041753668
995281627
821841346
958120125
933695327
887875459
1001460045
975160932
905700444
921206539
969119532
942106971
821749194
1069227371
1063250871
977560860
841398684
871619798
828480315
960777955
924567188
1006233022
943596156
1062017865
982258538
947782232
903261848
1066506650
1005104776
920803927
950937736
1001958016
995818215
920253330
1023536864
925547749
852582173
809211583
989911397
891980866
993143362
951662034
851253059
954468738
882809028
909440452
921655521
988205139
834737561
945669976
1025130199
1048564961
949010464
853533752
1035165047
907608824
969090721
957164591
1058860077
1003198358
1033365501
1046349371
807765171
1064257910
992619814
956959433
1038865650
847233469
873208717
1057558724
911662471
1027534024
871160228
808124125
871916276
1047862186
905128309
900136467
929110030
834736080
999464964
1031605340
1005536594
841293682
860516843
946314777
980867322
981419235
906968090
1061912248
1041037658
836643454
1045551792
931383021
925941397
1056879735
896529309
978893427
814971673
1051564963
923000372
904127529
853018863
1034235009
937562633
819436853
1001999592
845546756
925536029
833545133
1058251153
978152171
933533398
834398992
1008274213
854764170
1068210640
1057980112
809419419
949484677
863572158
1012313239
910107104
846896405
1058743415
889515554
938541695
1069795367
848572744
912296923
820457019
823186094
1014552113
871117379
828749739
1033210768
997984168
1046007691
1040135088
1011058958
965461471
1014037911
817001187
1023693184
919042373
835421310
868962734
1010599389
862696386
907830053
1038520352
839371046
813675052
1006891701
978235144
898607859
964732634
1038200910
807476523
948028455
1064179733
1030742973
855548322
818177278
985116844
834179137
823963995
1046284301
806494437
811620345
889791923
1047195475
925955718
960126627
1014364424
997011504
836712557
969407926
929341426
833525116
1006042310
932676671
1066289672
835713244
985084398
986911147
941055758
1020011274
940345194
911448753
809143476
812739113
839886827
998939243
1029947591
1025897093
984839041
1064353317
850811024
819014110
915874260
865982895
849112983
1058337783
1003840018
890809836
853313491
1008681847
979825918
923295251
1010548272
913118324
835463081
855388137
965664950
873707319
1023160787
837579139
979057989
949195020
1009887268
807546615
889803919
934079047
1072319697
886712495
807144460
1003395707
995549135
867247005
1054309083
1041349487
1024420105
902151219
1050427093
1060305316
939888836
857197991
830506163
882680545
914180256
907947500
983520926
833923569
1034278954
933620037
1002209237
911029400
855008128
980391552
941887120
919884315
819200507
975087401
1052793780
894548686
898207573
1062328990
866176691
825695302
943711634
1026179546
824774042
860307562
938090891
841085640
812820825
1016246260
976925281
950569090
942229056
1058229710
913229510
898462981
921598503
961785311
1023597208
1003098355
905174419
1060916002
903596414
1056918429
1017744407
918620267
880653774
897449215
948100270
939826477
926844404
954781759
1035868269
993461604
836174830
870604617
969567897
854552392
1027182653
818762525
879601394
1036075329
961745023
1047855080
997527023
1057884004
992951977
1042788990
868397880
923564062
878763892
831649875
963043404
945723653
1020054708
902045050
945413326
935933893
931811947
943197304
1024179568
870169323
1010711315
1013453894
884303624
958009957
875669238
950699755
984625796
823359182
992802953
946769815
1035825192
827474548
1006303947
958882386
1003574793
993539092
895327272
847369067
944232004
1067599245
836212555
876175197
992964682
869786653
828629043
1008463092
813962961
816234955
893666599
894934628
1036510738
1031071209
1021028388
1046157028
1062919364
1023551235
1067869415
860459038
980801293
823562139
942095953
1009075685
821656122
948496415
835057279
918195602
961875034
1040259647
813352489
913762200
886343448
949065499
962858883
996042395
894826087
895992438
1072628696
844907927
971223445
1031847428
942390231
954992622
1051575246
865784988
938378125
1072243173
839463561
825624765
979389170
1068113435
965323347
937996643
1015265086
948031058
995221123
1025987219
930024066
933439437
999679612
943107162
970175112
1005108109
942780869
942554076
1001237340
916908804
829317762
852616999
899426136
878817496
923492168
855211880
1014357692
940261949
849193874
1038594485
976935910
904656411
962923615
847900600
1051300485
958915786
837512603
837417477
955989678
856937408
860748449
893640584
1001682814
945114813
892020931
886230495
881660311
887141369
1053235810
1038052112
988001276
869765452
1041102106
1027163875
851893414
876079604
975050028
1073491547
806659641
891239359
878469235
954067475
1069681293
909460179
1004271412
939776730
1027255568
925674079
1071586601
884710217
1007176356
875333011
1029185536
951878116
842613152
855754644
981391655
840967940
846425335
1071048776
884555734
850415882
877952413
1028748657
824997010
998347035
904066286
1039716452
847654813
926637455
939181850
809126027
887295847
917782787
969625301
841617742
1042618634
1069744870
836672369
825830070
998669994
956282685
995604784
973056400
844499240
865279986
807799219
843981009
1016200899
1052171700
862871522
906285821
1029644798
898342782
982445353
1059381595
968694926
1044829703
1029155829
986082981
883967123
969350687
1055458984
864650989
998104806
904786340
856245267
823495549
957559710
1012604053
929900825
881199433
1058258146
805630794
860829303
1002711814
953906286
938504276
830129174
1064104681
878752595
882908010
938175578
837486131
967916366
921589687
999264369
838079951
978159054
961008751
1022068035
1055028120
1058948573
985818521
978011165
910525793
960001962
1061513051
830964568
886190187
881874629
845399819
842387962
995215213
986884644
895584327
808934141
1069019213
1045222165
966462781
951041575
1068662511
892653612
820263482
837520766
963815000
1002239530
1013401055
885286107
837738111
1004827113
1041156760
856852906
892550683
806600849
997586772
1025428093
915397194
830255848
996629015
939040017
991489166
1039175242
1055784714
985987538
999835968
896143193
1038489357
867765866
1059150916
967348708
1050844655
843021587
874033587
870251830
889157886
1069532757
825672796
989713760
996284614
821982337
936056423
830255985
1055237517
920356958
993177905
1013381211
846429241
1035927390
830752894
987420349
1037170297
1065580362
912915335
1017166371
932724799
1048021440
1013968071
955657346
844737004
967383829
891220501
1053055206
1030553878
1003253443
840958579
1023415975
822404992
879976181
955713131
1007827966
1002766956
1037107894
874493242
968556545
1011683341
944896604
977143351
954723207
898644230
897985571
891200331
1019622077
924342810
1019476124
994181528
1028662190
1015059154
953093265
820329599
986185161
984903549
989928142
942835946
987807548
915517787
1046784962
837337869
866495589
1001793808
806464347
839034598
1063915239
814612773
1019601124
999126240
912784929
1008576179
882571135
979606762
913798175
944601566
991356610
1023328714
1012506872
822699410
975343011
1055372908
1034482332
955280919
894206475
827654250
841097628
857582881
924841235
1039588738
908222565
880389169
822020477
1020311341
997237583
859102860
881164232
1016651913
819499634
915634965
860615630
998791854
1067995940
1006552623
875848838
977971668
882987554
1009072806
886956014
839014799
1048254055
888816959
827002881
1040517336
839583056
958113064
875631427
847656921
913982098
1030711543
1006651272
889021775
1048180297
1070341291
878984390
1024862173
1004536267
1036778363
949288933
1026350695
1051292913
875748125
838721780
1026176838
932501329
856337103
891352449
926963742
980491473
945026408
859895967
959446050
1057784051
958350191
922426730
949687840
1006493085
890166012
1051951034
952767178
826964413
895955816
822792298
867948104
1050899676
848782416
912680762
1055187709
1066865573
1043277434
1035944728
1000040617
909027771
910749483
957579249
856018619
998719937
833486798
877565531
835748671
840074124
834132141
986462926
877170124
949049588
841634440
931949653
1058332608
928857275
924813905
851395605
1057493858
1007968622
865767797
852391011
1054822340
870457429
995228772
874552648
978555759
848449465
1035510538
850176579
938834546
1051693958
897150864
839304337
981662947
996135054
1028191973
841781794
835221317
1030093632
893930401
975681621
824488293
913189126
884679590
882949566
920810328
824807374
903358831
824777210
808673182
908748084
1042783102
1004304842
918828658
986741809
968385433
996121105
822368268
864794139
1054093042
923597571
827810244
815398336
825107460
825106119
822614842
962066002
1048878466
837910006
1003527494
859532562
993398212
1023952623
928412939
1007771155
963970248
958017557
1019334253
1002723537
928873533
965025618
1050566953
957110118
1059813931
900924624
1025928028
818981579
1018354237
1065562294
986726818
927084450
859049785
828877500
921976360
849014571
1043192724
821569188
1012392939
860137393
905557813
1068491763
945761966
926580677
903310119
1005179698
1040565963
884197143
1023194843
1034049954
942274298
1069319627
1064651244
1039419349
1052178362
998409882
1012698326
907701474
1071506378
982971751
1064455170
877677420
966895421
979639599
844097255
837191154
892468821
1034172057
1047005185
1031531292
982188430
1034543566
964820964
833805674
915520261
1028961123
928951362
1070285925
904393062
1069681488
969027916
918313063
916705717
989819046
873529457
932867504
1001375871
896479523
1065096304
973033532
988372215
924383113
903549689
1045241293
1010847992
999642644
932562638
992533227
977140158
825988734
1005299998
954108812
1026742884
987433826
982991861
952524972
1033928665
825985318
1037025190
880553978
987566971
856962141
1008090585
960852682
1005589746
1001512365
888180894
1010000048
1043109427
1002611143
935837477
833668550
932192572
886459974
930657443
899481674
868474927
1029534362
985511339
831834974
948645487
873855957
992978077
843888254
845728577
919551526
1040166800
816718704
921257210
1054687185
1032968797
1038378726
903612369
949468131
881771388
870356502
1033961587
869320918
887609645
1022514055
965524334
823520036
831041397
1066108356
964318415
934188009
1042456626
992916983
1045315976
1000767060
1064345297
934545264
877467474
830758731
1000524554
907439522
904491353
824401827
1038189588
977747727
864129869
867346397
1009292380
1066361104
876816365
912523010
951202383
1049807448
868438502
965383223
1002087518
985163437
947648932
873331602
880482005
963530156
1053027150
908560683
920930076
928474350
1017443999
1014008028
1038404053
819494405
1024124100
987142631
1058379565
947529873
1002887607
1058533585
1057829965
1025477486
937873949
970061471
994394214
937811581
1045727985
914656739
897918060
815754557
870257202
835098619
910323316
827455928
870446060
939011497
853108653
933116830
937457360
1009394577
960983831
1005356483
1036492890
849154368
901558960
933205556
1032677004
829608795
846225449
882154093
903820939
854110813
830584817
1025161889
1026820464
840152968
1035291426
835314251
1015445301
947427078
899679100
936010277
1069582289
1071352554
914558298
806363418
1056332192
1016387447
1061524489
884902141
1066436204
1000003477
837777729
1012904176
902048664
817993709
1065614951
1046946110
1043168763
819217187
1070690039
912046235
1049115085
1002745190
1068711590
833052783
889682507
1052069584
853221500
933784913
935688046
981117991
1062408012
970414268
865029509
1070580019
898267020
942584920
840442484
1026490130
996693111
975274214
876166753
1048823215
960977927
928831489
940514622
845253622
998464192
859230574
909532837
874946900
1051024610
918459774
829760082
1043041810
862810882
1070059760
983957631
830480016
1062914699
822639380
859097810
861667478
914240187
934426879
1049828011
883441043
922086137
889190232
975620256
881053006
930450160
899831179
894951079
1039794129
839514695
832854587
830005842
1057303973
898550012
891726227
1015193220
896789790
877143092
925848210
963624195
834049446
927149682
1019345262
1058066500
906977125
816562195
1054337256
826554775
1013897572
1063527339
853170166
1049687938
1070284996
977538784
965519732
896439147
814567447
970124466
922870530
964205862
844168462
1060026124
1067813150
1019324716
871337426
966727426
1060667037
944845974
886367265
1071410877
854188680
881124086
888996765
969635966
979964885
1063227266
998731287
934793262
842498258
998604191
931882547
967504203
1041512628
845449932
845154665
985795246
973497107
1019688627
807355984
1071743652
888166370
991105916
882162326
976107338
1064235963
1014429384
1073131177
1020117708
831631736
932127757
843465594
953292827
818913202
919794037
1042853472
968097109
956381430
907882132
884420761
944890061
928874808
853658949
907313000
918769060
926279962
904387898
936519885
847342350
846444611
814462639
993929708
1011951765
1046280408
1022823979
1047393764
975339027
999046110
949965390
897848279
1043173145
894778316
925694549
1025468796
1054696033
950855133
1037148337
839680381
926967358
943392978
863346613
830496304
831175692
1021211698
1035221880
1024377495
827743505
910181510
995088870
839067674
989726295
893034232
928725210
1043535994
806703678
903743252
1013561065
1019588873
894428831
946681421
1043599531
964846097
949241007
899793537
959140893
1015470839
1039194341
957740454
1001714415
885241030
971628388
872656232
943156975
858621569
805432320
810226459
1032102828
984664497
1024695431
957732811
841783139
970517722
1041153724
901007154
1030222167
874405837
1013862424
861096744
1054216407
929542428
994310580
1073358802
877871467
901845555
892633390
935695790
939554473
863795894
921215338
885966527
943057332
805308929
953442441
1030015832
948637755
1066458762
1035878444
1017777243
985963025
828150246
1011286707
818309608
943885459
1044923764
837695657
813074464
816971376
1067978822
974352497
957640376
945962955
1046571923
813068881
978584670
932655728
1038945804
1071857637
828549669
1006119547
999984402
981306877
906307368
1007879204
915947320
831081480
991122367
936095292
999935418
829131579
965013936
924785910
1064647835
859372758
954182314
980162785
822401075
884364023
1041997543
1021873272
867003541
880695470
825570572
1056533434
821730547
998260636
1063636654
952655121
879488126
828576814
1059763206
911458279
979836716
892235407
817184740
991829730
1066912299
899322478
852791423
829134468
1024322385
1068976236
930342895
1009646916
948162339
907591977
918362482
845814865
807064375
962672347
807380459
959929806
807443402
893046568
807304013
970158115
979867141
813278078
891848153
961601969
996246078
1049835829
1066420821
952740231
868549119
1008795483
1056516200
818057715
833714598
905504660
918011846
899035774
842201061
925093092
875740413
886873504
1013571524
936381887
945040582
911574932
958718150
947202381
911522060
1013250965
903450905
1043488558
999397378
851792317
816992139
986023502
960835998
1029256144
1065438831
1028445645
890706983
971945659
997113072
1030346263
812057162
941196942
863534467
954612683
1038086289
1013911971
1002578588
982782769
943757600
917221740
882212668
837092341
1068469738
866631811
890865829
906752897
1010299146
888696924
946971787
834131454
886693428
925492333
950016795
883980521
897083126
815097184
978537534
980586582
919225491
892336376
1065202445
1029764106
1068174268
962766619
855339395
912744390
910679857
806423701
959516394
990505876
926331609
994706158
900892389
1048686386
891838869
986679989
814482220
1032381531
911333144
971452729
925463814
1034312530
1048309049
915093021
996731536
902247261
852822190
1045126560
1014934702
856645510
892740775
818359849
921908234
864826250
986866838
849119171
900659616
952289814
1043675491
923960464
1060364127
936698501
969786530
1053349882
967580543
880286567
1067061744
830561532
1023476579
821967261
918829619
981473983
1051698862
1001602084
809674857
931309565
866922820
876422571
816729270
847856392
954761867
910377723
1070748005
914071835
925358366
889176327
891101356
899637433
903994708
1034626479
893739586
997284895
872841764
877987831
1014652417
929521865
970624314
840556680
859668833
870595054
819547832
837614508
858424825
919914237
999934183
866058448
835062959
877532966
1070693600
816880509
861737529
843718327
851375399
1028255963
978860957
908156039
925637962
1027305660
1016112729
979097697
873224801
1017377123
855641271
893317912
1006088766
814187944
1031966173
829300230
955128217
901132209
854224528
1032128971
1016323889
879453505
847383387
889723442
874593402
948758728
929498596
993891504
878498401
1061551447
935861099
871677785
946058165
921966030
988287716
1039753290
1049486262
966263359
951472666
1061387910
864787856
1027326498
860739889
867234129
1019136034
888236214
864305385
859701154
987976544
820869874
821173732
1034199859
1011027852
923644576
889564477
917217370
963049430
969279614
884170367
977239960
862183508
1058435188
887294271
861986279
891587886
809798951
937269016
997009404
874510332
978441852
968866557
841132119
1069381544
1002746480
923075810
873543879
834071927
970659894
923170538
922385186
836260578
1028415674
1022148255
941186037
922118586
914962136
851958547
986495951
929460689
986705098
925888929
886170956
1032653999
991751577
861888938
1027593510
815086872
1064024218
808566537
871180496
1021672141
849113502
836633198
908336577
1054714543
818176586
1041464483
947621023
989398764
849054836
813899319
888612746
1046130791
812224419
1067043876
990473044
866214513
903402129
1058019377
806589925
960120392
1002828064
808046747
814189387
964161568
952868673
849334135
936120034
850939400
958494336
868149818
1048517326
956986455
991202910
858681197
1017141551
881162419
1057301862
935584603
1009746195
840744549
891908423
883408485
933544913
1004221918
967949001
1015487327
857627937
825831947
1041867273
928036823
889922321
850525633
930797623
907789707
837182975
949174263
1023552626
980398846
1004804695
1030052573
860625450
879070221
898490553
954677245
969735055
970387653
949317449
846979216
925763677
1019007827
886898214
849334354
965215864
1024449069
896878446
833300643
963586984
990496057
904148518
986207487
1045509495
849495083
891364529
867696730
1072558088
949760723
881634869
864109684
1022993547
956785523
816614626
1020488414
1058653368
1051500069
1015584699
990819010
1014641479
814316108
991908170
868681234
913497363
1004717534
1041384522
839312254
899845859
852845935
1038128548
977702937
999548669
845637575
1063359207
807218838
928832464
938955198
832311899
995400905
812241682
1041733295
1027964825
968747276
926667075
861079927
1037517257
999376636
1005765881
820961710
984871819
846727555
956926842
879893151
947309014
855407363
1058852355
871303240
836241023
852839836
1065680671
864694803
1008231138
1009330633
1018116604
895372224
994015533
811809463
1053604562
1060838201
820987735
1028822233
973745043
1005718107
1043356082
934589048
855936350
823710473
918452450
923264340
826840065
851809238
825135411
969906007
893927169
1016506827
807803786
1016840423
915357577
1067072607
977695002
929193503
863513509
874754497
1065036354
