363642641
301758455
303411514
445075849
283268151
305067980
507032130
453024347
312887619
446652423
388581393
300259299
394634478
511172630
279834372
388390899
308624705
380757039
393501819
340450923
493608082
475713971
327168871
392868097
322423291
343283123
420870241
514756652
396038784
509662901
504487368
297383747
438887001
469825821
281624244
343607464
460613963
308258665
400698983
353591074
302354370
382434679
458575522
437548487
532464808
320335838
441544763
393428079
503211366
468798091
431438559
528847717
453949023
275458871
441460159
487442484
492402286
381467387
368290686
352525762
281493922
371032068
323327549
325800864
523929542
382369634
532684040
297742382
528736253
300133639
494290378
530771353
372250313
346867580
395208664
425018097
531522463
339201674
305912713
453439993
531344761
341609994
498833191
436692870
384195275
433342859
422853341
518483520
435989244
442739718
291577578
306528583
293597876
420699951
420146599
472182346
381415645
522330736
270333973
502230329
448034679
348555332
297896818
407477257
354537801
361693224
305171304
359451272
526852121
361082953
503746057
470626332
338081627
479921250
532628135
283835038
502334403
522836658
429595405
511938578
354295661
519182238
338696516
482445398
455391656
530516864
439316010
513550207
431111764
383867666
455224750
403351777
404985632
327309188
402047577
415323678
279709325
459547017
358325398
509168880
308830150
522558350
438163855
432316706
406787513
435123782
453975392
405701086
358595736
473212843
439922415
495521866
379137958
469413238
525212751
418583493
339817862
400406631
403420180
384742464
312883400
466205211
415262874
534788431
523144015
404440222
317945279
451564951
362374419
440319385
442448693
278687960
354865910
397717148
363613172
516622458
420336093
399790929
445190130
407089002
279077352
294350567
294307625
309429229
413648158
518572662
287113880
334560876
476290671
359803917
368230034
311637653
383513654
404451541
373959896
293672285
345808929
358065700
328575390
526440682
422284464
437539346
314662255
374626242
497111249
516524899
505373039
428961112
441441642
337163856
333391615
490737716
314849881
287143339
531729264
452266703
533884556
522203557
314895725
335205735
500543313
305286926
305002905
318315133
523087285
303862420
534972698
500302543
399348096
533269487
351939619
533677220
394072630
415817100
350474830
380551997
412786075
357731074
306356751
460660193
367287938
466980920
364138164
288641232
535071031
364535051
488401767
276208663
310585446
297781864
399318230
356671651
407819823
278261311
384670882
367978693
411567079
372626765
313605667
480025013
385495371
351841100
524614946
436645390
357743222
508689605
277592671
307855565
312237307
274098444
432496511
468850105
269176639
386850388
330446646
403033150
439513895
425884958
306391631
499277255
279141917
483535141
311517612
497804937
361685572
316225608
429574668
353532311
297563706
509084423
274125226
356469604
421176540
488593236
278867584
284189075
473645596
320499655
343949810
313917183
276688747
290317239
346314293
282140760
472002492
479708606
415840963
527964024
289160435
351026042
352144401
388806614
347975622
353395004
506460634
339095077
525391140
467010364
508086522
325735007
332378301
326198608
411286689
442433186
269682972
336125665
464559999
497611539
432155937
423190668
503867454
461993481
360599290
493291364
525492362
482761400
430274784
363584710
356351561
505746840
304808627
396041903
449077048
344638652
479948434
429005732
378406578
439808443
286425726
534266117
443402087
533515265
314681674
348033471
360950750
359717484
483724397
497807787
395459417
380790400
383432195
494789349
278483711
285503384
385275796
371018405
408413146
447764815
507237176
461450965
453435798
489010944
274064275
319676063
397727334
508607952
428073172
283221749
328265383
431732649
391869201
321248061
379138897
414609808
321417815
498177584
356875994
388468512
423334989
494786704
376734321
452843401
332508424
308425137
306980997
278552096
498692960
466155163
444087276
400309885
293993790
535450228
319743135
443942986
346202612
334017411
319772828
342598958
327063290
518099987
493663998
472618527
444977410
477207802
330196112
290053104
306790109
468145271
425557654
522043193
302117017
494793128
278067039
288230271
386592612
404402354
409596702
456813245
512232769
520831195
488555634
338082777
391252244
358347003
445002347
412993623
495019598
278622634
518046210
279957387
433194110
494310540
490014560
288094547
516588083
379748401
349005972
317654221
343721603
349267987
445046230
529690388
391896624
372668733
534791147
353278348
534787930
359386417
530763468
481759945
366569121
303884236
321700694
347138502
400881980
348382528
511414847
375738081
370376316
401823860
387916421
504891221
425484923
326773675
523133446
424199544
314883116
503936910
326431498
408193631
435752720
318673935
275833436
522528434
438762053
343142980
469618643
321319367
515721214
379993269
388688080
397332003
334921706
303822953
508473011
308918168
374566221
489422048
372703291
352354225
388371137
355996535
318080024
385359142
338562250
421392964
318951081
432699113
359386478
346417939
342218504
453480118
460491166
515394993
516804741
496964533
471078859
393595445
471023520
452489191
492457714
302008071
407040039
317327453
401354858
292744015
368227481
534333152
428675417
456912027
285559469
476015064
498165388
507117785
400239668
482251154
507404727
329744710
308144379
467044553
411086019
282364886
271279504
361656483
289709193
462722423
388078419
528302805
296427015
440382098
342522189
502727015
443293004
520748372
453732657
277449348
419950578
393637985
367999133
426795510
281203186
406945929
389491794
310531257
350926645
407268593
489391363
414690269
458598402
413029552
384351671
288542663
424463480
337892308
313396407
524916376
427613128
305858271
469862097
437462317
530385294
283308971
461306932
359891895
275273385
475025846
343515400
388887168
301296881
523257797
373597944
469257386
296155243
428066474
392774338
406257465
477771805
426940744
357054692
364963203
323885761
407598427
482778730
521691626
308539008
335338243
405053432
305246701
528573339
326589130
445190384
367092335
480611435
379216056
327285107
277795336
396502891
342295496
518382810
510326300
366808772
352523355
345853993
479952558
435674257
318715213
528571250
363538258
290574071
274911533
453501737
533168579
285253413
328227317
451073171
291832771
424382825
290829705
459232247
527429205
327583415
358768592
438859855
489537944
521275729
339433699
449546956
443906366
510217551
322152905
333824560
355350128
516882754
304222325
348933840
301390163
276076269
533137173
381846880
420396844
276022989
471500600
520021491
391479646
289688401
495939303
277260312
528492891
500738920
497225706
486550947
272965586
313386761
447065189
531178686
405631277
367007029
409855561
439025645
431496538
513302533
275080859
416357775
317030806
358196242
417535578
340219611
486564642
388246108
491954793
515374443
303745006
492831763
426256154
346116496
340823447
435561222
276353663
349940171
502118179
337194507
327141825
357477986
501510156
310211744
516680545
494803564
390691291
419381193
500967940
355792854
483218172
367377154
402173390
486436960
441114643
334855728
404596053
445331235
509168405
288259349
359107895
395369284
372530366
356555111
441218601
361004403
399532638
442738888
314106083
488666415
349129986
352217936
318600628
388934313
395062587
479236734
393581086
431538209
404462217
358483857
394691690
394467716
422890177
524852822
450355341
493772577
269173399
445945631
332653976
457535915
381744278
515748198
479420259
383419324
280040157
290070495
268757596
399470336
456932392
390997223
306711146
435603576
440878869
465935152
507674776
352233243
351971947
383110634
379517087
405652934
478850415
376605865
318367912
433953499
288523666
377585153
394163330
385963374
285875331
352082859
389573971
467813517
498917737
394465926
490314012
507582462
382689433
484802125
338072846
351941868
303076889
405133642
349829856
312970457
453990561
415217536
353735618
473026710
370268311
419681515
316699173
268597839
465191493
422839756
387299247
438439752
381311037
377083166
489329741
454890983
292978040
450780476
406189763
356827255
433114682
517231237
398335978
424517674
461312537
436151704
290848037
517712829
334110045
378315740
406167519
395479283
389326784
283345548
286406978
516840049
340334937
515041510
457397153
335648216
502575568
381530323
337039829
340022833
437778393
386750928
271159292
464625241
389290995
370917648
389733765
532005625
385254249
372570804
436751758
429298749
296800971
413993637
475611384
328132400
475045589
280284688
287808207
480367549
476353024
439009376
362376461
490197682
509619588
316727113
331789539
435826411
481887179
500386984
518683706
500161086
479021702
353560633
363195815
348392623
356853254
368808562
330488987
315372943
431878552
407110947
510008794
384285084
452996846
361568201
447988069
454465597
467483767
422710140
477292985
530943908
431756160
458404527
294954397
299550428
403462679
502390368
451940626
520080185
314670588
280455828
390913916
362986174
309878091
372438581
453301131
341548889
293899535
324305757
282343880
423038219
487405306
506403858
443796058
513168754
333045458
508187712
279635061
297854727
396605354
366430967
421164008
479866635
471240167
470929910
351056429
292112378
393853282
482846065
453580613
435613906
481290245
509053500
398314412
396939365
534254516
346599739
518202606
394864105
487155769
273176931
435511619
520539142
349223883
287844234
289032112
536509392
292792604
499573947
444867168
506657279
287517696
393917533
358677984
468663124
489046646
382344921
489139902
504358446
290431994
366501182
341068329
489992175
291531417
398662412
496466181
308647347
395056662
434787179
474189636
510052212
519754609
410533237
372356503
490997873
437055687
414729864
521285342
331233338
300059073
290888496
447656112
416416582
508428651
410347777
416786957
380811904
445727222
328878567
449738958
302795901
491878336
453755298
488774260
482862915
510493503
297530991
317583248
389918004
272228049
274124466
462756524
402155197
281432294
331876475
313892811
448326448
511518254
395218468
352116237
322697582
395279320
460555954
445722160
476786433
419050532
367524869
464137810
432557783
375005182
276752024
373014677
471137013
394262382
389864065
414415642
489388123
356475463
515707777
331124024
474145218
310270052
424040389
352097625
284829925
498391546
339702061
271713014
516449523
482308362
300667396
514682455
271135256
407936193
352576021
464795631
322932233
320712382
330431229
301121221
512763978
324912703
319020640
475567573
514106442
501323120
399228090
344233331
394155523
403722226
461235543
289321353
333501357
490107151
397178546
504801645
383348916
478652222
284767320
361028013
302987092
487603450
354627197
301186189
339573868
445950969
297310677
454553544
382243469
517588379
446865579
302546446
425757717
532948193
529654333
524226304
496087616
303858766
451041070
386701502
343464481
519142426
456031444
350922673
300187180
296147245
313853130
345843443
395496559
345445048
517410923
458976282
494130594
533877041
467074001
277943401
450770003
509813641
276709650
366385583
401336030
290549096
342426631
277360410
494320511
534779042
460915942
508572590
424537284
379359988
351835902
454742859
348547973
289763207
312099816
489355258
431108609
476179318
311420396
491149294
323122627
371327150
474405438
445098217
404116119
521412209
270322883
300961300
302554871
441206024
397882877
331121947
465546467
290795795
487802953
399231404
342528079
326834290
433555186
518914040
284025961
410545673
510676858
504594559
480794535
516846184
278449188
531400385
466088788
494933993
523596378
395504324
382500638
389668703
296900434
478272461
339263840
471737944
312956016
448824446
421692630
371409932
336124027
451491287
344904389
399028697
419705591
530669301
445255546
461397918
422289138
417183659
298078326
471071321
384562580
286691693
337543046
492924734
367597333
468680461
424661808
498337207
290532103
464091927
474625143
478005480
464146732
480677271
526497213
349874487
430510945
463602652
313894702
522302227
534634457
421152038
433630175
458566787
301077773
387236332
367546049
348720040
449634367
525669189
310247166
359388789
289384855
368924226
353301314
491334897
282916506
480115399
309294672
514303573
393684885
512164076
467420559
345124117
290888453
282814430
390638074
346766759
341103237
372488230
421517040
361635147
347518668
528843008
371933241
403454417
515665730
371425106
359219103
295669872
317519836
446253080
367773376
531171494
443393175
518573708
483879596
444480688
356698294
325095984
467321171
353646602
351642214
339635537
270319095
359438546
504682648
303281591
327908241
389464180
326394432
421304197
435993319
417825129
416471460
344670983
394592637
370674351
496231325
288697744
438946619
479664894
330068495
330427112
273612690
281374560
335591530
499499109
326227635
487294797
409263633
469493778
362929979
434482999
520709860
412906509
498622737
347078470
372747960
333265538
353071831
497270243
363999856
315749431
407209239
370445160
408970680
310404214
427294087
516181179
399072873
527007265
419629252
301907517
310819856
508634842
350113922
303411633
396444537
531581343
532151682
329067956
345564244
402520414
497647301
469795235
300362573
535452544
499592493
356096292
466175666
498833991
313656572
329161954
489910161
509856297
536814116
359202398
332082859
344282511
273354362
514880187
482731351
436077907
326892583
356559205
399861180
341961716
508722590
493145277
270943522
476184238
381459473
402979942
493978030
489771457
305458571
493871762
325403366
293266074
414130753
459407598
426847261
478957895
406892821
370411263
315280023
477798427
346657351
525274924
407888273
394873886
494667351
470657807
285817467
273440616
349339799
435513805
324925189
274431095
335812401
395996171
285036641
482037695
463825917
436172703
514903702
465828116
271951490
276752603
467770939
349507817
405251627
348756963
360496426
319787248
454172072
387051489
402928159
528284791
439802479
330332120
459514736
370275365
464034026
288959158
480454178
392829595
294174626
439328310
359484473
489429112
370061928
511548967
358517117
449731100
366472178
362164038
383157672
388253291
272929153
469779973
453202247
372769939
318271372
281187349
359158487
379791338
510366353
515449298
294039070
297297291
409757681
376151027
322002027
493003955
278562010
332634123
485209213
531807361
323207444
451775784
286328138
325767292
481475428
533125820
347819774
388733913
382210025
417150607
341816670
478240158
498003584
333102032
343571759
308307634
397035088
431518084
530413826
368745417
516881672
285687457
521967277
352888334
300273771
384123600
528744959
388981147
277161831
458807947
353277267
281878880
280557190
416915476
425438530
271859694
454862419
315590767
524891467
460014582
374526440
535410940
535172850
334540763
521245945
397256523
306352719
387328044
289701634
516862536
508460541
389809059
369091636
273138508
419590430
375050447
343857153
468744533
354094381
335589258
363727271
326643662
329073076
486476280
465353458
369003195
493459355
482717443
416121499
348506877
385156723
417477256
269490309
284177378
337840057
422459979
423696911
358943303
407429337
433713627
486136935
348142749
468310432
389626399
490727279
500239553
411846488
294556340
435277923
312303425
435818485
309012365
489863837
413088864
385312026
272779779
316448548
469971940
406892726
288233381
515307960
402022356
299984816
338915879
273327906
446416840
420462311
314881852
317648487
352863282
283523717
479265883
370485616
435107767
293248215
354345444
331985865
430385142
391327825
474905682
271779862
420785738
408504576
357153518
463499842
363349577
513673060
426798791
485845041
496327491
371576366
535065580
380022146
473056248
355705482
527246050
340487163
373956769
491861023
343737460
459175572
378217223
455571549
471282979
453550546
283342555
531546179
438575851
461295539
393551650
479399924
402009276
512930765
455516439
318119108
293543217
410486856
535644128
472458539
522950859
281284438
530467929
336782114
475310866
314556503
519463608
535511403
531624928
427731268
442769847
339522388
320488630
348255476
293726140
508944558
341908433
417724697
339521643
358600908
441547865
368521209
381503794
371592332
513505728
468428931
295248510
393955713
480937427
363113617
359406478
354059140
467059348
353261578
426076662
424695351
320071146
444516718
467097983
460650281
397021674
395626162
277847723
326677781
308648557
449915771
371193559
472490676
509265154
495523794
484014164
342987549
443551635
512024513
524450148
274436022
355171698
449014729
284811137
308388345
495822089
347709916
317766315
324732928
319684932
285546674
393664541
324833623
445954037
507177919
387526893
381844196
356827353
343818929
367713608
445719166
344171300
406489478
310813893
451139872
275609734
369533118
290781230
425328030
295184106
507465762
448260244
462183293
518394765
456925957
322859562
378442478
360833511
516640073
291293140
429954596
492083299
425216618
291071358
520711412
337452531
454490058
439585261
269714044
268888393
502503443
494442185
357113728
491125376
402484351
346876970
516821878
384756812
534752217
410406248
465506837
513110982
268697773
408280979
508387113
273427185
494504066
403167963
319832694
378188506
511685810
313688280
442249970
532324428
383251698
477987267
458546126
367705559
368950059
434482748
528770208
330012967
428313512
463128314
325215336
326768838
305639613
396523007
392209555
488987150
404775884
423261377
492746382
351546972
342650884
459915170
476829710
291660884
456897738
287745812
448873203
373986523
500818592
328763988
351659642
434705126
487252940
511988897
280087225
525269940
525347459
442879522
357155941
477558140
422596397
433131195
330911415
505227491
455232341
343845573
482547378
307467656
489221026
482525046
433692411
447872201
528955654
271196706
335373786
366375220
532517082
495125205
335967111
391277942
510973754
344546998
480728550
475366593
469228102
428021664
517793396
425255430
506468049
326399412
452805427
271368891
375821336
314989686
443472162
433866184
364608807
309304552
408727803
400164580
360709108
340154017
320917275
341334545
348867562
325615958
481742558
345748833
518132053
461813346
476962946
528537790
468573452
492240576
283711621
343664190
329350865
499442468
349080194
499844795
524901332
269114395
428189102
355601922
316147873
412444185
292555348
454980856
358562996
528498367
362364928
503658522
511292834
406103865
389456819
513287031
416673950
440272442
483352243
523929621
334701129
484435810
299687269
469663480
471424531
371034036
268480779
471833747
442305529
333284740
381182831
320305480
284187454
357297087
418887159
326797157
410517519
376653991
520251143
464381333
276509307
447366660
449371447
372809470
439632051
346503386
384957400
516096318
483366469
418709711
365413167
411836714
516006989
295452223
440432051
468580596
451861601
471955049
409481511
296360081
405183429
497839267
406730883
523992818
379474067
439958548
481850823
426968043
423478042
459593121
523468525
492264276
496618428
464958290
408343230
384239511
380160446
344315908
271170371
474690949
269306708
445880559
282114832
479046662
415111403
477845056
357745733
297409330
443441996
488580654
408070411
413885558
395560083
409090626
383583679
271914694
323662775
488557371
406933757
530154828
522073015
512782554
469729464
356717614
431091758
368117567
337669755
290016015
490788708
468953985
415666156
274511817
417838837
360758259
351699682
413105169
358271546
428619361
293451862
418891870
351411477
437606736
413679891
458056897
327280033
488105607
302705039
493273895
315690086
355413507
395801008
365147339
273838143
419046438
381480593
506687396
515758126
394845491
492580521
419554782
374285068
511414278
401481520
375691569
362784818
487613723
368886856
379101247
459589217
529697152
530385361
376472985
421479714
479217378
336092128
423717589
386838427
458248665
480084307
408143951
485174814
449030359
313378329
414734902
455237008
325535973
455774392
373817241
506418517
481789776
399684703
415922697
488865856
368226859
313580759
368833249
428049986
470987271
410193070
370252171
422833972
301250493
453737480
415058276
329953228
307433925
398585220
285168313
494227803
418627698
385373663
503798885
307932823
359171900
323931098
273122750
392942241
454756337
333723390
304103839
476202520
303493342
400653139
423082460
330250860
459759227
323536261
407385147
388196730
288771904
406969232
289872218
440502203
493927271
450627607
286211713
428526239
291085991
369477358
535717699
514974392
392568410
489723524
515615704
315086740
412087841
466880214
336498483
473373043
361227619
511152932
442851072
278946927
299998998
448544328
415323243
494357042
505804333
434038391
354871417
398527478
442918640
386789951
397467477
507981840
338492019
312651163
360239589
330616945
529649306
353069091
392492494
483931533
484095879
341012999
408296894
298716529
420309567
368856180
364034008
368712248
514557505
308518326
445268157
291727269
484155158
333152282
440765662
344598831
488553108
430099298
482214016
405506366
465992381
310781936
376298250
419701236
417580015
523055263
453233912
393702941
534916603
317501692
359589302
493958504
484972999
459352460
329312016
494498680
303027344
316936545
271451256
317880081
421486102
337191331
295644247
442255569
274830602
334226705
460220412
455923992
274587774
358486472
332606091
355204327
445300184
493424274
489213134
492277764
377564920
390675718
312284067
431637925
336099133
425458471
519517885
393582124
527712818
424048571
523615153
269924816
530178744
278037111
382464193
404115580
308387871
332596453
516624140
396747205
308986337
453166699
520721301
513516635
277432688
414978395
508690331
353282312
471198705
298790177
384259128
409163723
422606357
517872333
338041667
445067556
507970264
474216475
379340823
329310432
486669873
447738429
345829002
536836323
328398435
363806098
502313210
278253147
405949229
320033730
395755371
349920489
406712790
483841434
390656814
415451490
334352812
453182524
474714784
328367040
345779418
338668748
385863291
350266498
410550648
481880399
369258042
462915479
487819685
509736684
454096097
470175983
392696409
518993725
287151563
276524468
427864853
294485037
373905363
379228070
308949450
485126439
314769306
324419432
281771061
404217200
338298333
394057486
451555776
347131376
392267264
268936847
404368928
375472742
357033359
276407287
522271742
285437993
338580721
399330402
429054001
300678919
500813024
516308791
352898364
294940920
387715154
401217449
418405091
462981085
421282725
453117682
270314574
456068365
478372635
345798747
525314620
419182064
342525606
348627640
512463363
535937256
534224543
493194963
428742218
498422062
343662657
360650904
425574377
437499280
399307826
286941775
379220027
353481869
500478138
377783905
526072963
409109683
430252215
353448050
292894618
305865414
302900008
509429293
277810908
343566873
361944214
308209328
287712036
442312045
399413924
360317290
304648826
358493256
404370168
519042965
334285061
297432358
487849347
294009877
270402427
325803254
531004492
507488787
326144122
368733874
446283794
408975943
454392119
502876983
505438290
520677702
471146561
452038888
322914974
456309033
494605132
442268790
407493008
501303340
391006251
497114317
491540641
486716283
406633767
277339509
442724180
361179932
385623070
451335025
377855298
348555075
533238015
403823590
458695028
456652708
468943107
437402941
292111690
498072846
286844261
409592908
513100323
347025937
526662836
311661446
483009527
400582510
315145181
339055046
510861218
367408882
344983001
292694845
307736395
467301575
414593911
516541574
326597651
283000424
321268556
298303954
422168417
273499052
391758638
506920717
502863566
533732162
425221261
452741196
437632553
277569684
383643940
473778141
523990243
513271307
298121085
398659770
442646688
463981849
518733208
430800695
445620762
342604368
512393019
481901545
400954073
373434072
529858781
522063767
279728124
418094663
455614737
449073365
425897318
506834056
346173421
268562566
498074650
515082456
475898606
506250929
427927306
355666400
454013561
479511792
419073253
390858507
269176781
522353706
389826874
514194458
374573594
383989693
488887562
427810335
366271592
526051821
409363781
294055864
342051247
302386320
455764830
371904723
279109399
282013297
373217161
478240035
308110508
461296344
349166985
295776019
294003127
338018111
484578935
302419033
325680503
491001306
443763978
395540884
393832562
507878392
275478945
468864834
346610318
415434226
470786777
343804014
344351199
298396815
296263929
513594926
487085374
350469375
406247704
336282796
382345232
349670701
358073165
397626715
479578736
444888428
533945696
428508838
423069993
380608744
446556714
363840037
451919738
374484369
345730561
294435170
301649485
504950254
311015151
394578060
463675436
383620651
341697992
494776541
319553110
481944812
475455103
448579229
335866239
355392494
431530208
477140438
290568497
272495959
484632724
356691842
374258743
274960989
307102903
358146930
339191848
395030635
476465614
444123576
401221010
386579711
315043774
338864186
347793236
524874601
494461972
413529860
461876425
476725561
275872381
418362658
331423437
527182367
519259115
372562961
427913562
392926689
524671797
467058657
438970802
290713181
503237372
370215385
425888551
360820037
353237742
342623609
394423483
341472321
491941625
463935553
441329111
374763528
414718732
401055585
365492383
370275550
471598697
412454912
460986526
300943962
492967733
283458776
422468235
346556824
471449783
328536792
377549233
516626891
391525338
397594668
379506881
460220299
273243539
527601671
346088748
510557443
513761338
317647955
512256996
315660326
324956895
411159546
531275314
386736164
341721964
354577669
413263832
532981678
341426806
412075407
371868899
510547809
344045311
472873043
324286427
514715186
379930381
536018658
302901269
414809556
452894932
513095741
516595038
449079375
299855281
320877595
414132539
485512266
379096758
304514017
377261984
376988534
396004390
305670228
401412722
499912703
406397835
469194103
505963849
446425434
276143961
287706534
450736242
293561986
528215723
407641965
531646325
315188194
444992248
372593025
325182119
415724934
310576275
471896219
388648778
342407026
448530976
362043058
457551043
323503103
307453215
333485284
416733935
353234605
377422792
334855540
279088209
390203205
445956150
362595555
471487643
468628825
292811370
500752401
433699176
401079869
472939809
447406866
382743846
441166535
440821047
381203542
367234371
402399802
414611452
279827223
468368454
462842176
425208357
359605891
529243052
505898798
370925406
321054789
311370970
281036631
535672572
337570984
312343782
398134478
451110057
394735126
505369267
442878893
510044152
274380412
459334833
317430217
324530843
332790041
362769610
479624724
469709792
529880303
430529495
450625274
496142913
389828333
367219456
269451759
366160663
355416496
504553449
441269225
360587836
398288242
354490076
384291414
280619887
401527272
535759465
377181506
388129643
467183117
398005344
406876738
509555822
345072030
466361595
389900208
366201959
363758333
306506469
522743691
290553246
356565630
275335863
479730341
474458812
272330269
484426950
353031285
355885208
271628771
360697686
349914510
318694866
312074751
324565934
409761908
473686543
371941092
275193806
505272594
464574627
435577544
387688413
290028278
461970990
496906420
466454654
451104571
456935952
451636949
431856360
381860401
434265123
421064147
460081435
343099835
456932049
280086533
372153701
413464904
350439902
456194426
491999839
395387647
465057636
413542850
525902100
443169166
393138266
460005193
463826997
347681157
337190976
278486974
307351088
276194203
450538090
488434681
351165773
388240145
307401146
493676374
294338966
301527717
282298964
469426553
353964540
463530981
518254873
329692955
515992942
394866584
525790333
299123526
291647151
494624595
357968299
384533073
425423320
272556097
476314057
287517144
514617927
480710617
359589157
299052374
367723855
334047375
338746677
527030269
506624360
488051869
384117190
329420243
480172992
456373806
434913660
503141671
506519618
463409788
485774758
417787872
515165978
329884256
286195870
283004812
478175871
446299280
289411313
299742677
410072091
302254769
312749192
458110768
331500089
350985484
350433419
496356624
456770909
317724344
521825882
289171812
284278679
325471289
529848065
432750725
501406695
466994822
361059967
479428449
472438907
332313726
450314173
413834675
288238780
354395964
494815412
483915961
329125404
509060929
427410759
314876478
282510748
463763074
301500641
275435873
366699173
277536422
341408188
396107735
355192007
527204052
277711201
357472307
382932653
379794621
350638417
441970052
465206927
316020707
479296791
395406608
385787371
512189455
314478660
354746027
342847118
360109862
318588544
439036849
492210016
359053475
421688824
482870006
495101128
472910887
452598591
412176702
293748898
343931431
360159921
405302952
300632474
480741453
398493968
439042860
507875061
529449274
324123335
454326053
445986735
511734245
290618258
346147205
303861236
435722749
413632182
408142865
501273527
317417452
433708458
297383074
446985269
329559206
466764284
269847335
329156207
434025687
365676402
279880426
374213794
314377314
287837388
331360717
324788269
375096648
313285452
430708761
287377374
444544542
343193389
436261524
338699517
495865576
387871178
523443973
523592516
330524502
308042244
367116348
292076246
533904156
290950480
365075432
352335581
369977560
272250355
342354411
520856991
473540477
312361878
312557385
381334012
274750498
303270919
455908078
501969847
408426722
332094580
359885354
425237202
448908575
337521364
313897016
399356495
275695101
350307360
478783468
382894366
365313707
378657454
466538328
375807405
304318089
433705347
313901891
339846617
372951334
284069713
324705795
337258159
505641715
445167138
433355202
443265617
458717608
268930259
304907609
440085749
374529129
319606544
526820163
343511473
410466172
429246394
505308215
296528746
392191449
283209227
523822182
531306237
523358401
303360710
371335759
513618554
485020459
281613235
336286221
370633807
284449090
364227871
460408885
392055984
514190935
277351697
293155861
417196295
316083110
497125364
289667576
529934562
278347242
294375112
291679342
293728805
311198272
331859336
509206460
283966310
364391421
483363548
370738987
312248938
412007986
358783402
359210845
342332985
478246469
342523792
502473412
340967249
273236272
380501680
536375849
449169396
458049391
308174825
275832934
461109143
372479988
404788907
442582791
452416609
360720783
378189763
401288201
435140459
423806008
355706615
461769865
318888175
442033266
295147286
404821431
318783947
506477288
499357443
486128431
290238290
374650592
351343691
335312246
354246580
387065251
509175471
394430499
348157317
508803344
365965122
341730848
467950243
404710176
512466933
423062413
285066335
480629091
355694633
503642614
533136123
328714612
272930785
383494894
369799561
334483533
378450350
414326888
401467356
402701218
398959185
414960521
396617681
274230440
393294895
299696761
330113946
482250893
435430481
472031058
505895352
287202539
490085107
422210101
278409919
530614168
328924498
433464896
327420712
494309772
283532516
372521072
424918267
371581852
386443788
363972029
271991560
326264017
428328351
341587614
375021826
369359489
338797118
440612994
427147552
290035657
371450107
529626137
517498986
315913521
297757664
350472492
354744142
371696196
526438229
525167947
514951479
521229351
512341750
274948455
392826097
393539059
270568749
381023732
416982482
430929321
476811035
423400097
276815743
401250541
365253741
300259838
482233933
484651674
374093903
346640163
405818095
383480514
454208089
530918361
309004989
476446979
395404638
314178796
522559766
395473679
467465360
358222967
270778309
409931458
315034413
271822119
373125583
304497563
345959805
404121344
501022360
407283692
482642864
329774765
343224498
477561802
423908961
318432971
508443048
417061113
431871948
347493857
449478038
488160509
510068241
379480050
479840621
312744433
379451197
477252970
322288182
360296272
388345998
478121245
375392550
301070295
319620647
405764676
327261223
496230069
485495881
527987288
472478718
519342793
504872129
517507699
295245730
299700089
379886863
460697591
284269652
347294134
430705225
464819661
522095917
480308510
268480024
477175141
309953450
364017753
321906216
496594292
462581364
329329227
398479238
318427869
445444772
338020026
331085001
338010069
518295106
400212197
520883550
271688870
302710819
373734729
522351170
297136583
441693444
387545606
457890101
289716784
375272765
355501268
514580518
453079059
275414507
465803670
535640095
472753894
305076123
300864205
300210660
405832838
428741345
536379298
388042465
390720539
275673482
373795158
426888918
470408472
446595676
287072059
419707807
508444216
452560483
304265385
366843977
352764937
523052830
357269825
419345504
437689852
299585185
297917862
278560026
438501021
391975797
325320316
348711790
432968756
425324550
528124930
288652900
320843114
314310478
411571853
303917862
517605253
336591707
457420569
350413290
274776609
519460612
301285665
496921747
433239779
451275577
323521017
337938613
504418513
525914231
439599411
311267324
522533072
339203950
436390333
353982551
523781765
324263322
508614348
341142290
323909057
367134308
500915402
416117989
311282914
270899534
285316200
343923352
509876910
340107411
439125309
386917575
436790765
278247278
375243280
355094330
469315793
333006410
301282407
479924782
517846325
355976955
345840124
426779906
449082855
322939217
323114588
344621581
432942895
337024522
271424547
510342128
386690990
348795406
365760790
278853050
309699925
522328314
485091987
419964143
396521314
453791590
399538772
418302731
286577506
319632708
385003588
423063936
279089065
520799221
272584847
532868614
530878432
336764049
454826161
301643271
349848240
473354381
495365992
332419017
496874562
402503499
311148735
333400312
369328274
314055619
513663321
350832664
448575892
467053967
463586208
271375835
352267367
311831474
369751685
412426858
504398719
302432304
353401791
422082194
419447155
381428568
347886964
459558343
378534064
351257122
361552507
391161900
270629613
345226637
289433412
371813576
473639320
391930495
499483550
535382186
516270115
463664581
404220937
356225628
290855982
501850597
306908904
510199369
397246115
421681935
422122483
372695742
395885619
417134620
375667465
406379803
422384649
465775594
344884601
470015636
461903320
403971098
469627595
390099933
428297126
443482673
474458512
347227550
501964791
432802284
385666458
473100550
378573529
457785831
425572331
495157206
519509255
324167270
367855210
505929541
294732035
390098270
307123887
288942134
284498494
381628717
420560240
359052540
345754361
339643927
299892392
311510551
381040920
346477092
299314598
345219964
429659485
501115140
479235627
391094417
440186078
514476100
273301356
339505512
366781972
450735912
439564088
338231313
356881624
379289999
348625060
312457382
386095484
376967343
385715143
276204110
489553559
308241553
314078343
358791441
326460796
534184907
315396486
499641311
473549326
334992039
315314743
478930652
307084615
527928654
458901417
445138558
305241433
506816684
473062117
420417653
306174479
378918095
394719186
482856029
438420357
276792122
370426907
342464552
324140094
451850938
281194573
511986894
370352546
440275163
509167619
345260416
445373354
419890517
415678916
459360784
444940014
289321466
458527054
492344677
329834397
452708623
448163278
521446418
532367819
390745935
344482385
470395556
526469782
481752413
477431965
448244818
277343147
520650720
484860562
275063714
387019586
464029715
452364265
316503234
390019598
495932457
451370534
494850439
323554233
472750327
465708319
459212924
530167774
372825825
352082955
296643636
272822208
386695966
402806036
485436821
287426315
498811573
447157198
430222031
461844864
284999371
382631258
319566891
488634294
299120794
358572778
312855843
323155505
418595274
512710903
300479738
360622918
365031533
422754325
293221016
366314131
376546439
493206631
517450660
406511912
377077158
500512922
279291011
326503611
410172485
453623417
448695145
323187665
272330812
531955698
419045351
407093187
468720544
311886421
403844618
432561069
506478555
455062424
370877064
518944853
536863831
339388172
320600764
418067827
492700952
407493530
397990034
441849344
515691181
488970984
269519139
375447944
325634361
358992307
405863747
289338179
281134282
333210899
459103851
273082390
317853927
304447580
402423412
497218743
448445104
337151549
343254764
384363732
447478619
356611631
362027959
358273638
324262609
402005513
399269576
412518482
288238140
353982284
377160812
433028767
441595275
279439926
449540360
478068099
435500070
376201185
426434232
342234052
469117375
277367760
425950327
491619965
520658757
449960776
516607860
324101166
325974887
346080310
269831506
498768303
513943246
312215553
409830682
508352479
397020800
441755716
353522999
508240459
322524243
275504901
299902448
477468855
354976306
339715335
418651144
351139761
401458455
480227569
500373247
430413928
513001626
467082528
361105305
535658710
459882967
384749144
421391579
467973019
435732468
415368990
353880899
409063552
344804470
389980797
284951452
311625502
302572177
472180762
401827531
403700736
380459815
397009508
270286990
409812768
423867061
357839564
457380662
519854301
504514923
462869626
356142276
410491571
429294090
490618871
275407800
498966512
476587899
373787700
464323714
440302447
447814690
488778988
359911238
381224218
504092371
431997143
514354164
433757294
403123502
440854602
317497972
345706581
459647508
283049865
463456839
390735768
384600813
492200760
451657740
274755662
501301921
346861809
488197997
277034459
315135210
477172604
465176294
403223551
391030733
272119260
498304829
411449378
477908593
445809784
366484864
374900111
391063652
501103041
393543890
439974295
494035463
462224644
532532344
305460944
394864026
505428933
517918149
371411077
330283793
273831552
379064410
390827094
514880788
386656642
527689869
313604720
273076784
277194705
497195240
416775600
526420592
460361105
443103092
464795533
274290909
497599832
398140748
402041198
425672818
294029919
528839142
438970274
379167558
448700585
461352290
299647753
494676427
456716760
366191338
499236487
531865643
395545416
513337487
391986903
346930819
409713621
407635777
514316889
429410343
535946369
376473319
488832500
415956160
355929767
484211897
463402498
360301921
399749983
406186922
342727498
358884900
483920788
516191071
384066858
341168270
282436108
406819651
465439310
350536826
349406759
285886505
453220489
518508556
452097099
349251132
316567973
479900716
310223342
382646822
449400460
299616245
303879919
528009992
348474442
505347074
374874904
495383442
410303628
368945679
479984435
321384447
454752039
361484166
513603176
510821950
345219926
414142775
481224330
432664582
517524472
315534524
481820450
530082772
342693555
289377951
410450256
416810203
478723797
464088973
488852457
501111620
532689449
483737188
394576658
327810852
510178074
324857974
357380251
463974557
356791126
479231737
512904552
344338675
521626179
307854034
280209412
413341715
477368991
394909644
350072642
301574489
295284473
487402735
317173159
284694604
313383124
511311732
454259403
441859872
371906076
375334429
459089372
295585427
332716464
408825916
343222046
491245987
287022402
305256108
448038555
278885216
293777371
335924171
294543417
309826302
500978668
471280001
297364001
297610437
526465704
296287554
298030450
512234415
326834431
513324141
363530195
413419358
476561971
311613034
423856461
354373583
360391359
406959654
529214402
356449385
375187163
385467828
424499144
436922454
450726814
407372143
479916611
408677085
514684180
531046582
289411417
485831519
463343035
311057980
536604496
498826610
391689152
462181254
446347265
464895645
470102326
387954901
278442967
342108247
328654217
279141746
416307719
493391471
368509405
479252348
532385627
381467579
282295781
498753952
505823185
309522025
347808582
332392495
434596753
508803408
311336895
460267403
305335067
384621719
499180926
424210446
338182363
469638041
473802122
366757195
372500979
415497722
406492150
372996733
402996738
423492166
333487460
458719473
444857229
371176957
313923849
400039550
405259035
306215772
504981333
312123108
469236937
275038831
393181363
497318127
481572511
394472083
480929799
327012918
326221091
320125857
447941041
403612772
438376690
316247582
475998731
520946338
476998170
304883882
458482877
318395817
392996646
535967907
401212172
482071953
327389376
465254834
454704330
286328415
365842969
374991004
290187306
404196099
444377823
435383106
421571443
433421262
387321255
428633258
525577430
289980240
331029141
442291749
284071365
441027757
299716670
462153106
501177700
386252221
429495782
531340879
374610694
495836656
496016703
501189500
374643190
350834777
328400930
329227787
525522522
353241712
497920327
289049079
308972244
465563818
330236025
380559862
417628856
375893628
308920352
527888455
279817984
457918946
332284072
463052889
301742664
426986331
403300813
396780259
470674773
274012478
439621490
528073098
469986988
420918398
378967531
323415687
340862978
351775580
417353419
360148255
521869297
430611374
416200114
527649665
283544265
434965926
341377744
374616239
333411243
313061096
276359233
499311146
354161022
342324559
528035116
323016351
534174244
397910973
508278149
438683701
339286425
436474582
493391354
314175285
410627320
456748968
475224133
316581554
351684780
421068949
496311489
284012245
381261228
358959399
474243039
332793533
461689107
303462804
321582875
281490211
349687813
410745674
503482115
465187476
331241676
361604695
461635515
373744620
349993959
518888562
432404891
322704362
337166397
414994059
415074163
524512694
499225045
416890350
402839821
380987897
496543517
424563166
273337073
355130486
371013827
378648066
341595234
321313035
491136376
512376917
376328374
307743643
512289665
283944444
533080944
476884709
448528807
511141730
281827514
337618644
390018980
336219435
522382532
340377967
347682147
433014746
536192429
301635216
393874639
508836210
385883304
398199684
335592280
355065867
367609374
334471284
292935094
467719334
534048767
434326376
530050434
283739058
407498351
374300535
289307025
506341606
305222845
374746845
291697143
461068828
516483357
276314812
529396903
444177019
313453243
341215181
321130351
424365523
491033646
321922783
373954314
282872141
407594727
300742975
385235652
508552513
342318943
339776754
519570269
448280781
469426965
293759468
415368017
356274610
361834789
419819855
458749108
484131335
491309566
271561565
387386661
470342431
294466333
295330786
435490762
526333947
314306238
503818243
340151087
313961481
474172419
513016692
503622342
277247742
454414357
278462172
372865091
420027621
310434879
374191952
475857439
399748239
378148064
361363157
355314269
440833888
332033209
523903824
502985483
372638622
332007123
357849887
274422814
276316869
324824888
346937599
321038390
290803747
301699726
407818570
381447959
389000755
300208673
344236786
392079449
435655996
381739300
385840494
463562053
407186927
282035307
526563907
433600981
449554842
408148379
340705202
434905554
469443507
270108814
496589164
508547767
440496759
289631808
501994558
390288478
390713181
468437179
360395671
506665593
304445369
535461812
378204369
495457510
387953004
472699653
415240116
311486659
505333029
344839939
442297762
495755123
465734594
449902278
321025128
376671233
414782211
525093591
297553340
356027398
514651252
420654763
327728630
529682036
365315036
497728283
368474121
410203072
434544114
470967987
466254955
268856820
395952080
346366902
298869919
499540258
412687425
466410883
434167161
477004357
376996141
344200387
400619147
379099624
318273360
515922759
441996890
272906710
472238531
516073474
453935661
298422308
499961131
384177203
399256726
373145759
284554485
405745143
425042622
279520586
460581078
471928949
371942800
270881752
489512147
405620962
438626454
329573212
333339242
304235185
348307481
394073250
398064747
305855954
301827940
271670419
367598761
270129001
394508992
367624726
305260837
385624965
389919307
328479501
332570211
516869328
494652689
304712733
483420486
492502193
421473317
527477226
515313020
276715003
366660816
292401203
526392522
404873422
352861184
398372595
420971630
511809658
365057051
413539675
525699390
351002388
343929761
443723732
416186624
385986168
310471981
525372828
319409387
336877199
536306920
520932258
448986691
277829065
491881477
473423635
439070571
413684558
432062856
278017706
481432320
394331095
447451072
328347284
310887446
534911125
505883159
439171523
447789492
319142864
501115884
406208659
510920632
488665974
323250199
473633758
456327399
407354429
471246210
338694439
338672780
521956719
352304407
487863007
322629344
503879609
420258719
518826420
434188693
460443479
305825871
357189897
289174667
312412368
479692053
445504213
278505501
270815989
497038533
472477757
478411505
525503841
316063955
478562527
405544442
519604788
352167042
361248935
345653213
519832322
355048248
495748690
463695092
360177375
373665635
364984971
389234614
534982872
353548285
365089427
349982086
277641339
356675273
300508825
407386150
418344376
501131100
375447394
398898842
508566361
350944004
451744799
354563884
352674164
402732242
512497508
473306570
518438738
370461571
464967252
318342328
482776537
371390842
432643338
484617686
438086992
444421373
394406299
355678183
530455545
278285923
515864618
347838277
439991138
380128329
366552803
292964311
433531268
485319525
444837107
504416797
289476712
323853178
449217538
487996593
405468205
384891265
479916148
508361232
323862100
379485697
360606531
362170128
339985506
436524947
439257059
423907083
272766394
516575374
516186853
483907393
489266887
378122822
370136294
405329465
334347768
411757245
362143774
419451361
453114035
276738921
344927006
465620830
331793869
438173965
474477641
480737439
423805144
279926105
425676264
517009403
389173647
274615475
371899608
464003146
495137214
518319638
270480100
410266983
376589538
490091019
462173932
367777748
357665944
505989491
296558351
347612434
479478098
280240356
323469306
506611732
399176955
299692745
334976368
315704341
536849734
485717819
308729383
327066572
315707290
274981810
533402992
459702087
534211807
339230944
513400708
340757487
440956190
506217238
359442507
303652683
479606025
432619784
378624848
507766432
509863481
476701639
355896295
287772559
309914552
535600886
406803902
503363457
409910741
424617563
499805400
475684683
483822170
423376303
455307299
377016981
290167622
331790670
398573281
273410422
533592887
269363828
348683659
317043618
275497194
378389977
472801511
385408930
440858608
440056955
488325563
376179525
383745643
341753884
403171888
427648801
290222331
466146479
272574020
372837244
478427126
406925640
347224945
284938462
526671629
285760679
464067289
434733101
484666073
303644463
487848474
349813914
309261385
362515449
471716770
292631988
431518880
336174532
516886121
365318871
298430155
433130586
404617152
312115212
296128326
532966228
381200335
445557850
438175592
506389239
448711348
300883665
370701537
404795922
373032794
346552819
520036870
294753426
344390055
275325409
412364090
489155972
438127296
360586357
308500864
346957439
523780756
379956246
307654194
388207550
428987092
401532697
330899773
437672191
485708339
296908212
306819960
289966040
271623352
483987118
403283724
483005108
423880176
269544614
284262470
294742600
286806188
515905406
369294518
347721098
347003180
484932654
459127873
413994425
332019566
276005911
474746542
362463470
320372479
428479318
340482523
349977291
457196715
529120364
415559685
330149551
448764901
357404754
399856032
443524018
455596553
505293811
340251904
355551836
452507899
492268894
494205715
483497243
372419626
465612830
294827863
412242735
403704192
333136459
495527926
479196879
364627721
480034932
509661617
445700458
298231503
363324021
469838561
283072408
281074110
330615852
529426239
352982539
382636092
457875554
457142187
297821178
468036530
525181225
341599998
295036223
415705046
449044470
329130245
522811459
536759172
373933806
404872158
373102162
470374213
532949884
393168052
512198021
318037258
487471536
340370070
400781770
500590226
522536979
364926344
348614714
475235110
304850315
435802350
379561468
493693317
522573878
524648239
422746859
425165086
343605508
297686939
489535178
308755057
431456485
454273848
345863218
477310056
272896355
286956423
395748532
342094002
277383596
403908078
504980258
315325350
501673563
446139214
284352855
513521904
301242750
306412214
373073833
273678181
458210475
367973186
360595161
484322394
524881661
303410460
367548295
416027469
311385476
483487486
324056294
370243415
508676930
459640550
387541015
368016304
344259023
327258131
466832685
495964029
324397827
384526295
408506190
461394942
459629380
397154257
523671002
438309518
371089845
294191771
272501917
535361959
318679651
435364488
504644279
353194626
390473945
479358225
331693504
283733672
447613239
522395608
389517785
458122935
309474654
382715547
392964445
274826811
451516912
345407847
362215752
285941518
296424656
426658438
435393534
389141096
534474021
441385564
329276845
525603510
418858817
473892627
306323279
488049401
489943657
467375547
469898641
451450250
493665587
367203956
486970710
519429234
314581043
411592427
357155839
275169668
281365949
336972175
455567356
287627697
520881272
512518864
509938255
501953030
533704577
470060408
415884188
338288971
384204310
474171640
515787779
436134593
400335975
355329151
394211417
339595030
392507268
431849437
396797978
459845454
282378817
359061855
400618444
419400278
318542137
368066268
357893955
398975128
511773637
437137821
414113638
387274801
470604652
449859769
443878194
356154527
428112840
530069660
446592012
271636779
291505519
310890443
475388641
417528145
284149331
319946592
412880007
339592066
398911968
395140678
393045130
285167469
501941265
303152288
408422100
280244821
412058393
332945646
369442600
323735617
491049267
376665931
385394582
436477983
388500110
353638189
444126022
296200533
477304776
425924421
484992251
401790786
416045662
457820243
398395664
533249319
441627124
533045823
377902089
369459234
444186555
447241242
508026623
269931883
379234112
338820382
341869001
530623113
516750346
311182411
455197475
486368660
490222769
278145957
298707870
498555118
429481283
426734295
315278960
393938537
523636047
511406275
374186532
469688849
405116636
308715157
416144115
402045191
324555079
437875516
500820816
420742939
308396849
489167792
368380974
519263840
446069172
432249312
407070046
487630183
488270791
300759671
521490350
371181618
530215937
492526086
529838568
501408621
278672594
323848560
450752057
322370974
445434959
499511506
386955947
360507527
430180390
428912110
306143931
487339093
318101944
450059093
384127524
295608588
376192572
277750362
470508237
426306344
517346476
357657083
282069857
336787780
317247121
480713901
319475894
363486318
288218331
485691442
470397762
385245329
514369121
368885863
485381077
419584481
394698434
526659554
394809690
493318791
465797924
282367798
395420106
493355490
289922488
444475407
285232047
347005137
410986599
481149445
375988754
386864900
370144755
415297422
285771402
531489053
392776955
269228933
369440446
502181490
295802831
284240064
413238006
482149684
360542921
315249795
357910280
295602097
269971035
391758437
447074206
377155951
494195578
452413089
494375396
369241049
438611979
382673551
455364763
454091490
362677618
293914650
438261300
457049044
343465743
419590776
398281536
523045568
385770329
501995141
280716227
401122455
465226422
374042277
505020496
407110445
369220431
438899419
295943892
492837851
379175881
431844540
279112992
339088745
502114067
330586821
439755082
532419906
421093409
399558365
468986524
327951042
304431909
311981585
301567737
365981301
285004196
349277784
438050367
390484636
373797797
355158989
294853673
425768216
375285857
347133281
290372714
485477595
325009498
485847734
386881165
388524463
422761643
453659217
360163743
472949447
531659378
530643035
373338594
319111885
471129969
523260469
334306739
372307737
341739166
363650970
362342876
430277175
317183945
467840840
360614446
377407930
381141171
501789563
284051005
493303735
474708408
492538248
393260812
424969474
407482296
404922183
490895841
304606741
375127924
460264785
392171675
325608262
305926096
368728483
535016508
396319513
464873060
496538265
485007891
476945787
511658966
273565108
435093561
469332990
415517445
318711536
336356869
451364018
323771112
434864242
311364931
491350762
307905936
351357464
323504515
440790223
326490628
507800076
455176969
500961680
410879677
316551537
500396287
530555403
479526935
528021176
453966409
329555324
386662661
323967984
369278410
482288599
353125552
522478101
426731994
285346636
477488250
364279930
315954037
283859276
395163641
404920176
352981398
272842353
356515741
302911186
510665012
495934647
502520082
433352108
515462844
437673605
273746112
292226197
519543897
362447157
321747628
378729249
463828536
477386084
392410787
407608165
425173612
420586120
469683946
321277198
380007603
502404144
281215503
402054755
316117526
275382118
405356775
297983986
470983698
531009623
437327250
353266881
450361077
273937738
370897586
401699089
524467905
492745890
466861628
274079542
292352890
522966266
319463455
340069455
290909332
425795525
318265520
313172868
486280231
466522724
402014189
315917379
406844694
302337628
387330705
355193706
322213841
406405505
382042834
311922096
316456569
287858620
292982884
350268360
374735341
434758311
408739655
327537971
400670408
533268263
372722620
348499800
536419201
282399873
499836652
443119315
428794319
303238870
319259398
505550062
454206729
333008617
392484281
431087538
413861198
441485395
512100093
513973835
314768869
472388161
498506467
533111907
436467585
387779787
534915948
402831885
331377497
343753230
389040444
362404121
409574600
301716028
417464816
429723745
375937038
507890248
391971072
522481027
515439636
458598275
473133657
457861523
408611941
348729549
353907571
376153497
495230095
448668485
519809733
474980600
462330286
504553460
524398916
403205483
330806694
283766054
299245721
286615834
436619448
297855891
506592047
429185399
357139499
533419195
271497084
470605653
483364298
474156813
390990367
271205279
438984975
349172826
382284475
420514242
331866494
343114429
414771076
428573725
422186301
343751062
358821199
430912794
307005642
296754032
444595027
474235580
505233263
530126741
456505635
419297470
377273186
482647953
357506414
318313398
530692937
429296390
311964961
388346735
428614887
420684728
302271267
520342077
283842124
330900709
273687116
298099474
436002451
370144738
435314727
494452756
490644283
502411786
367711644
294168193
419516592
301132568
298510767
307190551
416100562
485780956
395600687
404357765
463777977
421646640
444134828
324284398
336890397
399606853
535351315
416694942
465998052
514539820
386855101
397017249
472024817
375996760
490260427
337113705
480417273
295648803
532034292
511247175
527400011
349551035
401923490
407879032
300856126
527684961
501242524
336549207
508353685
312607911
269346749
402059476
289444585
416909264
383678257
325892854
396782367
470563152
353119367
323724425
399334796
335451846
361149215
346869542
482431485
358880805
371120832
281752451
285046586
460599382
358726918
350830064
270912654
520091249
279963323
393102500
437601853
466491980
301494924
290621391
477076726
426490604
296909420
334446733
336566478
488044096
532151275
280526276
375764360
347062000
445201729
305774873
371594330
326092772
272837180
353222526
355317336
405033464
393354767
295381922
487279566
461729276
435274362
433519985
287357118
433641036
485300915
476149825
515502534
327691798
382791616
395308427
514600974
360750520
385142517
312670497
406225165
447146443
320525220
372229010
438228910
484296815
512642789
448415500
410244419
383918512
268639079
312751069
382263065
515713086
444260552
333066054
405551686
348621195
273454274
276881863
441150751
417616552
534147699
488727460
403951369
455566736
489953280
454499485
443976707
337537652
532015475
376779752
404879080
478684149
315421262
429856301
335242823
517646924
489270219
284181096
518440107
492820730
371549262
487295475
517142977
449939941
515169801
287999409
289516819
430807692
400370811
408970280
296219573
350083028
418319435
491976194
323858140
342407276
527954902
278918318
314330533
389341202
451652033
455332095
531749818
307865424
269208551
500453539
500953772
276800184
355430971
315133151
448267658
302755444
357563843
372160119
415953626
443691998
384131066
461693785
469439693
345793834
388233053
493623071
376537073
401275801
393185594
429164064
382332812
473574641
532655321
498514487
475369944
415879539
384389623
515687523
520694929
499648388
276052668
429757660
394085223
369665528
481378880
297466660
436448078
471377413
467403215
380543850
423566863
466488869
329314729
288515439
382530544
301189774
446318849
492602819
405238019
480921538
405607599
486358397
398528989
443640262
480794247
355144907
408398175
404973754
506029027
380889889
468406792
485713184
359693428
365855374
436271187
280073077
527011174
312724305
448243545
509730322
338205865
406853294
374101748
387133817
469502865
430506843
453938615
502557913
497388350
449279512
303670927
437301853
428882531
431250686
391992052
527112520
349733909
272254283
490265581
274848505
323325870
432118753
313701268
522461475
324397587
313254925
322402257
270656592
518899997
338252020
399634973
412859256
313438027
500188731
306867744
311714106
391553811
522334840
313544146
482838643
500960333
489001664
303506905
277085472
376598203
515348957
429272077
520369989
303721485
475169845
298798410
501478320
301232301
336131669
528511535
367363379
527291142
285917697
329285126
330963858
270928450
341885056
461146077
304394454
450043084
518943186
351654874
484363114
449011891
280738929
359921784
471296151
524076588
373785201
476288880
450371717
354219291
317989987
341961639
275424039
491838386
272780736
381561306
470883682
455987502
314889247
331181637
446148365
280311155
408582991
384913220
419412891
433583457
353979784
493526211
494001419
388911881
298090534
434654752
367357033
342617112
319482523
423450775
321333528
433970063
357769348
479354469
449908095
500340056
326946230
308288137
463704488
327426406
499676190
483466131
389497818
495507724
368643856
429581815
289961911
406984214
490309226
486555696
272509022
415696168
519081157
454088122
447886162
496015218
382394454
291239864
484316618
311623689
351026847
524855257
417524756
478409950
530032385
470548846
294839628
294462002
325687517
424038237
522840323
394035576
440627228
289376553
390423085
312668030
376398988
274256892
525119374
465673009
508918116
325579317
499187962
381860385
414838113
405917226
321309422
410728546
427587404
385849258
355890426
418596028
381389595
310215151
519307213
445924121
486246171
516239482
386314944
502742980
399438225
431311773
302381379
325886157
311020779
332779063
399825968
351153707
436511953
457079556
502933956
389439181
351650594
536295858
390521786
360217780
389116297
535640525
326766928
517150854
328237548
402352106
506618045
308786971
495817188
396313498
268920202
408675520
422249997
286312311
518352746
398745593
386688592
399246098
445924681
529512357
469155983
448869563
386983460
490548616
296110537
387965732
527430034
456350051
531720564
413596085
468290108
477058230
366798649
396195614
501066778
326545528
442958075
300271199
308084810
382627325
514613973
426782936
476335252
490779042
278164485
325792681
482345077
383767770
504381058
463429024
374320211
439647068
292696700
365185757
288463666
322356033
424208235
320245470
318879793
351334172
387507998
359382722
449496888
509581899
386936844
273750438
511138946
387616837
279569538
431499580
446546049
285183581
435390192
475509540
281662723
385355989
343222134
492604073
449838497
458358552
391017447
479679936
426806201
268928715
491285796
490763216
461208264
456136433
508303578
529271324
436413183
413993929
487914672
378935138
451742834
450001410
370022787
417483519
367075081
469644351
428108423
421101856
507745914
436147946
410544841
492947208
358906953
425357521
519581160
270876291
515803923
371610084
418368388
410646971
442487635
353188849
408649499
343766913
516141444
302811285
336697401
488375473
385382867
301291196
299888441
273325042
498779354
397205014
473769330
517758998
367532340
502380735
462495640
443028304
422773120
348602991
454187831
315659790
300967824
429450276
371077882
489663526
275848907
451936949
274989807
270218041
487231905
317010233
481649791
467699295
306698201
508439770
406055052
501923405
381047170
352686664
283553243
288841560
342279009
373252378
336871543
301657714
469527515
508888530
428121381
413515294
337824286
445404592
308430119
284187752
440988699
295587865
442690885
283777509
362313237
431798338
457150486
289267844
498881416
422857507
509362614
513521789
487922018
390208823
303672671
488572079
394697073
321865577
429586867
431156543
420103409
278961692
453005560
296183915
319474897
279832075
337200266
377876679
475888633
521094275
428341484
323476435
279318821
454013889
423193939
269804975
408793867
483778947
404576860
502366252
407871321
348227579
291661656
329029550
403273689
452292414
345776675
505949563
369615112
417077509
288921266
327870782
436872592
431070749
432223760
482731459
518371845
522972334
393303088
529893597
428199357
274842690
326788584
280976929
384377033
452021717
289171329
500752848
521738928
523728822
459088515
491585055
288220451
373021312
441220747
431696823
317761433
369003533
334356654
373395619
511164241
313811574
290563328
378943633
353262183
342053639
411540906
347786954
491755743
333785202
494095086
349729248
331957807
461553408
412943649
527860664
296315655
513893126
489497516
394544135
385797857
496013524
512848119
319026706
275226314
500089074
509583985
496376867
451827424
337058002
425923626
512484317
351135578
424149905
275664601
318758891
462599813
465729643
531538058
505573443
464174194
479624660
402055567
489827559
499617937
528211009
301953320
462577824
440768266
535623446
275491086
483451583
289574993
280381400
340176677
508314199
405836040
363627904
480853674
426717889
497202070
283268618
339163304
333896801
447762663
428815798
269281000
336629483
383891430
437796364
427031423
460788810
369036142
474645136
478313869
355694789
388741822
361861448
491113521
287814479
474446805
405301359
461134862
476511548
470459623
455215158
354742121
521283033
276522371
410889148
466168911
438805412
493321996
296813877
353824950
286398559
340083942
438506578
377129100
475668011
492933090
412515029
363952195
415251580
354059435
501965196
306118210
493134732
528710247
390774097
524476824
406008113
430784779
464040755
304516054
299160935
453858123
522601684
535393761
351069694
456668166
433474404
342595743
525185656
534918389
274316992
423612934
282104264
445074794
427276426
312668558
448871669
270914250
504246923
516971428
288585176
391778674
422662243
462048356
357842841
421666905
396361552
277014740
314227218
416395669
455409114
342719812
436933828
426886247
370310612
493249108
321476856
516174608
397632637
442316494
412829526
415675310
385650052
440214309
294875194
382306785
485340511
460634212
305612474
435959860
345032546
343025619
426318194
334983824
492041029
458265229
279309525
323293611
330199660
344900856
276119626
416087563
456081430
348046554
389579602
430277982
402884412
284311547
422061981
471679163
444000943
378076216
431400818
385291201
370877401
506474189
509780166
354282774
499000839
377146055
525240752
330941406
406988124
303853839
344104972
432636197
339819750
487989635
367831748
475853929
459209649
353801964
474743614
361674061
404197334
308774435
396192702
471193618
449363052
488480849
398007632
307011234
440089660
317147482
323571237
301067667
360553244
435697992
413193260
301259989
408268008
505040138
494179388
461808069
447429985
509308652
421602273
440909490
475126585
494563502
445821796
482408482
352037396
293892994
393613991
355463500
285913948
515450231
334862893
413504699
503129544
484407926
405831155
530406378
345495837
522113305
399019815
341178131
451091670
505403204
447443855
276950644
503136989
405422067
520371259
473959848
281476934
498068165
412241548
387674985
410207841
297533874
433169447
353257882
493673144
353216711
433267350
351262130
414478725
498393511
321359869
427620520
516926926
312839709
401323820
321356088
481000236
309306133
453640540
530367871
409864302
386324323
299173267
511579500
398806020
416571386
426015369
348077562
293046551
287075505
351670973
362874625
289778769
483219187
456212818
461772935
292970500
318816227
381499026
296991180
450255763
476809224
326921335
417033838
401392167
487223420
427972271
364954333
453337812
299469490
299524323
506606999
526570582
533005656
460401434
419296580
290487753
522249084
327846533
381011216
467092112
469801551
519539596
461378941
324545606
506838454
419480944
356136305
431412474
519352156
430474676
380429559
508405580
454521026
416300529
276780553
273181703
340207101
280734277
365762654
507137448
438717888
361066548
489987956
401621261
490152631
348775654
345784138
386319982
359244776
490772652
509524681
372760566
523568028
331367708
339135224
454280122
361947754
388481888
478289176
522764070
476452015
407656330
353082997
415526065
444110935
359633808
471644796
414079099
521835948
500857698
397486005
411788899
313451066
271890346
272179438
280668785
406124541
442575100
436885189
427606093
393887583
343480032
437192438
307438382
476422516
502568583
414313411
464529395
277622410
444943780
273173861
274540518
528294546
504821170
403478154
434131034
404185501
510195622
533855618
522188125
522954383
399587622
401652838
268997850
458855510
535381751
502093888
512344120
391841375
296905953
375668631
433538901
485535048
360545273
308363194
410772423
367412242
361331391
507635298
404323657
526257457
444477568
370314738
403403806
420574026
362921555
436437351
343984151
376697398
406094796
291181155
501610008
386755667
513945804
297218355
509252585
373155697
370101423
292741148
325783278
478396451
415776385
338760172
499206878
470548112
367809424
370115878
402560772
354953914
313317882
490951678
360934627
512455193
321614843
470012639
376682035
448069437
479613396
471479802
390794911
318886742
512254972
344253935
285941275
275209114
381025498
282437186
456849458
345350791
333720998
338258948
375528674
358815131
471997120
313489572
318192343
421272578
403254349
393251662
393102207
311112737
534272609
363416589
372633018
510870545
285884790
523812179
363736917
424007305
473027365
481604179
452306784
332764363
401231923
319169175
345342091
355410464
288326495
509829237
377668386
432736599
533474346
460016739
364902154
306024641
358183957
445658917
335560369
304342606
419155022
487751289
354578553
336623575
468373228
464863738
510242891
470778561
517610720
439483572
493275651
309290083
486509473
432243470
318050442
337658516
362519463
476040436
274561518
324520180
350158413
294580510
501885550
338010636
485994414
363972502
284258276
527586691
356128933
390664720
304452218
358983510
534083469
423423368
442281164
285556424
269633349
486756721
452051908
517779662
445783296
386043895
350690526
422860152
318245381
484556909
461927924
277982465
470071370
430742060
317013092
289982665
294700748
487155562
367142375
293017934
513901434
290503180
536807032
307736582
387593962
331364371
325773601
499193829
452126182
332791190
534585328
524732424
322904212
520341598
453076114
293989015
454687948
526762550
347289018
467045945
298891540
377405562
519690669
323694946
441609698
302795352
423608966
442470441
421653091
386896163
473556165
348833331
499011060
415410733
278687893
490356830
455869197
280215459
405478327
371287855
380915371
306391766
289248551
413401175
353073101
334750027
376445277
303112376
489251405
479183607
447830943
438493669
300134278
439693589
406103924
385695210
402362089
407831906
348844801
391567823
500312686
290596430
413454083
351951491
384861109
419791198
324535953
405031548
331038316
373708321
372446282
321928071
355350865
487067027
371967126
358989965
413409424
410130657
473691285
471745102
288627956
300546199
421548174
467331119
370334617
525221779
352716645
326602740
274141183
360173269
434054563
449319443
333268093
468818940
424561215
501068207
496448233
395211107
476244951
402759744
414413593
365953839
496642432
338618372
418276545
405116813
334760891
375095807
280235771
449675450
516228385
496118111
325439940
354860327
383286646
347926111
534308784
341800815
501601648
337707918
481800395
376855912
440945606
402063321
351213006
396533482
375087231
310523520
437805293
455233017
378774664
524761547
441485332
400491554
348664559
347463182
429715516
294063077
314399556
274803811
341290203
271887021
437637711
286653783
378927039
522169671
355174534
473253904
394828567
447552963
514876370
313759604
497994309
482078878
401854311
420723978
509136277
535981662
334427697
286497960
291373108
470191051
307367629
467325041
381286217
375746242
498774281
308295069
374207517
310210597
361531534
321356174
338390426
378851645
373416287
325474719
430266413
277696291
470603278
332201530
467769974
357558695
402719656
449591032
475067465
387178324
507517275
449852496
350108221
301142738
441951072
453223239
343607418
410415527
348651472
403483804
476647867
437758463
385554752
408451054
377864752
398317166
531306635
334776160
401643641
347000452
479263917
484956213
336447691
369118807
279503002
495770848
275146194
456392148
333678678
478054616
305688319
300460177
338171184
489251499
493734601
500143457
325941478
363817499
473197034
409058581
525927810
310415405
420274738
488523183
429438535
503869395
313959289
276348807
380998151
526496581
278169211
414658610
348600645
398192266
509100313
447729857
504054794
438967306
518536494
384986586
416298708
508679041
436233902
397969606
382183701
300987044
324012815
280876043
351322965
420200220
382540516
418692568
518276914
497326983
339265445
487657507
365071238
402909638
523058221
278592693
341465610
332249055
272616539
377673932
361840249
470537622
389112287
484505483
323176423
410941728
285620889
473577320
419181930
360146433
353300070
415172052
269251004
467884140
504214502
327471596
478881155
374252367
524992311
443475701
357986130
313415840
450411442
491776382
326053514
516618962
445894414
488718879
324951542
493990856
493524746
310102418
526139885
508047648
522406245
319861668
489222846
521751721
277037420
272045669
359860306
531803408
382092753
329197503
429735200
441241031
517607695
363888712
463078907
341540748
393254447
318697722
450991297
446608193
365575405
421954065
413385756
383735451
452703976
474579459
378199005
332217476
295070894
366144311
271510271
291435692
499538709
282437229
269032584
364443855
349729620
294132040
492626171
370824715
296568235
307122797
307692847
458165887
312425116
392852911
298999178
441559438
499466181
516148218
275259356
354917541
345001923
383590130
285659541
315410654
313732206
461043532
352294733
473602608
481180435
309752858
286512457
363209459
278685842
479355720
514437968
271489745
291436504
375017769
489601087
323349230
471141080
345885992
327812817
419897698
280109401
463659995
479058564
455716231
303009401
311556448
297671917
325710856
273228491
471633782
293730340
319828687
422453785
269645096
516846169
395394811
464208085
394014194
451210659
503990729
304073008
469764624
324828776
391867715
417220714
488868197
414426355
524826283
272328962
468843693
466274317
429588373
350988294
436647021
435717358
400620508
400000834
281005516
402870699
464396449
411627489
377213236
481381588
310111517
370082711
414081356
393474251
294696675
325649912
444642011
400182782
466192169
535217855
492589727
458485175
293766694
420645176
434232665
352372541
288916258
478739351
377895259
312864430
512589714
485940880
422536327
419746179
413966525
450069673
311439681
334676474
342103484
517541221
370095577
271156697
318728206
407040287
499985200
446664620
408004279
276301928
332609139
324422361
510942238
507622473
344331186
410633871
390418547
439341188
388519310
310119544
509668794
530724824
336949750
514186028
450270624
500740017
321249613
528675601
528458561
459447819
468458154
309320364
333005798
473862233
403182986
532839016
327794615
365836503
351149645
282968622
333529523
303602625
500525314
352647176
516077230
350781361
285543785
404651786
398931979
480779993
424780663
321349811
527423962
410080794
478624257
307259152
490393386
471297673
353416631
360153208
436699192
529973674
431403504
522004579
394224639
408334204
392191837
437983708
532907288
348694818
415044269
470765497
365652544
438789714
393049589
299370434
328650213
439546874
508279288
344888643
276623351
291129504
461374725
375340668
502673168
527963094
534194299
397781169
295577091
468702474
364096525
327501664
507319772
487619641
303199678
507458556
520366236
362488875
390528704
463325686
520907072
511116946
280101167
531963441
373739868
490952760
417747274
475199757
295820954
412219306
307830727
384607518
413723802
396649729
522011768
315166885
498637596
310629622
268561045
487551808
406502934
281823275
451521115
478268876
335151071
331052953
298396208
499059188
453677820
462771532
530936232
524188947
271174190
511075891
530636746
333677499
282106807
275423321
485234527
450113937
489129582
310876525
352660119
304635755
456908923
305629392
404697872
359622584
524444786
515513010
363587639
407927107
310438673
377195855
341911428
382861980
298559537
327716628
404209407
443780057
494953748
527825048
444754370
332930652
530093699
432860478
520790885
292077828
389459377
422102473
351597819
430114055
467565423
400390426
274926123
338655122
528705807
316651079
378671117
310104975
429254452
534933547
429118897
448902784
271271466
477497429
337948445
427173118
504153777
314021330
383335348
396554901
368929325
426491172
413421621
535033118
432903007
391377877
501191465
424780682
509612950
453199253
476747888
287884591
290638975
362898761
349698757
443379047
391792752
446535798
353376058
309410134
282060936
453730464
316323874
389051626
318018531
292449655
498406044
336177216
407740400
350636096
313235490
497482450
311862565
483626825
287823070
489811930
417974768
323002137
439335972
298751957
338542499
327105190
460224913
507465842
415427028
426079072
493087713
504246586
308816909
390185369
483036436
296138287
382294940
445485114
380304155
289368769
397303272
282109699
526695623
284464602
363191818
479802412
415533344
416952345
374478562
443380219
283624337
510552546
484915244
449374212
415658463
492619926
500910568
328119733
395190153
309061983
419563932
312936700
450898194
407482650
388468859
373075542
463257803
536574473
281261475
529236002
315221966
514477992
507588278
445640218
363097692
334059191
423468227
487035173
336026906
513473183
511421456
346271760
438433839
280490349
283615066
479324668
505039217
373842841
378870085
506030901
496932130
529997417
275698414
319274815
311733072
464963454
298639586
390496992
382889661
460869874
460947630
384659148
361497739
370720688
305823922
481244983
522182658
457822997
433763072
502019603
449814079
512922835
528695941
532189719
444577914
509980479
324123537
529268082
522138906
497797234
373781496
444403677
279889751
345232471
397516018
420929626
485088196
362962165
517675516
301507918
320393836
307344089
533583444
333497520
451904062
405371632
536289868
396686186
439791674
372647441
352953886
331489779
415090598
387917183
297133166
340494105
311264464
270105997
288205723
285161949
347477716
371402641
313501057
344346444
374880954
363693799
497197166
482768836
344986874
288526184
333813755
438799090
356664768
424528202
520097215
520358285
396398005
479540327
383227018
340706844
469046689
487984904
317385310
432966653
325081225
372836863
518896228
404333006
416844377
322676335
299292691
424303202
397450467
426551327
505746634
372449812
505135000
535783448
316873806
301537706
519070854
391273044
506976760
435398204
326093591
463202968
268661849
460406850
514090701
330996756
438439786
462802258
306294911
317423128
531431518
369128739
407810176
320047091
433904662
420565755
305895356
327574110
356353015
286552045
492971772
495185590
415678132
421086061
309301715
301757580
499319690
399135964
522253374
269790727
355285675
403482570
531491836
463636089
494559535
303984440
377483697
413452082
401613909
515749807
320131963
401868792
470303175
359614030
329709135
294700230
356328571
488001276
352596599
502607803
346637427
291520431
486597265
522201014
301669524
411514206
350940145
473791982
487233913
414555204
504894808
292000278
400215849
357352476
275136718
289953748
439494539
455219757
500308174
452449695
307624191
330618923
377696831
360964072
332807508
477492288
344685803
299177689
410535131
383334576
500992655
310860073
449431685
526155018
292437213
465849832
488835699
314216052
432568486
458637963
371967144
400036192
375996170
417999479
404949506
365059063
463241992
450871012
390830703
478817127
421257680
341795775
313635220
332007068
450216796
507171349
331818876
532161413
535656170
322229432
405136418
415096684
498846017
301746322
416517915
516761431
440619515
455571304
270608612
411283179
318349106
322588463
319813604
274379227
434640457
416703320
445193614
441543545
280233850
344517355
419148837
493434327
380985632
526218710
447413385
424283635
485975172
496523291
492751836
308787044
325671490
282173207
401707764
409741240
268765137
360261435
451317030
386078447
507241006
401996855
269233427
503845625
313219490
339843016
449403698
400002140
305464389
323142533
345795412
282432392
474319838
518316149
275280137
419374549
330591895
484098201
444396036
445209316
300607124
523640311
399408126
454924921
396283513
368027798
510605196
462222581
312426071
326525249
494393396
310396775
460802093
383770288
277052994
453964733
280689241
442150074
407250866
471527626
388635877
446657523
443943552
286786485
319769959
436292759
343175688
470030905
297299227
413637408
505976262
340922778
439756375
439637774
459020862
533472218
509584520
497481369
445438742
361844582
453429590
446373024
291936777
436282028
450536310
437670204
485411943
482819612
313953892
421186336
312957360
295206303
420880632
285368944
401821255
504234049
311575837
396574206
308133559
419320494
445860604
358984969
307150515
388966806
358721911
327564138
466127216
326914116
408716636
446825070
528262869
299417413
527242858
370914088
446553657
457353041
317705060
523415463
365035195
519650316
318832605
472743469
518763888
346931486
483845356
399453802
535652647
513260259
529709222
529773287
482318736
496044396
393509997
486612294
295906539
358315453
410490763
288091386
380728692
509928660
397049337
324797407
297516217
289310635
446374227
383545571
439358810
430928852
456521267
482771961
297579668
388524554
309432064
379170234
322821968
459222764
498826769
456992716
443403849
388896601
297868007
383301261
404721332
450211608
377848475
287061121
298954660
310872560
302067558
338429118
305443191
292776103
485152497
459244021
286053847
416282040
351795472
410662249
422555247
326781498
440466318
376261954
353702765
405147717
523217375
339673722
287321459
318009101
383301488
387508231
379261004
331144573
490071923
468534157
313795317
280349193
523072667
319609585
336040352
377665751
466942043
313016401
272479781
350874913
306552854
327325485
495639329
431684216
330632865
273440518
286100915
284605949
319816532
529906451
440605687
443813949
385301315
500264741
350838670
384241411
399518105
511275976
302675672
435040172
344930020
368712436
444088808
299398407
402396016
280388558
341788617
485765915
448338899
426704886
495786309
310382050
415771706
476957955
383134527
497644044
468141114
392466465
367979343
332087954
489133562
514239281
403175330
455074393
368705937
330478321
393896564
491349816
455621771
430448203
514438942
511337825
416532294
279872465
308807239
365644125
355532326
311564507
316297688
284753414
381712860
532887777
434763691
471864843
417725094
460851343
429665750
374695376
395511025
383681945
355928152
409626399
432275582
360630342
366549662
368583763
385226244
322960370
308133711
491452193
318758771
498732575
281909960
273923062
344044719
429351630
338050987
391012585
357286527
299994302
355629193
445124074
420077129
531938324
395418002
325512721
271367328
413419956
315902327
279332567
344151976
451317969
536789971
486763501
503397404
280759172
498925632
293075745
299648943
336403149
446467245
358075531
327311136
282339252
429695008
322255328
280828725
364191894
295419583
381911912
270709193
419779121
521370766
289368445
497340463
493494874
469831244
284869390
369986233
308969948
293414276
413287766
406196978
453030590
395045664
294607520
321897800
381072043
456831790
436624274
429629624
490059040
509997428
407704294
370574707
433980590
500629947
493491668
272220663
381688925
378278330
486719079
470659634
395414870
402948225
412370550
286427774
483762514
398797910
501745567
362534496
280240623
289357999
344840007
290668812
504552523
301015118
535272416
323356871
367958819
450560360
384662955
278417900
472459366
457472009
369476631
328697409
388575285
368756894
424647254
407352529
456021299
468874293
469643693
395937299
421584712
437222766
272056950
278488630
283361571
483233745
297056949
385211270
460273647
275381304
477548541
342908946
292735375
290970299
430402905
478407620
293229355
433487868
466686107
274243726
389910837
451746417
463513387
472602822
499886462
376873839
285667643
329437549
514217660
320973531
357981443
357910234
283011952
493921792
441836286
433789632
347854693
431679732
505716882
450003500
349605493
282778088
283751160
396583418
376141287
313050237
517919598
