538693089
786350671
725644793
789543066
706597986
591753543
748394742
721857550
766075792
565526962
554456139
611131184
539703304
553445297
625134923
547537708
595242876
580440468
579484999
572622622
567312429
547239956
666968690
577467601
771842365
558951918
796918401
672857637
537786916
635465842
649709342
715045172
762257549
670015324
749586881
600938896
599553768
545633792
575025328
678974684
634749945
790129495
686901604
550166885
724295154
615727359
788478663
603507450
694291013
594727978
795540383
677606390
714580032
673131537
635744915
646927219
567467806
794036451
768706436
583324120
753606204
745913256
628419064
600566150
576872988
800702888
737588026
748500620
797784205
711872069
801403987
784529044
550597923
540676658
749876110
603146724
715447135
641480411
593089286
645133350
704766418
623387901
599227637
642565951
557404680
705619927
621616751
614232732
650778106
657522583
746405558
537851168
563835553
746662844
766383013
610787273
698872091
647742142
647632888
703518274
792185907
739280517
764066909
726548998
589447059
769451172
774809124
666700824
795089640
592585626
761098897
639362412
690030913
567157919
775746125
600791691
621981576
671510929
765037835
766714390
602032533
651574051
684973316
780291690
586284872
694650980
711017272
728318260
564922949
672596984
802944529
721959894
562312698
560540580
732302885
558415177
773253152
592696500
564692484
644692215
793394090
630671200
606070918
557293409
714921042
802269682
559573365
794180412
765509453
686661338
616790195
650003536
733349059
540253102
607312867
684770361
574612519
538361842
634873979
738180159
589278914
777969762
615320889
624921573
546625186
733982865
682652519
569606071
573164154
745767966
683732103
614938368
719341826
793036619
734809364
538055386
588398176
704176622
563222850
717352728
625995094
628987100
763863117
783725983
718145254
603485599
771564967
773809587
769135387
764196953
586379700
799688104
594780124
772187751
710544314
777054714
729473526
645204852
653939896
665114366
621167753
598711316
590296913
723657986
588282251
664652151
692999755
718637161
597111885
578892744
554417971
595010574
689834210
697806843
705581440
599108552
593690091
553249845
746837655
557830821
706725117
750144277
680747919
752037107
713672980
660530006
672347982
679665254
652132792
758552808
625770142
784744918
728028957
615899801
585010809
644405757
710164481
557405798
543566836
582752132
647437404
595900854
702270974
610847127
583193783
748401197
593846414
650925170
616923437
621037967
657681192
572285382
690384582
580959937
687090347
621620927
786700418
773452061
717412532
800951291
553689326
612822737
745355742
672021222
545735297
595418577
733176469
575052044
675154779
795089222
791253237
704646534
631606648
726451907
709850023
656766053
645640196
667481263
668613304
771132847
614209493
575556866
632293151
626090216
603323235
710985896
776666401
725054739
618753024
757366669
585528755
613134925
601539835
703718429
777038081
613984479
764721767
799820401
787514451
648722362
708933279
740525019
679059173
776594874
596233343
677335544
579259139
590357423
719176437
687737881
603345730
642026682
563547034
767315089
571466320
633496772
549186236
791791480
788937004
549611312
774257755
553740591
649947336
736605520
714617129
540170783
766141339
675710588
647427211
621308960
541159654
662934987
638508701
738681452
734008512
709846828
587838769
666761823
772526706
588668739
588675016
713228574
607898428
614874183
730494336
565129483
662563179
684314986
610976731
673138128
621798528
559667393
648047865
722065907
671007397
572476208
697112012
800911108
606521506
649527918
579284899
739518271
600647619
761121345
676105585
780890069
577559969
634205129
744406290
707727104
568697337
607530390
568117432
800767084
687497198
617336842
771631885
632329984
696408172
798221345
625734663
570111500
726348800
756587466
730464933
661576789
553613234
546071513
584105674
552777035
750113302
774225160
716589360
672573145
610083752
567798038
574509508
558700568
758621990
559174694
616353188
540378321
782839825
601140673
620397917
684440164
726048340
607341220
583815564
588586650
690996745
743061867
628412815
710484812
622816309
712065297
641513990
681521777
576961093
596051484
745397834
637904597
633562298
716007684
796183062
684730466
636514325
593670937
555900615
579618514
751756080
750172712
755276666
691190517
539784151
612577905
612968640
687453997
588672962
794124238
598800929
626205909
801466485
625336839
785214139
668630789
699732620
591917284
790957612
793085601
630002330
563436491
688147663
607276683
651528177
557465911
618019986
674864455
548204384
627629448
659494246
558683800
699339610
751631415
761196881
626404011
729166946
737202754
636823518
745974903
639842867
675509098
705990316
759181001
570868331
784595197
537806270
791682203
627636706
543452719
661321790
793251784
593902606
717502758
675070722
627451305
614141865
637034816
750045063
546409411
543827725
615827252
804268035
563056859
584802379
706327389
566812474
647649810
737689659
718926687
699354475
666290879
726146741
798094399
724375426
723468321
644331351
781462665
703514120
563511746
785892264
746136904
753048215
655043037
743216402
689199512
635587447
768257102
717399847
575521535
540666052
713380990
617320235
583528528
691369453
734354630
775915437
590050576
703220693
748684989
595927269
638118192
616469858
586698990
609190825
602081876
701861880
626305417
640543368
778482797
776726608
634210060
684466163
667594362
734206635
737242702
778965789
703040801
790980621
703101901
605451531
596511245
789933014
783241781
700243988
783063749
577642418
587825964
660243574
788854154
538041980
693788119
603063370
601261543
723812338
674988693
715158771
713833060
696458631
747636202
783668334
596420991
691542204
723197420
629630918
742423213
781704320
657797092
685479055
632838759
634895014
744480285
555160783
587407171
675138497
666368986
624981844
596822712
702421281
565624661
578827557
649962136
567656465
537366049
604960218
771335306
631078731
558272401
702548468
655938889
753468082
669182992
770988024
764071336
729093195
569782504
698407344
781412097
775105093
615705725
547291077
706927768
620772397
720899075
671715866
620679104
590118225
730473205
730157142
614823712
581427654
642307841
784272563
772558174
542102860
632197587
537534918
720857000
545521015
556041233
556695133
754391390
576832886
626339200
765726300
652794197
732982810
569516031
544989610
541902597
736952184
802416860
586989563
713764254
611057874
740232946
732495560
679108548
754636118
579997352
793205308
625859197
683838601
609863864
569533077
569384192
648040698
586194569
645516966
724946333
664685214
668724816
593051158
693342274
660966443
695325043
540289061
606923816
727717783
755731786
620946338
710085056
651177579
707841543
661805585
721961923
774530012
606491020
667445595
606561674
783537353
642054584
615899169
648192182
792907027
726665266
547988125
631458504
730668801
660981397
691602905
551447448
691594033
622854616
753257223
568227690
596416981
622449374
626910198
631900748
587417685
680843939
711588924
717171184
746524233
769474034
640174150
783646724
588723295
735906678
730827125
580707904
754716251
571844102
791269504
574144703
635277442
621971842
750065625
708516703
598127659
693742150
546533885
659057019
735503811
553126039
662309082
537455609
685557191
756751676
685420254
654848252
676921315
748729229
720994548
668753786
654015412
630050089
771595083
690716784
775258420
732558474
689437816
746784176
629164657
648389022
736006195
623857852
554201909
624775812
592100582
684951167
583072312
739224422
768728717
654806456
632533476
637304823
763329631
678240414
650545259
730396122
753429407
601786829
651203753
751263300
614715189
538892068
772449867
773944432
559858616
541733437
599551690
668620615
735452403
795379643
626059693
621581585
732996631
594277176
636189444
611008130
717121905
673468209
620795270
736159376
592257353
625664720
591280590
745623176
609823442
714051711
634394017
561700951
758633899
797718090
613332270
791571885
727061795
656548033
789832959
559860098
566621367
575174095
675953162
680809472
537944612
751572296
616981387
634426039
707489019
714511035
556359384
766922836
789849061
730091927
739749774
680889525
770346464
636282602
748913040
537366046
561680957
758408083
802359082
544557630
541872516
805022810
757233442
550226338
747610505
576653921
794867226
627099213
637531633
628974567
584151021
566035479
614516479
632675017
730922327
673012307
734610981
603158136
603755296
743056597
760649778
542308412
592908445
742114294
584197690
693417892
752487424
731971177
746166003
690384663
799857022
696903866
662407780
659158603
608409640
770253514
730341494
716974229
685258083
537745786
592251725
553593435
802690980
685140817
787847841
626441707
708879938
706639038
707606804
758998061
723765210
678904396
649633026
802319145
774227139
618467065
702401487
538596360
633915645
555326028
733851113
802886263
710877041
764656093
804693395
804995238
791904940
747608100
602110848
778838935
701087878
540224469
618784876
740503610
731246838
605212973
659106234
735458357
678269521
770695037
682401248
675089038
717356774
555364784
546626542
641965337
777445228
550773248
654388779
732262545
607683191
754834752
676140527
786828788
611159200
579991176
630831320
627392441
728865717
542714707
729374196
800754809
571238571
745556106
546371147
653181516
715912585
774109088
622866225
647765539
649143275
604750147
636003079
627856368
674304020
573188227
781272146
746209237
577618362
549161506
601368454
684945109
793621134
590222528
580689710
629029209
734666487
567545182
702595479
550332009
768234195
716917973
752638745
674540715
551475591
738365063
706992683
679337920
785359844
555964996
555042227
736860802
679755878
667159020
569589616
784822581
619247264
615887817
710169069
702073347
591127144
561104870
709786893
695602896
602760885
777888399
730835043
604641922
753429175
621769974
618379250
780405220
604779588
557880015
574506464
803342119
730661379
748127556
769271300
734619297
713269254
583060146
554373124
781676751
666595245
727313954
549907035
771308270
620465245
690722694
727656237
601456093
800351297
767068633
620211965
598831816
635977807
722756615
795340537
622495821
754533982
795421172
614030821
736761550
550997634
564442750
674355225
634122912
771368610
618766472
587016643
620420322
746698647
796872279
565125687
755281591
642087869
744490866
635685633
738336165
555964915
626628459
698888827
748061675
565419635
781748862
684107929
788275288
681821080
640335716
554394941
586650278
794530170
573892179
605321608
762998725
556570781
739370757
780962611
561065999
778730952
796307607
804051558
728773325
714361941
776818803
600015677
571180616
634510287
707842751
552031929
583488291
625794953
544433306
731820329
696747644
704238138
613365290
743288549
779256343
573122521
679844196
647915936
687161916
603794027
663807312
684880505
596704433
659314696
701127099
562384279
574480403
761628352
557757863
630958789
571038451
791750638
597831355
636094592
543835277
611114375
628450241
611054405
616504004
554557219
594824625
681744837
556874754
679603697
654118084
669198048
784298562
729961317
800990812
615786363
753869946
782968702
690361776
688847858
580412896
752634627
793824793
627710115
650047344
624881489
708966526
671171683
694593254
725879195
741894458
778913623
660496661
665705537
555209257
598321031
711545457
541834819
578772556
736122743
682256387
727521118
748592020
636186954
570488714
574427780
613255458
545677862
623997635
786987273
606541591
626737889
703291724
780502506
757356815
614349222
607229199
572329601
751607967
783519466
584005380
696084281
801536293
597090556
675091983
559175032
737605964
631609828
628590448
705939131
589385552
610722632
579179697
632289761
564380573
603938609
741160386
760837015
635678781
804420813
763831983
628167399
578011398
658903504
613311729
621581451
566923253
795780363
802617807
649182015
595463855
571330904
576722138
622600560
608476584
609565379
682777740
595470860
793979373
683941253
566572425
773358518
763517245
608326337
771346316
731019162
633938777
780366147
668277683
739278643
659306785
779411465
587942771
737504824
554840810
562346552
652019191
716179472
556335174
692765705
595962092
718358861
569084158
675155000
792436205
693646333
702834066
571398622
799868126
798809330
581817435
691565141
747063583
733601508
656750124
587724743
770945356
756043499
613248336
702206597
668502956
542115359
563968888
588780535
605068053
745907762
700549392
586353208
575339502
612979586
646214142
701973324
711050156
636652527
790555692
638548191
609020663
569469127
735445718
677408757
763698678
702343198
680477778
666257077
560172279
661665052
652314287
701253290
697476385
803155162
710218552
673683169
762314564
795006536
709173114
653252446
749633658
626400358
764573989
775790995
755167570
620084265
651172373
795565601
567418914
674998174
804302669
801497634
740465019
593204830
795146703
760976819
556887413
681902341
613023786
558246829
735968091
784893586
619100905
568602526
674656921
720402843
752806760
553802813
684395833
801440195
671716795
538741135
646691432
701698215
604568229
577095653
537232815
631164371
584083764
607937345
576846873
600467707
795290934
753764462
781503341
723056436
799300671
624586768
632587464
602653042
732695163
711250417
599075541
584179584
612868397
610286175
604932345
658745183
670783178
553445695
647523024
598749399
619199460
570928149
735272153
698179862
596336714
751224892
573227632
739861102
713530851
643522730
538928437
672460254
557762395
570305620
537346357
714801668
670283764
615848218
749905343
656934145
602131499
752344334
769122660
562933047
798223357
587267188
793020259
543287550
583935025
803509696
776054192
656400369
781316430
558892919
638283115
557209592
771356025
742049319
636308928
667450230
793539799
735780145
799316529
761466842
761295823
548032783
669823347
758079476
699632882
690600471
544644138
593893504
638121823
639059908
778167380
647757261
796076444
723800720
594606634
763788355
644422907
543885522
752973981
585887058
591354928
773394030
553223690
562452071
694832157
549206714
799898149
558454262
776569245
718032050
792621704
701634146
625759511
642284801
658256909
753265184
686945300
730209180
654507985
687299767
699832855
724413630
684004183
619773952
776694702
536917628
618087848
592846567
616051638
668500216
636671290
700177653
593554649
636653378
543247985
539505385
657694060
668154666
786900400
786023004
608733931
572518243
750433853
798971345
622055039
799774641
631910685
546284829
669227778
562437581
656251851
704475918
758947220
601644879
707662058
801133289
678378396
711797243
799431650
742155289
670193204
550384139
681781917
620851166
698098029
573323816
698939793
649542518
695066448
717616802
746870155
763980880
677529857
630367517
551685265
799776311
692005927
595871095
670353171
723864161
564173758
700794837
665856701
641384671
687816057
619919125
778184099
605774794
736103050
795167074
783911507
790870214
737066164
730024120
575692532
575868932
760339891
761199959
598638994
636094960
544967889
694190606
718567467
552633165
544050143
571455089
559901547
755409988
706955818
630372876
760209454
715995502
683559177
775852229
611327047
788898065
703103857
784182763
785261456
585089369
743325269
702251165
727478222
583858890
601230581
666111297
566119088
619498750
680041331
723891026
573452643
692163625
604021776
620035711
711957933
746893009
620894454
566046891
724959456
605894110
763360931
685783674
616354451
577163475
786183383
742153303
674790611
739453578
610780754
769013155
667194859
556104303
681209659
614911954
723064283
762112300
580194318
706596193
550772939
616577792
681059434
556142844
780760059
779020411
621431218
598261661
757870893
607235619
690074852
657637851
553485155
740773995
765495018
555242123
624311197
757192616
743110537
749336134
788240261
697208019
664720898
553447987
645221534
677914405
615269402
583789513
727934460
669976922
610568995
619495115
683651836
577527363
632807700
574168615
621698036
683161796
712001709
703166330
558769153
671377969
616027755
667812488
631710513
716173587
656137560
728294370
712382451
706710485
689631222
581293137
798886169
686512256
611353145
560896187
795134746
630377823
691463282
604933309
551846645
801212104
543377136
727191795
632460230
630675554
690266969
650852048
614635978
764111634
715885201
615175987
575239822
565799702
743889859
744034754
718168923
616914795
600818332
585795661
794397201
543631540
782881955
652250996
643810709
618237967
750446111
669964890
658508446
658188829
704813743
543409432
776085410
596245544
803116619
640135334
787627078
767929990
737722992
773402481
758915819
608778914
640562329
576422242
647033477
719854936
629361321
546967515
690038553
678273497
621391922
677848103
564682683
599575410
687722847
639887179
756384238
766682709
538011625
737716027
570716600
572069343
602322834
718785104
545862062
668422488
783224896
695502009
645900205
647421374
673850874
753200842
775934378
642785703
578980511
540938852
606930640
629630838
616749037
775330848
793595013
554501503
589658314
570381489
606017105
714511324
558360528
604139063
626468869
769591846
569188991
727792950
620465403
646233966
566747078
737487604
778182313
628542960
562589592
751020663
555383736
681247511
553217538
552554499
616508223
786589223
567133978
727740178
653763416
726816609
538912373
765285904
637905967
792774997
773754929
549430814
663079131
615901093
765343922
669422589
801977424
716837348
781648898
621813065
751235343
751986851
633952153
796339578
591852885
682678305
563408499
612738749
741363154
719966386
619037230
564577909
776989074
579778174
647736852
672708850
648313585
616647230
633873929
655425770
610826451
587973787
615546089
744146334
735102570
708413988
564986517
802360535
568004061
728807041
678833834
708744555
783632562
666051204
595028282
790596403
652870878
640244742
701946810
643491107
652770224
761196325
745152902
720167903
615983313
688111124
567599277
727641025
761936052
716195030
733408413
760148262
789843847
583363578
666214935
804547092
701702234
542817002
560125595
632636551
536997390
752085739
610649413
662132583
627061414
688584464
579188092
567432316
736535787
721372493
739296747
558510494
646667865
637021469
565658206
797586164
645261696
745489446
695881288
770154349
558136453
660953564
726502616
568272335
705651233
636846008
666272232
721445562
685111942
707134223
747985163
683671659
674551197
645675624
643226205
769329779
568791824
715318013
676034151
656907393
688005702
613165028
712519054
669646881
673030794
705479312
608044852
781420655
728924283
794790501
723092002
627103461
616298908
734116186
618556092
771662995
654898333
723246702
594960998
751400608
786998040
582615504
639427078
743149182
799680273
695140627
689081096
716179049
548977961
801439558
710996656
790684221
559617170
736634581
768504348
604951078
759376543
547019668
625528576
706084614
610271476
792926530
594643789
709546038
598727137
687206051
562527778
613548426
789794552
801014187
567947561
772781930
658707143
653491041
681352682
644907851
756243638
639458140
688424287
577935134
551367793
561816954
675494804
756315120
566688615
627699173
583439796
796994438
802436463
601791417
756702513
639693943
684673746
607654374
611021700
632253875
728330807
735331892
657648139
550808794
582278540
664353833
649843683
627333753
676664689
656245442
636209765
636975509
589660846
784570996
625551821
662813921
748497321
637783261
716750757
641159424
804524332
646369888
599935530
622717158
725615850
761541556
610468987
722199521
703102284
671887697
642511119
542962159
681043333
578690855
588088430
793865694
619920963
607703787
615306236
537503250
750593812
691227959
547278413
625953304
618231482
613407713
661706984
712016301
753148228
635251224
657590668
590394706
641440280
709849887
602491004
667052522
563735799
538280727
604939477
655186822
564010869
707189726
804331001
595246460
577000493
538769032
584153595
664355588
610324870
656479172
737602337
734204484
576605862
643205190
709114421
555542936
794630667
626850484
742819952
752113375
739277098
655020791
609092884
725457905
705186274
606609001
551533743
804974814
558980818
765651113
646681659
750955916
781659349
717228294
622730111
788900549
737166462
699609619
669949240
606903963
730243996
775094049
711930345
680441116
601290746
595683496
577184614
756380438
561077552
659729344
674741220
633980855
620080666
716796174
665325083
697749391
677725239
623096423
755490664
751589955
546086839
664584683
573615433
721305644
739661058
569221070
746611163
663348838
681578806
632548005
606091137
800571192
778852192
641678682
750041255
692695934
575566379
728694513
624337709
558928630
776268539
541903816
724152826
780251360
574376571
782081302
590247548
691646923
727114602
652645448
640182667
623501014
765527769
548458781
605407371
538719521
787952536
626158029
571500567
650334939
675149537
781577185
595960240
569116301
707143605
720679173
646862478
560404039
786254992
767488563
600110835
582463324
797333344
705410217
590154460
750887523
733065377
654467661
615998905
537131808
707038100
691904747
764755770
556425910
549970065
734459164
667749398
659263731
657259189
716753099
641787851
726115983
585473149
563801600
652805035
568810913
700435816
667990633
762610408
655022740
776792933
587132232
574711318
720265149
740401410
780901093
610080865
760444482
556677663
659256502
802135432
777500995
652380353
550803696
673417806
692132509
746657586
777080780
758762499
707386237
659450587
618734309
763952835
750630668
747400022
684733544
727353962
692153498
786613867
549948674
546371638
612835531
723389785
719888160
709033646
553678913
717955707
631920040
580201932
676443331
608139337
654880325
715637066
701083214
781091063
777659063
761196968
605943760
555528911
582906294
768348560
559047483
772433188
764640022
582007773
697256175
784288088
620763973
567265503
704176781
766398001
573586600
639229760
793094147
701961573
753285062
778042794
592894064
793270704
609618824
563506455
626831658
547129634
629305620
705598324
791926109
782442805
659042906
748956041
773179604
725486935
685743238
770857295
752153359
796038695
699486742
562074777
762475082
694640262
677462640
786805685
803416485
600967004
683504879
601898686
758723619
678972167
770025789
751977551
774492995
567062058
653391875
573372875
651056524
616745230
798574951
537054558
720124792
575259047
546625190
735434971
746726148
705089745
691735318
792645757
746621766
649680167
555766645
755817078
729440771
711549090
583171576
576703771
552435518
555683094
631846330
698742051
772341681
545567384
643459982
622334849
693916213
640938409
801915451
735502262
691342570
752534530
721429503
688572729
783913113
643393688
554858004
739512944
658177003
599955315
747672726
710130877
567411738
736472845
762281628
671613367
622202583
790458293
610588366
622031025
746497390
571084685
735327783
586148609
647289665
797341535
569561229
797864608
552384428
779550751
776713859
700266708
632400817
647288144
789138400
591342884
592390662
580098087
715092785
764039422
566157954
788659744
642381265
726348130
756801166
610698829
788623159
616808584
589204949
710298482
682632023
561750047
713226039
789707881
556798686
704765439
754850415
646533897
648811109
590227502
557334715
758955297
566601901
643763256
546388010
766409207
616084601
550484783
676431124
767386112
563522072
661069559
763189955
583766647
602320425
597445113
756106503
788285503
563119716
655678098
550343020
660771234
688227193
592774599
764567417
541616977
679629565
546343234
571894202
660729310
722315550
708889069
742207273
602992075
632621972
775028177
638536255
715261433
727392797
690011142
651732567
745266292
781445743
751143606
645679426
700177244
644978264
712835190
703175536
749215129
691426661
789295453
802891696
591712978
721245577
708636189
767428338
559468378
645019947
591487258
685254728
537923735
771046799
652580144
774715482
725810812
615887459
793145942
701363073
708395122
733202126
549636540
653640169
681739611
688584672
572756213
759190028
779590064
595058947
546375757
647277538
798566452
756659480
546956780
538692705
619241652
788085591
639737340
731675488
662036191
565231112
647887713
725655006
562825931
664993856
695277360
575836360
734362586
583462913
547900898
559072513
790135683
690070019
545121504
567774756
551025235
597382006
550866709
726773134
753987323
604593417
649125670
728504310
615103820
554646279
706103473
676392970
757108080
574020142
615037482
558258824
787118847
754876745
754721942
601667255
750315661
595035618
763355034
598780865
685127083
607267262
752389239
589872969
572197344
551880708
757919387
720260234
765697964
571620339
642918544
540840335
722173078
545405901
688096726
712584245
751558937
576628649
707694655
795489162
603789245
747754331
570138544
751550145
672655639
588862926
636203681
795100988
799229100
695162765
634256618
775233945
653173723
775721042
635875497
565086022
547732854
548150812
667691289
642223196
749181441
543768793
711401398
761215975
667835094
766086212
759395861
575887576
561899016
712321144
640023141
583541004
701432372
561672163
783057286
785594057
797743461
573251436
634856192
771478111
578357017
780134224
680453621
743784443
697428593
562044910
783187587
702773713
603243650
677416143
786483261
758048007
802228366
628182235
571273856
722739555
557993252
708017490
685286977
591347660
681760211
781806924
750108660
738638852
796230741
599015936
700681420
759415175
736645449
758642030
703469513
733817684
666761304
581419350
763721477
635883627
725371931
562042262
765789423
676212950
717320179
740414002
776965275
681232130
540811819
667773224
757910804
684631022
671058402
691593504
619807599
560929770
711948710
773810662
606444578
631996973
652172398
739203185
537380865
682808491
597640489
768612004
565028868
559910328
577980524
539934842
544032976
610618976
724151130
608346140
569599784
668695424
793059504
696823892
765646751
616395991
567132596
737139508
577527996
727470051
744461806
650122938
711325737
617997718
774616494
782277761
577668968
554691125
564302696
748586617
619422873
661394487
579513849
753454394
736725169
737422873
703243466
788127374
683211838
638587160
749400850
558201655
657997799
541603205
705641953
654319948
561563207
761089853
718523095
766029676
708718023
607992107
742644444
640576021
789982137
582364196
734475979
565657934
741207092
675652983
717270345
788426051
725450736
787398822
679960283
554671389
766993207
758550146
711153394
615667059
568726554
789713154
599227531
644290014
679265221
720303526
672728990
583921413
650885597
729565745
666478559
693264614
776461989
630847767
665823100
679224807
709438597
686089724
733948734
724310612
566362306
547404266
774698873
708831761
751668979
780196900
546083255
569749874
778955561
693753239
569545910
692665072
732618765
662019420
626144032
691146053
581372369
566944549
726750775
646723035
701988440
624099693
650874822
722705035
790966774
547890846
617925578
644050837
573670359
716254539
694389667
735802482
747144306
673892977
662600931
708216216
787035780
687946358
773248121
738838259
799688950
672187447
701399326
698515255
676160607
722354454
788154035
665383670
717343668
754324668
550720653
538386979
542854377
567653521
781143694
609281164
650748367
737750071
775121666
755216216
703762211
587163602
665069460
707780631
649526091
638792827
775448061
769270546
753694986
715713434
610663656
604110186
780568385
732155305
622769524
616662315
625604438
785124267
601361347
558917848
756911117
674403257
552867706
656650097
699447454
603404024
548688070
657250501
789408864
684191013
662335866
577028814
644962177
541797028
545225291
556062320
749609139
581902718
758170980
635910911
637515401
743440859
737074904
615702455
717050856
588551997
657459396
747172126
616975751
695369798
628860523
589869530
701906392
732105071
709061635
746227289
792126598
784083727
761571083
760710278
563757067
690460758
631735911
768432860
646823380
568507479
772094741
694213835
563048694
637488963
639575582
673789528
714593658
578092481
770048003
712008347
792519146
550335276
773639524
687858612
569490691
689855923
610101950
743195193
538789660
703907512
568924034
769660302
683818602
769564144
567939828
552843152
539976197
702234931
710885786
580128118
742976563
677995257
604915200
588209574
603516456
696119302
763279935
645009599
567444611
768344098
777346965
803940307
786275607
744994001
652839671
562984258
797905895
716618840
768820218
800404762
731741945
735440849
676232896
658218749
660191965
737687105
659669222
696524863
686594338
578271249
713773404
580875940
766315752
611741604
636498430
731635555
731431646
756373247
634954571
768001334
596125256
670622333
758519173
553971469
644930030
700982470
594024529
709700117
772250345
599568510
622277097
657486831
762231485
776009844
770262615
756392916
665030028
767521901
689792859
564422022
687830446
774041690
541279956
678483325
751928185
602192759
565151692
557138545
664850434
793165082
729901564
678307535
773240676
733631791
688287687
695430222
733768662
547033398
793766218
657819699
740022296
719594118
586403013
798385388
630711801
722161314
774341643
643728974
559659958
603730225
775222579
702331001
539335344
680258658
616160499
748441371
738516385
721149192
638241853
651749765
784327919
700881883
579212964
601143742
645189960
770037050
683480392
687960725
775500901
588590356
650256434
746043056
627756091
657990216
665192601
694908328
555560556
790821922
573386428
546483585
781391783
651339833
749555160
685956457
683375575
749131825
634199684
650005548
560334031
557694717
627355311
569258367
741573492
649509683
614918291
561605587
770173363
767738005
590479466
689133698
588415294
709104083
697811254
565525482
711635279
555406171
673389956
723038165
679342639
725207591
663098445
773415106
599400193
755172311
659124976
715014268
716249931
710477283
579269641
683297988
561191349
540655726
644253339
725849206
617315423
769178767
623296433
705890335
574966397
701391997
699225289
787123226
777881764
580723946
602302607
601578311
708136996
608666570
589608483
639113916
660528889
579491612
684419463
717519202
647337433
787582717
702197719
795789250
646905238
785749761
788765730
558701116
800169946
733076198
694161692
671254129
695245246
781635539
567775847
773687852
749038642
789904503
634512929
694486786
660923669
614576370
765760827
611687507
749234455
633338361
805132841
748287419
698391857
609068579
686129316
544158334
551966195
662250651
792424008
652109742
733988460
637894580
651544426
687853539
717555390
663442111
796077386
725871808
785575132
622869298
589646063
749349952
776264088
560567651
597990113
737602277
594426945
777923372
594565353
660300369
561124439
695498204
671909220
690670499
631915815
768580175
639370004
549788939
714008238
631214855
684800795
630802340
682732063
727086568
591704985
683897821
554963292
699154252
545744856
560257240
636378252
640950097
800047953
572234771
678924233
611020210
552023906
631699345
580404864
625108036
756026506
792384205
625008548
621259524
793951070
639945635
580460063
665536704
571317266
683473541
747707786
787665096
780853058
629049150
768393656
730362350
591283580
695621047
749800942
764977718
585968904
756791506
692413643
606896956
583593536
745310233
592843941
540111399
771557969
566188669
657568646
742742578
714567634
687190895
774794233
726521162
627872767
645234966
641435993
669674192
684749864
662471098
540327574
605867859
744505527
646549120
542634753
661717528
589178657
727164448
648876531
612985424
570568418
541722979
595927630
774030350
556139181
624896888
540435987
708079339
550315756
672828352
742368893
763322997
641813588
552275579
541981008
756314433
721518381
620218397
731153558
750351313
613416129
581131155
673580198
703586553
753647915
584960720
787190440
684111805
726512164
739452182
778053133
590287695
562887171
684733575
706013203
679580288
694148673
750173478
702723173
764289193
798222278
713104447
799989920
589479119
690254529
711422194
547084643
768781374
588104998
735552977
716115796
746351263
784025414
733016939
681757433
797952189
584572830
714027700
656014434
771290357
578376107
644365839
542296552
583876266
558079215
743261469
699214176
557214005
646820816
665131052
595057195
581118230
802494260
743072352
539798482
666771664
620659548
619521073
601994678
749953466
619818703
693821026
579345448
555471804
684752319
596119046
645631524
767507653
639444503
652815480
746174116
759559657
777411759
685322403
745075316
773219531
682196821
590224254
689555622
804979195
641612185
553728576
660997525
583893502
756671322
781225965
584843686
731743027
692917077
643868347
585544884
802802873
723059482
773770013
690068188
627380762
617948011
679208775
577267690
647495171
550439615
564434882
665902847
631676653
721815262
719737635
639035720
654659737
563207192
740344079
773611599
699890227
560180841
630268282
573818960
786828793
597112831
680285096
614199737
696204123
552566752
745921202
666335629
785963547
638442306
803336277
682546863
711079169
576552547
612752401
648598171
655678723
641115373
700556374
731244562
778172618
770925658
618948842
768590558
734066516
784263197
805139844
594428523
777385313
580466717
606415089
740861378
590441301
638643231
768979165
595689008
716086994
668757040
646246420
667190709
766511629
663207300
682802374
740708521
756443642
693684122
561583248
786169962
627832510
607245473
750761308
668539648
710115375
669906523
712125353
750585858
628242038
567415367
648638964
718633715
606981270
679790014
572029472
606460581
796409461
713350803
561405982
565495110
715373959
798187636
762770969
542722157
663892366
615312182
780805700
757385689
702683478
735093366
612037650
560794487
714294597
742880658
574888948
568410630
800529326
675150989
802808520
701170172
629105988
711961945
785918759
669404359
592340410
598138328
716880348
564236450
678795161
786334244
561790501
561976767
750639721
804262601
591123005
741105779
590782825
638388150
786763120
580485924
762254284
557644415
779980170
774764432
736954330
665022633
714731470
660465162
708537636
729615657
784724003
796881255
734215411
743259735
655767648
538093471
788836040
787129550
801326875
544563395
548268674
630819928
544782933
554349408
612030023
587863945
664487409
636605673
731881156
702496397
590122590
725664600
552958843
575435300
579317197
614219208
764358642
667901059
701673050
765169732
804053137
670595667
735157392
662646548
619357318
750455084
592137677
730473626
729154100
611320280
706322713
727056003
537888321
585031380
562167687
703661954
576309610
623538932
578004859
801987278
764678083
681685772
775727779
599309141
740588091
728777876
713583928
785061039
625234274
704390914
552723797
572426643
697013120
762583063
695489784
669772806
752407555
618803039
775127199
596456205
577204858
726554456
624337118
538254667
573557145
706406022
746764328
546833396
723075284
770576481
706586652
729783382
640597545
770720188
563299930
578441176
750151516
541935554
561566405
576866550
629188518
581005415
794114397
616853653
742834647
801335666
737664423
601312803
681470747
611589962
611412884
657420311
742026948
613283096
718538734
705255583
720236678
550535422
672250357
802213092
557152196
628642340
562349473
652055147
762267416
538832734
730286692
584039897
697593371
702116415
545185287
734959870
562162780
582393426
685918897
568757753
758350661
733034080
773729279
698127359
594099514
629187275
671179508
562272335
683276971
539198032
609803978
709757527
767975278
643476716
800346121
711525353
563350554
773540620
775661612
747486477
602231260
706438178
684073295
666002930
698301631
605647666
734861015
748736785
761483699
578322849
670058441
604765054
548144245
642740950
720485681
666903271
676927485
589489059
621121467
615076869
766757584
679918674
554361241
603045093
589128676
766273996
571272385
724457601
789984409
746136051
760293018
688712658
576896219
583114903
749305177
663692212
579655546
754382679
618610216
612566335
625534477
703596054
765336658
762260316
736115544
695086823
720658522
792033492
607252243
633745771
643921716
762678993
564133206
551435246
574781915
762995971
581524315
715555680
783472464
778713442
664516364
673958596
680511206
661644826
745149029
542204859
606138931
670210101
771038807
764653096
731733921
655857256
555923899
677791719
554851182
576196047
568407839
624659340
681971056
581988508
592646014
723532176
748282226
636013503
664312142
644801221
785070310
610281018
595351146
716443520
617678272
687309998
733177768
789281499
795143855
603037088
597670783
735360127
592741601
674265627
611851495
801584332
775544207
752445163
587554074
586443447
557064979
719500833
745819579
638133242
708775814
753159604
753253485
778995968
775356060
671628135
602759376
626122708
680370741
666482405
693995634
610306882
653306590
737417731
668791407
728502123
581943964
730394537
619450252
599961414
581232558
660757269
576077831
608620627
779233139
666747585
606505571
688095717
590809187
717744887
738729250
733558352
738999849
546021232
627884414
582262027
595779316
706502200
637690853
766774967
625558879
645947012
801696538
635330240
613788673
591962070
697068770
777443349
541933463
616940146
779284932
675317695
583659109
732547902
804236891
543855317
561215166
654571045
760593433
702324885
690107960
628265020
576523183
563279824
761377829
735507599
546232719
714537982
588496863
761136755
643873142
671758027
775113513
613815338
731190496
802094802
598738556
709544011
682170368
773951865
658108939
568248598
783271929
727443504
767288147
707708041
659059299
559776987
654485636
790598908
557499106
706779695
687554363
761643101
555567316
774244934
771350450
795368527
742336367
730891883
799851530
583015276
594481139
546776823
776326560
746280744
554965575
627477992
766221906
681800172
790628434
761504437
610869181
729427059
621640279
647696570
680419449
583668188
694391890
579678664
679651241
759023510
597741076
710041301
782865132
695648129
621346582
722259831
636874116
624842627
750551094
691882248
621758140
713426943
540077735
763854294
590615102
769592112
551368104
593810064
545666824
719352242
697129525
556036924
753314252
743614961
541698274
681595772
555868812
615487285
659593340
678635498
733704116
567893798
550945626
671444944
740230520
788190514
662793804
694224160
569913624
714715038
573852089
606941710
603924866
757887854
743758887
555266280
632143545
686437976
766156238
602701989
786082316
553276488
554796953
662925888
758136049
635041194
601370811
687763290
677392011
700621531
547270501
655470364
747401786
632105498
643291913
589920126
760690426
759129674
613849021
646754828
754176524
606685385
663760862
566189689
603107977
803021138
711351639
537843911
568665755
727416672
677971040
599462080
719460800
547225058
699614025
580719404
558923274
631595874
560725543
696280348
718413485
751456782
638943787
644390945
597490220
647934563
737358410
745448302
580101308
614532878
698212691
571152364
659661544
794513498
763205969
573849816
669545219
623453090
789924985
540006825
761404657
735435980
769422895
665115702
755615072
649192467
570311076
699875090
700114356
765322612
622905315
700551196
573301293
745266021
639693551
776195805
683919002
786710383
575697512
672185072
600880136
683551981
774255747
687240791
619137713
638361529
758391199
784034456
727390186
720389851
550587309
734263769
566041794
750791113
687734637
790908457
633750498
636223149
603415080
567052287
553636316
603634192
655386247
741753732
768310830
802896444
722428889
689218473
690745991
653613058
636829013
558412891
721080913
741112845
695236904
738411150
765997896
759176952
655519609
801124422
734375675
569355541
718890850
694882607
570635231
691128811
537581094
783421862
600152685
586570674
571528039
633651320
699934752
751363351
679202218
539129477
702683568
699182432
688707599
670602666
669275358
579938362
537880299
693864893
624087023
620985184
758238509
634824218
632539330
571143255
583468708
636635518
628319133
613908064
620382673
738137824
599334553
742369754
578907545
596179870
789542224
698466591
772878562
709344436
600004857
739639413
640262668
744991624
638539148
626757001
615084941
754051844
774282647
658074046
743985874
693064558
730443524
683475777
553350848
726923298
563870708
729570070
649574401
802267491
663152026
639204355
691685049
706638754
679344397
790665880
553831916
567611351
711895468
751138041
637635019
709641547
752423067
716392948
719190670
725570710
685267147
753145443
650745271
799325352
640564311
576873575
758947011
583931912
608401655
785176621
642604675
650620580
583864325
770244243
571898360
597759951
635370677
687951437
666401647
626241957
768715743
601343249
613518152
547316561
781781331
794644535
616703342
751638749
768317897
545442479
728418078
656276232
649174338
749612356
570933515
693771886
593743038
733957886
766938176
597762760
600851164
613176850
707955461
759521871
657622377
773375314
616573122
669194911
566030547
786653736
556917054
774752050
602236926
591164116
578010526
776788222
668730521
758928113
620192153
654148202
583843573
770930158
640684667
718454856
705999103
647847691
620237119
620650670
784359759
629273190
603176242
745488736
799589853
539739416
776796646
746823149
658545936
770316919
696400060
646793125
692389997
758936642
781297362
620457217
734295809
802150486
674704620
656399483
711100155
805029497
608089430
662695679
703373010
681142133
545796742
789194265
599614464
692768907
673208117
742757222
769677595
723923367
615231730
711306657
623699191
571771829
698005661
675670208
706540666
634361503
801260086
782694555
684617798
584568351
544695513
542466550
642786615
631546617
536951039
613095199
747389789
773981939
610029073
617164121
767103524
556111084
719805466
762373625
718227187
733787047
737083753
723092687
797374175
568286581
632257027
540789883
732977675
749088430
660444963
740281425
590879300
544406918
578936352
755578364
726045512
757695582
775384485
634547624
795415689
688888407
674872193
669839668
553064025
739996730
643634871
787635252
669023639
584296787
568658404
599304006
618205781
709207159
770547425
608364128
651793195
753497256
620529165
627562455
557542052
718024829
787287583
767581942
650887210
689922756
580974517
726510702
572495921
641312904
773387344
540988527
571857800
749239644
747101226
614694554
585714569
768044964
621530924
786147815
574230275
767002676
665555882
706868325
685302243
676760755
662551225
654261427
596975105
743731666
744432223
671443198
744572757
673026295
695878418
701186430
558861950
763384902
710619167
652820703
630864894
804331365
774951279
722426100
635037427
668266197
652099980
693287970
753889882
684842408
691962777
561203730
650945044
791814885
738979595
666039399
793629996
656556096
554077461
696561610
711165981
569101583
676672461
677587597
665830584
787883313
784444337
616742019
630563040
682102995
691382432
629198757
562803116
715861391
762089591
740564189
573672725
623702724
587452165
549386633
554029357
798513069
536874396
584747595
760130694
797845013
775678412
630732918
799185491
674168723
688318654
782650099
541568899
595126390
607882238
600382002
750085886
610239577
569372677
692160229
718547858
619280383
760476547
612912472
780768990
734333822
793739683
648021299
656506499
673580191
782416292
787887773
610588513
561065097
750971400
744595885
692423427
753515810
617991828
638231129
739922117
586971228
601220813
666137153
606806268
586331969
678938951
727213525
560858117
543080070
730494888
612623103
676428620
764737465
774825244
566781180
602754625
780228846
670524130
713894060
635541342
599019479
737595719
641256506
575706186
573361318
672010181
742076847
566483234
672112000
741963774
793919029
597566205
577671173
675548359
645994457
735453713
592372457
673146530
659355000
734616359
748255365
575151634
580827805
616556164
786896168
603508815
580697723
542730888
669241027
676845222
796750877
796165919
683024914
751287521
748403273
800676641
761389609
612837754
681305200
669963981
571195420
635070857
651624552
738645999
560717921
757653105
537758597
570492365
677537628
728510344
625424388
727372855
548287736
650725018
548518345
689238865
671734827
627228980
547899699
714469440
772927071
734796566
555206611
542677665
772079568
645106272
763988421
656529965
636800697
600902830
612496343
664379999
585671580
562621173
804285965
758124541
739010479
695130147
685477725
616922070
650307482
750631784
684296398
773490908
681081892
591660400
673064878
725048452
573337394
723012263
723004796
604016262
567844260
604570367
623055255
747737038
658124447
758109379
646456468
792763992
566636057
685409759
704710869
556421691
656621277
585942602
732595858
730454148
686027715
794468708
667731179
746608186
678335884
580781527
638670258
709355456
647311945
676314921
580635582
603734467
543139406
565644447
618325974
603767562
683953605
755122320
802886755
748364424
564308436
639945681
678301591
725878790
638533911
760873578
684750021
630030202
795188665
739881848
743620672
801072297
598112030
642939919
577363508
680720138
617487131
748476677
693861604
738946880
604655389
781532812
699834198
799633475
735227772
604722527
721732816
641099058
599188749
631392515
736812879
583005675
701113378
702672001
726797222
737968859
595876502
602541849
664695816
697236783
610110410
589864387
605012363
637703042
658446373
612290561
776787364
610492634
687781977
761046907
660700850
555664407
733551348
712590783
746447911
684423544
667599740
666076746
569587398
611740981
669805000
651883863
706064155
664232174
778840426
580630041
792347666
565978107
540508305
548135839
617430072
672828811
726232197
634315825
632842651
636692438
731048652
702412590
599486785
602894260
790237185
539819694
743573785
549558295
739868939
538956363
666881885
630326570
588312363
559146936
780903171
673401788
581199193
689191836
783160874
554371374
685383431
642999755
598875398
608951189
578246643
720185893
588325367
588748481
670352344
728183339
645054549
601001468
681758680
555879178
683873114
772818858
803138874
621244880
778112287
596578696
628423444
554842820
614358898
742525163
713620025
804044375
722144270
560789359
746910414
737423210
638914947
552967312
721904514
744241044
791925168
689095955
731722343
708729147
700769553
761783057
725604454
686604884
656772179
737494184
636004429
710889115
639000257
657996896
727279514
771623936
635506638
593837197
698412501
784861219
573533757
623693094
561529631
781008300
562483851
796438937
614771835
783138009
792859538
635465070
606372245
753958352
659906139
729457916
651578789
771854388
580865968
594278692
553060616
619232510
670468984
655430657
763427401
683156208
803777230
664907003
677806881
770058153
565040521
685665407
586759054
775305308
631671631
677339469
738166987
748705032
722476389
740908044
640862742
773722491
624909068
573774335
685003625
711595155
602084596
723955175
787188764
550228869
781337951
708325366
804057277
602340858
693362104
713577957
743887857
739069911
735366315
618635430
783303572
564883568
660736116
612042133
691177380
705790681
658526979
640256892
687669444
795786277
638651219
737223609
630790617
692489628
707247181
781072264
733243975
560331650
636579954
801316569
566841719
658362157
677289562
767240887
749547270
775090815
561423645
756389331
545301305
581067081
704079965
554740319
632686060
745047588
553626547
621800500
627634171
603757252
595150944
736841429
545183164
579593385
786171944
626964191
633092648
638849123
718821575
717131654
692295580
643465525
718809394
600606880
762478312
619392657
588933720
701190497
637706065
726186979
702838797
618394951
761366517
651057525
566156232
540950084
723243973
721090303
565684175
773102935
544749503
649785858
779599631
731485078
694929698
710061537
580796524
781906312
604206818
713351537
587143871
593052047
648203214
685178456
729070608
745146789
660554520
707744860
668180317
550833828
702089012
542373579
648211205
680724544
540110670
782727582
692642633
605862633
616633973
763414392
604635576
631247830
797856604
593265456
616033715
752526428
687124914
709332465
617472409
777657074
551444875
645281532
769491946
768860316
677855704
572892593
757295751
685548991
682726106
743124670
790948826
625872943
741333598
581322609
771602357
591677527
544979897
801308177
585455666
639997748
626245593
711684365
754932460
641419972
747110712
773759291
748768537
617331819
640205996
596745181
561543978
722872469
654866583
613486186
635316866
583007311
750737333
666063834
596151675
716653852
786961827
651331178
673468856
540390511
695548552
543093801
787431611
788000192
716660750
598021734
781708674
695833097
575650556
728966825
563558871
630134774
553170581
550543412
652555024
673582908
630385057
784634282
778769456
769511496
582512118
751674624
616219414
624478529
644891603
666422792
721655778
691531025
561757844
676609933
660530582
635114913
565120600
768610085
687980571
623819785
544983995
673218519
560688402
650643521
729971180
731653633
550018192
575247437
714344296
718132826
642692880
699329070
552165260
705563143
546944939
659095284
693550492
711277946
545825776
665428657
742364677
669087508
588304085
540392604
638099422
599052865
618765662
558038913
800416361
643625116
698783919
663975827
721179892
757771060
545743953
787234072
633560741
587317254
679286674
619766576
560094861
687606275
545184073
711737360
589512425
625198027
717879105
651472748
748231762
746334437
758054628
698822272
620696214
557128030
589348106
622046621
564214277
585590596
560767767
689858429
794650173
627090486
579831014
792351403
585951826
595861094
569449952
649342833
662343969
740419580
689566763
712295147
775294073
684962149
762718953
674964353
570001881
741725314
613766722
546567124
723104261
603338085
726828583
637144012
611332936
760173849
795332787
735619508
786896343
568299326
677755665
751119754
757702620
635294090
735769701
603583519
698208458
698430164
770272548
565978625
548745639
776514497
788369379
710675082
755553599
804096296
646378102
622087075
623723167
575630277
769945230
751104819
643038411
790403024
665848279
712205967
805060258
719369792
541040167
694268054
545449307
679426406
776341376
640536002
645392964
793541814
602577919
736521748
715577612
580113265
773410354
570579762
573717939
683903148
733643235
793274723
580195233
673317567
570874127
664526450
540754239
763388252
639513110
712007033
616785401
709265098
792840672
655469855
711406668
590974067
638240808
760097682
692473225
652645977
619424913
799888089
754197876
670855456
620759515
613412141
575162230
580956276
614499478
621694921
793289233
774026743
670592092
657283916
742673757
619995803
786911680
615013261
763399271
615996671
699278592
677058376
585598149
793756822
753016325
541332742
767915865
691398189
792572034
556472223
539825179
595298315
625233054
663709457
685274231
559112457
646258865
610296883
731960433
675864825
539222204
718538069
778714032
542131535
586894895
714295040
598789735
784255521
635854311
728381481
590350146
624873534
665342729
726388453
576253815
721020198
646331166
668755281
698791664
598528416
622168146
565665301
681377762
635068046
656575547
602947786
538512430
633464072
787093776
783666964
674436351
746970598
633541251
564593652
800060638
796119082
691867577
779338639
712361187
639068387
651027549
603188850
703408151
758359582
733997927
748066273
654308817
560529285
670344089
611925874
583297187
781618909
764832655
570078873
537253483
626506599
673893828
784175098
595494810
671683588
750188785
771915893
580552704
542690106
625864943
631450660
768699454
668303909
765459964
690710976
569342479
788398908
557893635
759755853
676818424
667403679
709686101
539559535
613937448
756737772
771634935
614721283
771774345
678631696
561475942
680625510
544713750
765778046
600777754
609182068
580235353
658007174
543264033
804110410
549003967
561551586
780838341
678669439
673222827
569921670
648811676
620567978
569844493
737563420
537709356
633736407
713917544
676830218
652328539
618587581
800943268
732810152
588781252
633392900
634635788
557451093
746886519
694639180
574218870
790384891
735456484
664193866
687858253
774871621
755148685
641816378
603774575
571336193
554118470
659540377
601653699
593081908
618839118
585335117
793929145
707211895
581102138
659226696
692532647
541337349
739604661
750740169
571628633
795463854
540746185
804811147
563504966
711368446
556818911
713827159
552081524
664740008
632670150
553419879
561875387
667435679
637194944
793888990
567501365
684843838
763744802
543073780
639228368
759545743
796368357
587787749
775970744
650012186
656966725
644146699
735954271
764770792
669043099
565740441
540284922
565613863
554120592
719962415
592825899
718545731
697546553
780198362
698838709
736109487
794355062
698258238
676228728
782952385
706086789
604414586
676918486
604652165
776776489
619227892
699401862
563682217
680513736
730215085
702964465
675839851
635523779
669517698
669255816
586757729
613541399
547729379
735829601
557094643
751587522
761792546
723481024
742422019
636561829
600685268
672292115
706478977
750342442
678098858
582477014
579732351
747274896
608088050
616675977
654537347
791672324
794915617
777789016
691168451
641170819
585904117
688127170
776288770
736952166
596370417
683841168
590872404
624466950
787024228
706273938
791690327
645198905
583521720
613546700
654929521
613008602
673945377
541588131
658805057
672373503
575972470
783437886
642652576
723400758
737830671
642049596
611234326
616989613
548627160
656815201
675818345
570927917
640060200
613410301
556615424
796075157
781699545
729990837
694428036
638988720
547471456
563088013
556032065
760890437
705220957
735459524
756721359
619628281
731836555
653899977
645486820
642087055
710054026
770373656
683095707
547890289
733234948
761524871
719884780
717013873
633622946
599158759
662490647
630445602
546168843
661476641
623511428
756887160
557177610
696892853
763790462
638102533
632301491
775460987
702242967
580071051
803840341
624733772
677154748
547898386
706529275
592564615
592402160
607356813
689746617
725306443
629129081
598725244
648212433
687084076
626604280
580800680
788327598
744440930
546136244
572411785
744592184
721954264
588202226
659770721
778759793
737236045
746869542
575995634
803885950
709745245
712816854
632778691
560504040
670759179
742307238
708394652
538580189
689831750
759818354
653500511
724078965
700014934
590144279
775180323
634930627
547157499
588837523
705052759
644020680
612866210
740764628
750218424
634703960
578832859
687014718
600426978
660537711
755029856
596806730
539702041
625090298
673088166
729869722
564550072
620121253
641124482
617958284
556624246
574363063
604156257
613522729
613654880
561595723
548697374
627152627
689735468
662564299
545480000
726912452
718985694
636928612
739425138
612904004
731172337
538198204
610588146
658319397
567836741
651930849
666160058
727145080
555911219
628972957
766138401
600995282
719365892
783388657
757327252
549689791
627150964
709102417
621922752
594328611
754723243
778616607
695656101
685275385
578842636
537556768
749786743
555684882
678973584
644189861
624044983
600326906
698845557
718644035
553253653
680623019
599277317
703963181
564236529
703106409
736524537
565658708
746248542
609665388
733966178
632478197
799670961
560575587
596267644
592024071
771724046
578085705
673474097
726349769
624120503
580026637
583614884
653353642
560711603
685920542
588709599
723243549
771349932
726198168
662424956
788538204
708286086
540183011
628353782
668103075
555821333
754968403
787520214
736192734
737011206
707526575
601959499
745806835
551390974
580763858
800081212
767783058
635135508
547459420
634204076
541539228
631828200
606887312
633182064
587108449
635019247
625420695
760471103
674615272
759907810
687830816
677001399
770600123
736799785
661302554
712181414
738084168
690668741
537880883
691852113
622903634
583932558
798484008
656920970
746331539
743681267
680224569
693219368
602763939
717174058
636306701
591505580
644101522
773001618
745071582
676019459
708790199
580253777
555299952
634644281
695628525
718246440
771425635
658384089
672404506
691253590
703827515
544387368
620569797
667482768
611118494
546181362
561388647
697002559
626732384
628466303
773651496
751978272
605385122
558588632
599476869
717288495
781497018
538684065
739532064
735299667
589305457
674141445
576045054
549607397
757741088
766671699
743890426
565116249
582071710
563961967
627216574
584860940
768756503
572588667
623738224
717986665
649292626
723676414
628728012
788904415
538729008
608510564
588502163
625520427
654225801
577625791
658415115
712061483
731207162
575145319
641194831
671901077
606003173
640439960
740593831
558891869
787989571
587596033
561598040
721936344
789067653
636391592
734905934
738782655
642317316
580354692
757778071
672559148
647213373
553568469
789134919
582091088
642045789
777152072
643207963
575959091
676240496
620804420
721620676
643632432
731850270
646621436
594402290
773419277
566575677
586221327
707183758
674437767
620513979
552259444
578068881
774227643
651283678
560623592
563588583
651216936
751438048
605303292
707258427
565733058
591080696
770028125
788418020
749831976
659986329
713154462
748536769
542150845
740635803
724246403
543063550
661175386
783790350
581875306
750329091
781933727
679145754
767273291
583075538
724609378
657733201
721041897
673693577
710265912
803511844
744941345
716953762
650526616
638720907
772216200
802233042
693477198
595213887
735295704
617792519
769766918
648716773
757506926
549979707
742376786
798579937
758031764
696613333
574814473
638363898
646403438
791773315
581311975
718463369
617463432
707025599
631775660
653484462
729151575
556853850
539345417
725678910
620729913
770088819
578367380
681308712
546760882
620728219
713231322
798411540
773360505
686927089
654892087
684378305
561319337
748086921
641495698
790814009
681617022
624634703
655416881
584406835
550744014
694487616
718711459
603960998
581312594
616854461
582822856
659516344
796454757
797550226
675708947
568634882
617682224
687893144
649918453
612632020
773988895
789959668
601788490
601801478
766366773
762780673
584666380
672174880
795356686
798044175
778562706
774729244
545880741
653232671
617743355
649191396
720486895
563766221
742859582
689683476
672989240
728317492
653419572
600258913
727170764
783450462
641362112
773786878
567742575
709846995
779355825
791786622
691556861
542124081
793512169
662385060
752577984
756711307
663918913
706279836
582708346
769213901
676396489
654527006
681229956
687359198
739769396
670672030
590946385
705087339
744784176
552246792
701847371
761431967
745983133
595543591
733251413
796328562
649179415
556178466
794173615
653691093
764458934
616269277
608003099
712782986
802397310
684253094
743679153
588772549
687620313
719691787
802989086
555069273
670261515
544178694
768639481
742833001
715414257
696030753
786301831
629709156
789238470
761423692
755247674
736599075
621331381
540595810
687787274
785526962
726343622
751327121
680184660
753265639
661094107
620010113
654483305
651172959
543494854
687469562
603605683
669365607
707676905
645651084
767118008
582041070
626383919
789821340
658436235
722033323
591230310
587462812
655740716
779724720
782283630
707113705
605612590
794327119
761127218
717978518
765713496
696762682
610988313
710956651
798873836
565704773
606198376
793714402
766875487
761644294
759959036
616255966
622307496
718708068
603844518
556511367
618485569
598768797
792699894
651671294
715099216
802583580
655841040
568798631
627955464
614569879
644802527
547347015
694199767
777311655
734408093
751539163
752390644
750735398
606704192
675914550
662223453
724866980
779169844
678186536
701924133
555621465
621774548
553944091
582386471
678740388
586440415
541354019
676905366
655598614
587127532
780875369
722683600
610837339
542994616
728124985
643087675
804012740
642668998
565391643
708882430
723667354
764582030
738196350
666928221
689679568
756160660
645492958
644893939
560959281
552062895
659581531
572532344
717697776
550246873
631419648
769656972
692194207
786302086
738917505
617929641
599339507
725607232
801103157
772729441
653789190
594429387
709657655
701061965
677507969
609371021
593369549
649090295
557326112
605197106
644272600
647811446
714142069
564048862
786093582
680301749
618449497
665871546
537082760
587421919
546014385
679764773
636329025
712104364
657506114
544223203
687971372
603722942
728195479
676540658
547965088
608386571
548683421
614159431
760404915
697941705
750814549
765232978
612357079
639926141
790981169
623031997
545923271
792106353
547958201
721350314
714918666
590978193
687409742
775931786
579995671
745534227
685232018
769678381
568790796
756467979
643986798
665706954
539661325
790768014
669014711
753718859
541895222
771143994
600540175
805004323
793430700
744747894
774348778
568224807
796463721
704343017
794295847
552140129
784050945
610060781
590280512
680374282
673579553
631229789
664934642
731113701
745410355
539389110
750518330
772938032
604090225
766526946
691846040
674960628
554903784
547946420
605295855
599206830
715135889
709879119
716546263
674062154
632712365
717642065
694133683
681941281
541729021
658364854
719021784
575469844
759311457
668904922
627996588
562391469
593333418
766162793
597280883
610120937
638629082
737482441
552686020
566524742
620710647
685025894
783190734
657381876
617770812
725168616
687908630
733688216
750470078
568623258
663313994
692013268
801373812
575079118
538151095
638380799
651736592
620999760
559568466
795577020
797643801
629340119
701408596
746904897
538613839
751882096
802421711
716047140
672993084
716660949
631440537
700211321
600360364
645994558
617945727
645532482
625662983
760982444
703736925
717649963
778654516
803770964
678079452
563979414
757626821
556796427
547174915
753596194
582460178
775404960
563772967
790385274
571437101
539215724
590810498
669719519
598421011
701423000
661809869
646381847
564663986
607252261
794690003
652977368
765946059
604225830
566005871
556453535
594116524
784691384
786101118
607896307
769613249
611338040
720459039
619667210
784493334
791980737
747867773
556655756
581920431
648339974
746219853
710741119
689141787
576575190
714872933
771085481
606445353
555280316
540248908
655520004
571283427
693966069
633936083
628736517
765705654
732637934
706841811
596842269
658683057
722382368
587658512
670420280
583459739
702556420
773069671
765990561
672343393
629484588
680286458
558120860
745470187
612340124
664825510
551597004
652664521
582393798
766716990
658409777
703699882
578997584
549473154
753698403
781503770
711718262
774911442
669603026
594197284
648520115
783495888
678889687
576732672
728724492
546924321
746437148
614422720
559365779
539219905
674334156
585944186
755306260
584522945
609003238
550617972
782544095
563955822
667603271
577486938
673983157
558305558
660204097
739684805
786191266
671093762
697370114
588777559
569460379
699672463
725755677
553524052
634235515
765008262
726926053
655724624
768140890
571208456
682249716
665335079
770605101
646190905
737181400
576415228
633763080
580072310
573841432
691074975
613908344
776760062
617200265
632295571
658710818
709460470
702891567
725188682
605865305
635216683
736740257
567085605
624570652
589929840
568106567
637516077
602374623
603517037
642238208
541227216
764005546
693452322
724708967
721384061
750073664
620613302
717879377
654491226
743673809
704888562
758035825
737420766
586567117
724350276
538148252
568366456
791068044
774568227
785325471
709383654
563496264
626090505
654085995
781248588
793909493
635198615
641033139
762482235
688873681
546870264
720197292
773151790
553352286
591125241
591921429
651150624
721877494
676218686
754653292
606087610
731915087
698980761
658710901
547785038
711455475
541090894
618342473
735399420
760888342
749828634
696540388
777771887
545359025
714837190
628513377
763914680
651185842
779173236
770501036
544083294
578156518
767615950
643459610
565354408
704531634
767499711
737828734
652257363
713306680
700524917
578638264
776324663
641410580
692321693
658410331
784158139
717212102
756315488
666433121
584554971
629707697
717122625
685779734
804149383
699680529
713155796
617590261
581244020
759600779
714739633
668819774
727427926
597272684
579167672
616353552
571001709
709707454
549399344
651396742
638752092
612394226
788893356
551298942
640270456
543111470
765075821
604456870
630538402
730554887
692975340
544578285
655787085
695846045
683605635
745408026
761083257
547371299
542341686
791020420
597188939
549279744
737311851
743319867
550182307
778854706
702792486
667407984
646350488
586789734
789900428
724403513
739007855
715191471
717313233
723762142
771245043
627145572
773237514
741577158
758757859
669337272
578764041
694582913
694728529
705484801
648415979
752779776
701940071
663376426
537156769
710199293
587302480
701554099
577935169
698231472
611133736
780532026
656286570
605545036
569896575
749910309
699780024
645230581
547027104
634945963
543233629
769821664
552667534
628612345
695053998
605220142
568683219
700524753
548010142
750032653
627744858
690079249
788514923
750751105
548299901
758251983
802043009
709280226
610840315
769307874
632087721
798245719
799361439
698359253
565766095
545638269
709847210
561082938
575725812
548684760
596637103
799989725
598643589
799259391
600304917
604554393
538824905
672225930
571064424
540613075
649211585
647754888
700104687
786515908
595204863
627235623
565067806
549317710
759068228
539882561
598783998
663788576
718897006
773587549
546771902
755740474
718976187
629743030
667512688
670120114
706979845
621628482
567732269
684872828
585113565
595588166
667850787
571925471
649071560
751028023
611897546
717207269
657521181
617671672
600084437
779450616
554098225
559260599
567075706
766719264
565036033
718291032
700788567
539052714
571298084
582358149
703148033
765607335
773725649
538490337
689572123
651260596
652634481
641210159
627294553
783595786
726654770
580709134
730078533
741867017
690795838
676716984
721133821
629238867
640824112
783531654
785016181
715039694
593649930
648148916
754729177
706668181
777406504
675336819
642625573
779575562
667930489
695212570
605831250
710282214
570914266
704444191
630552783
658147823
722924099
696009197
662042299
654020889
767948865
731433512
642148136
555643955
608822579
600607469
789803598
745113882
573252530
668412025
750784572
724119249
567716184
540832396
699129416
578915445
600847866
800542526
630785203
803277250
598569756
767139454
593777879
569020099
758944199
541867957
650292384
802451517
667624217
549982119
709386235
686245210
594001392
663959531
554202715
664887894
592268844
669631722
663546067
754591128
618093422
639537152
803131300
679593186
761444076
751426182
796025523
775372293
612756570
794409530
667381573
789445278
540442815
609258427
758367208
565684902
610838584
571026384
802013379
761375445
614531897
698789494
686634965
601070803
562099061
682051031
675125359
690882722
712276427
750329447
760156342
697095579
713699913
632190197
645807903
607978413
744678058
775996121
603392054
790486539
614003241
649788872
735553181
769762313
597788195
685980455
592331279
700183553
603719341
585282408
587812491
556360855
598932777
653991168
772152495
545123640
568515251
611065981
741951415
673702215
549886427
544738748
586581071
771510282
642413988
644915019
645730283
589650461
688405908
551302756
753019113
696716486
659080124
751645524
653047781
578671011
774134401
733196055
574503458
742197329
622008542
764049793
710263508
657616542
563043553
740160789
801606937
656931278
615235879
714872300
566828853
597544376
631637612
601910971
689510922
710460234
647443054
567254077
757755016
796237933
643248820
622586481
769190925
576346216
801725949
643425124
563585979
630914329
791359958
782539425
610542232
725107100
685410238
596969677
635732263
553478681
634881356
569903191
568842019
598243246
580107887
651861998
615996661
651760341
716085718
800552532
590191499
545735512
708697582
633286581
615657955
636840998
733328922
728863427
641043901
710286140
773195299
698587498
752315454
549732619
793621612
574234248
752744756
563746839
708679144
739572350
612409687
748884678
769829312
790463198
635928320
606647534
558504304
549249857
640422781
564713284
586636589
658920736
750653178
735900149
642837501
646452035
586564586
691154813
636413978
680315910
675370384
606513822
798640619
662485626
753611228
758143475
547424104
693041069
718473100
795206056
673117088
628134378
779754379
686049213
602313531
652610268
613720073
712487593
548421906
573146143
683708898
607551638
803932526
743178264
580535056
549645982
545446185
699535516
708944123
746335055
619513677
563804594
645914890
758322813
607902313
712115646
652852928
703753532
537886440
586575959
691285560
598216990
785641556
645650130
592032022
727858094
801027282
727504548
551266077
575668060
556809101
790638910
540205632
569450659
726810099
797632686
786895223
555265711
675586930
581561037
628044412
625745851
657270284
739057675
797272800
568405648
657571713
766895511
574981202
797214472
622042238
600257047
739755218
770311506
558954798
617676788
733544127
639219826
765444065
695902502
795018367
796366824
542360275
794676569
590953654
675150311
779647588
618078175
783484249
593556511
606665889
558860157
578332090
651207118
792056767
537948237
707790538
539856250
715117415
666624949
743000896
610641412
683783163
659416270
710725343
582805417
770704655
618518929
699878583
745874621
624550867
631928663
631847773
672089423
619550643
703821802
661630561
647466764
772506844
543112541
578020794
779137537
553340383
682503403
778818932
675155272
603010837
690968833
714020743
707174158
627419268
796882589
556502784
753757934
728452071
726034727
564857772
607579675
713378105
652092942
748022103
783941198
758137296
744746617
740557731
658161284
632579696
754004828
659279414
612018890
803308342
766571159
761772746
691225637
648092957
656738323
725727976
691994768
571538981
583887744
731281917
648410392
597338662
711169704
583199173
621398948
686736106
648235984
673525851
655113481
595366354
561971827
736778424
670075158
580456849
639042957
778333547
718647970
691850169
688135398
544344113
790496710
741829589
581091499
745071810
604847559
767155024
572027449
764688411
561740118
767298192
767130207
694784959
547647917
615749619
752034168
697744802
592847514
762353490
677643681
729511029
745899298
725065373
547250602
609356135
548594788
605841442
646610754
686211147
771242271
665445143
643035358
793945644
786006838
540598342
582653719
776251806
643162586
546225693
540228570
795941079
632545065
557604311
633296606
657880406
732910465
757021408
590534192
746121539
685100115
718565894
610413747
580174325
607064225
743846702
792625503
552348369
687295109
739189207
609717132
708444072
619201800
796604547
648336286
756838671
652359573
574099230
636347122
737422928
671116564
682223229
744764489
619416697
664404068
779406993
641911593
699086904
754488269
639598084
658234988
543302948
644602017
774293415
725384029
566321824
756382560
706062376
803993032
656865485
556378788
642691179
738042111
655977645
744792188
677591823
753508246
570170507
780462951
732616314
596499176
787587926
548322618
648433504
728357830
735961805
537572992
570100634
752684746
797208571
673343008
543962309
679283669
737312461
787406659
746559853
645391792
635287809
735945235
795252772
736152376
629160766
741345548
603752357
598206694
630817391
721763131
795391879
720968862
539245068
717546042
706405817
769019963
802175984
578479704
589635033
778452753
541196359
628131483
713952267
621391263
778680791
719679955
582726929
710631446
548750340
741249964
631893953
654677974
707575278
650893503
660638720
571337402
576972766
571303658
714488821
604564584
728057812
803375830
613158992
548240012
716795081
799051465
749485430
608905214
683236067
582723055
778607871
762830940
537249644
777670608
727558146
804064232
683211263
767485339
726502240
722461853
606050110
804354004
785618335
676497048
735783817
690408557
727296017
613053158
787434231
733739529
600278137
790213106
549324365
677039553
691324577
639172643
669930491
637157110
798529223
773282505
648229600
762392735
750459556
551522983
685226391
717788759
802091413
677958670
613574293
681721341
682380134
564210233
798499909
550261589
582808515
632358711
573889160
566405995
690383069
786222304
567873607
714861413
728180464
676897641
764191423
577291096
644812763
708429452
735199599
788891613
687863468
713980299
747167496
742691432
586529751
633073389
786149911
686440579
667874365
539969526
652875190
692879796
758602559
775103314
560688708
585632976
793424487
687620612
717813401
698019255
627009495
719333576
653219784
608682631
767245646
786137850
736656168
562879181
713631653
571078671
782715057
721897894
644071551
700421392
775459698
674762976
758989020
691541603
635376122
730520190
766211504
805145219
671430439
750657500
774491434
551456452
798325661
683534847
646362505
748858432
713205149
744631614
673087275
740089939
642682261
686026633
724152406
794096693
643846139
575957663
713507359
656860064
613499182
690800203
566222163
547556271
544618808
634017996
611874392
671318066
570120644
710852842
604911090
647094083
546692508
709469834
590349161
719208687
754403131
657494902
621284483
633630313
729296284
787389212
735659012
640530918
638005894
550139386
645733570
761546315
798902560
760475976
784166027
689405929
647815874
647135138
641305569
779551161
571442103
648860095
629713811
802198847
613530024
593818413
764261621
576310351
713080989
787407300
721877046
666200542
581876511
708096546
544039213
756052989
723332574
692763607
744856292
658824531
581239744
683020970
559423413
572363002
788964405
771469717
541706194
655812170
639776139
653075287
539712844
692579982
768421080
780785777
549912023
747765680
586378962
729578978
702295437
660977023
614835872
734361163
628663809
559972851
789304291
640032398
583432603
719462206
741601483
626155544
618364546
634269644
763102737
738496645
712253645
633385662
789527066
747627371
631375366
667769343
572717624
619568926
748095537
775285749
718111416
781807692
720426020
769176782
672774291
789756994
663789921
711766887
659306334
742935865
638894210
598004483
722868907
760613506
564614584
707369854
797180298
790132822
686943326
788175929
633499642
677690490
643145247
648770832
625822181
722685431
574483723
657804738
762053164
673477241
540625490
598102018
715417111
654506819
579676912
602038410
541602821
703039878
784487331
598516165
768024516
717426044
562870516
643830328
606204349
613507339
801484975
773786122
544399439
693948060
579998338
556411304
543940696
787006546
695483399
568523855
724113212
555497925
718755386
773770401
550869550
797018062
710113926
673933944
730554127
768603544
770791544
593936047
572716418
599145409
605386095
702820552
575045479
725210257
792934889
695990673
710546839
616741335
723933918
765944520
562802651
788411311
712638236
646734424
651517989
592748150
652292572
672462858
549770885
625919209
553289781
586305454
689647002
630745426
687788803
628164691
607880686
753232178
537570145
646424339
686973783
792734080
657913311
605001255
558849364
588649416
715638911
772757952
778409141
697539859
623062902
673646953
581359819
623937487
588998896
683781001
569506067
693683394
747165683
765054336
637653437
725656583
612753489
724907424
592292184
651260267
617028247
555934854
698832085
705091113
540037829
697918385
557730713
577427749
774939705
625266942
622128787
649283826
671040568
755588738
603458087
724281526
603162226
564545271
722400820
669688989
792686676
786728518
674302741
754135363
757313538
717188677
677660328
604010504
684472566
686893370
787029190
718146877
704016395
736851679
564156648
690154055
776705973
724711844
541109619
675975156
563552022
676518452
764591559
768861831
649111437
730930415
616639319
620255894
704225932
774495071
603295078
553383836
677396554
733547897
738400124
708327383
721545087
629204191
753749539
779728320
698910234
636853693
616117869
573057674
608607739
607695656
755365617
577939659
741836271
803462263
579304983
596986860
748684039
748843321
698596380
587315476
708210539
700832541
700159079
802660229
672375658
626770245
746014470
794071268
660538477
792189462
625972367
709265148
547726201
560448721
710325242
635425555
641733264
584946107
576136679
722782792
630402688
763160119
723550935
558192518
749891569
659708713
617251924
616231505
689057023
587605405
630764604
614755051
693441857
593282444
626008495
792104109
584607529
798377324
655833261
626668948
646772447
756974340
627368478
620576080
552535832
770381426
619425942
712980214
539396911
775620359
680505113
719313333
722533451
719514123
622311511
543859259
776659695
779294454
623920304
629182411
680579788
715527230
650829065
550288693
725882663
541590901
582810251
749904800
542430724
697526020
676029750
786289105
804943409
571553832
787180394
641781722
625266406
576704867
715058690
744496594
608291380
544443485
667440032
606815820
620705946
538026189
644687121
800090286
546444677
770582317
661997976
769425057
656281678
729382779
628714910
750472620
539815931
555412165
742989061
672225877
708880603
660161809
538960431
747225971
547346479
674441678
740037421
742813531
613739202
759335151
585369486
575512893
577768723
658040707
643910390
804664370
573781476
629922815
754300205
651248054
567385313
717127108
573390980
578589576
557329536
654777103
537057747
681031435
571928935
716093686
547470981
686438581
581006664
745166168
683764489
666171656
626986924
571453349
598104730
727408719
779694376
691721307
684016099
634093092
593546444
641978683
599493398
798911966
557748086
574772036
707967690
540246346
537823724
754409708
707884521
538994714
597467342
797994243
745802931
665410265
646438975
571916960
691906844
711461713
713955986
673760138
618163942
788450780
782656212
598774947
622695186
713035659
608628342
759631559
697021616
614458916
790903654
576557437
708405342
606035814
623844587
562975245
709191281
627145922
583427920
648322176
610568470
581946524
597421864
783187803
703004297
549733028
729629794
665790831
541873332
725852002
614564600
763054310
650586302
708209096
699555978
691538450
781826998
736785989
721018507
745136659
612848059
576407492
794185421
701202586
733958901
573242138
645554636
549776998
753738672
646414435
778664235
791988166
657153385
589235611
690438976
702989367
576597121
653754331
762486439
661453092
714303340
592476184
802639888
784062828
549045400
698727933
622834644
622726472
786540767
650978511
765011761
636376361
565885693
662362250
570301579
599537513
549797195
749451708
737831568
742986917
726764312
755969046
538535866
719776612
597399628
744727093
547084372
788342780
796053228
622131680
752347600
576068601
538003827
635975732
775138477
714003879
691673692
800439745
622040969
728726346
654444100
793192406
577364746
699062345
777253130
759915238
556073174
711317656
649108090
726175198
608255671
656278946
712449191
706286478
645089608
681507483
773103441
790078092
581070371
657877886
755090388
781612455
672661304
563415352
640173213
657380555
653480059
646304349
722117733
604693083
715156703
557669956
752722631
663350296
677457524
581479354
597646340
746031186
772074553
731464504
701399125
774697471
798444459
572939192
569096385
694565279
693168881
565120925
659184169
592864788
614062813
661380132
730092411
608006433
588455580
696061937
577876331
561614131
705143360
782541806
613343848
778071384
782613031
557056811
600608694
746162212
643339271
780566428
670205799
725446346
755447275
631382050
627362196
581096704
711662799
556368904
592635688
608061737
650306731
632326835
590075123
749395455
726930431
781421325
703072069
761102610
799595412
687446874
606787346
605755011
716475511
647290608
556825344
715160819
787771419
587888913
557760714
755199884
776158168
742035889
630687941
613623577
714762026
616435036
791579949
676713188
571775381
676893274
558989300
590011444
746662873
568983034
610190555
660864883
730404232
803601464
635457062
551364143
649810811
685356056
611668305
558613076
637833218
561511136
751413558
725083304
783326291
553756998
794924998
716040524
627784846
694113931
789682016
640742048
694096033
637337858
763150041
791590355
752317619
679009786
573241265
789365052
672016777
612762995
544416844
623313208
538824753
539617586
772029107
641733552
568112836
690881214
566703819
753509046
648451231
804944748
685875088
706674682
800008987
613229091
719956842
588535823
577242478
739042229
683503952
729217628
753587451
716782844
770718452
687609492
664131107
743799135
579707331
671006118
717858499
644575998
706355007
624895025
551457426
661936478
553015129
734608268
688342445
644036547
765356834
618472107
607792020
695906035
758799603
582314525
601605364
789599677
692777541
641012343
584602290
748006103
743398908
760557665
655177139
798778383
769214173
570430757
662577789
694862488
577009211
667093607
774510823
730483323
602751127
756260933
629561063
747323151
591212842
692375861
708712080
667382387
693317576
546838257
555324025
654694778
613449397
731275092
685210465
740659661
680891662
588455502
757982700
726468392
551997565
592549804
751409192
609535349
568873945
663723883
674664514
631180004
643184168
647268034
629659707
609030944
731242950
596309692
667701530
597962264
689233383
768335624
690082228
703489086
611175273
601921779
635906173
648724649
619884231
682917474
682947088
658690869
537788955
541293474
792880244
716312272
753862391
594407436
574328881
692302728
610448893
582954547
641975794
773948914
588840080
742906524
642733402
566632230
677289384
763182588
613187114
722466120
786751842
711041338
679243416
690277546
652392709
758533504
760738166
725451933
639029994
698575536
594602589
578715537
618579068
585376466
620187387
650965920
686915827
755503893
701263609
637668039
625633885
719865546
544199231
577589907
690533141
572826638
775125968
682582093
608467641
742407619
549001844
649033292
568577763
629163727
631947882
775279926
739361593
646122767
737497088
789124442
570814885
543187819
614604012
640777282
609795978
769188008
640392946
549296610
613622324
718483494
584061200
551903023
721096616
642212517
543013438
738105111
735495979
684370081
608005264
792543865
794932790
756338734
728470591
684712007
572597422
619058931
795382305
603396577
719228174
756999132
802829066
698943670
592281648
767553986
668839991
693681908
702400616
545332211
