210874720
56305497
2150311
20552303
175581282
242031434
125947880
234446993
129567973
4783941
145021301
184149712
5121062
161501865
18958884
160554052
231661861
135843029
255465643
161503968
131380333
146942116
33889844
221833476
187501863
131480656
87776202
8188892
169747098
170588403
159281304
136760875
258087721
113358307
6983136
13854004
69607681
174261697
193607424
49626220
50311396
169970090
33037767
262603575
22105553
268134793
123389967
142007607
265677719
66887670
148019379
164950397
39676328
3550876
190206384
159564206
185873654
133289503
261427880
130886123
32707153
18594420
251300359
213921427
231977394
10180258
181408333
165508595
41325865
193476376
142324930
64257899
61671718
187032755
87311055
208046412
113595165
11171245
228432610
182082169
213444034
172221196
93968990
17464400
147383595
191246584
90252385
113266530
100021024
90436691
200196111
115679631
202229071
129579991
195041311
135059771
106072275
141205908
75512246
154367594
261039135
108369780
124449109
25745538
4462719
198281366
139112890
218157169
220562573
82631025
16786908
263895449
170579514
79932828
84289958
216329866
162731848
196451557
59775186
117906122
242719676
27881301
61824560
71122283
82772343
91210526
189958647
72106841
193202163
144133410
146172796
24455860
130706010
219293576
247227191
89972831
231263699
226556920
260976682
176292458
148705457
53596216
164530244
52768528
70117146
266592274
161602277
44501738
169452213
227016088
233091032
46917868
91974618
43886663
84141491
131769568
48573934
251852113
113381094
76802150
15648882
32151805
126731255
10236412
118990355
32061775
192520660
59066725
248856546
78135491
66433298
44586799
205158722
133509612
123674550
128133853
67836273
75514045
157616289
247609471
225112628
259433115
225448685
99938709
35661803
16839713
187509124
58559770
214873776
154439764
166239613
169412664
78365922
245518739
161198857
76079423
136902339
30402454
223433775
171267436
61889814
111434406
133116064
244738301
200502155
160658466
226333229
84838647
240073523
98657562
264104581
192589562
62597764
148369661
218176467
253360453
73848270
186733788
31891365
14680564
125805703
177706041
199609981
246429859
170213632
239645392
22918741
214487466
223169326
253904198
77257075
229757534
15794451
230534420
94531601
141522956
107323503
203516176
9097360
115006195
111192864
137299929
51960800
41096890
163571677
112211030
167447942
234293849
266331966
193277614
135163726
14855006
217707642
250093504
158223015
101017595
48985989
241920819
213321671
20326860
133717958
119609997
157368591
244331336
254146141
58468765
229791446
228928527
161888153
237769017
19827892
83793194
216183703
40644204
121845398
4958760
201490035
90463297
210829577
220865887
130043043
30199032
9850588
114896987
184820241
78440227
34265325
247906454
236217897
200550264
84782874
191735442
266680760
190020930
84731964
160256155
64945570
155139531
101221244
108153962
113833986
177996629
217749025
207994882
87619582
211508384
171427810
98947926
192801856
254310800
181882871
24157023
144127606
248792358
144303032
108158418
172103300
34252630
92818862
256709579
256679040
133332057
236509278
261247170
85749683
72256156
119844038
252494193
147252441
127282468
103444166
258158534
262318366
211119254
143556699
89109682
167484501
232699330
13721062
175002647
149814059
116907813
170010267
119140646
186936441
237245991
15440439
28542380
164425717
210360380
703433
261147843
76517106
193265975
86129966
13037377
156402441
76835306
37131962
110750435
181346962
199355505
166573171
61684862
204037986
60468777
119120538
64191286
13130501
15295539
99301172
177702543
188064758
228798967
137075123
225066155
19086352
67805518
114637386
150325545
195382771
154686299
120265225
12508592
26543690
175057028
153436858
84808619
111179848
203802727
19547314
188470621
79896279
91536941
240252347
153659523
254652988
170019839
12451961
157656061
70036130
193530236
225035870
203015084
214064407
116347132
87255062
131377354
116291938
185706010
226679652
181647466
252874232
237316052
43503389
166768476
164291804
196750886
98420555
160388061
11685570
66312810
199371791
258689990
31948035
139547639
160031313
62190495
209545702
162998860
152081067
257791174
156739459
222470253
124729608
68584147
189470550
50613468
82989196
246401891
106608588
83590434
72473376
101581941
199704247
181566581
180682595
140938370
128065159
137196523
206073060
4796636
267931507
151043498
12794350
128371450
236176178
257010738
224683547
211141
220913458
86486974
215338084
117925539
72861986
62578670
69279320
224665418
256661497
194582750
51164522
130471201
189549313
104395297
75453462
149263922
186313381
55455482
122424409
183672430
106988032
223808136
244502579
146119713
183901535
184686732
142923732
151042210
249375492
140123838
32146263
236431022
109392505
141013508
106522049
206722477
59434254
12863425
26019323
239888332
247722068
34414760
161096249
120570501
219199752
39044594
224692451
82686888
247231016
104469631
19229512
238131061
122629430
155454980
6145862
155057978
106906260
66888980
247121178
61837917
207991773
81420280
123860827
248866815
28349471
102263679
202538564
35932073
137212371
78157224
109628126
191403311
203394767
224947418
184481722
13500632
159236411
28927215
264959879
205267196
47422018
32415573
255044408
181681964
79482639
265549106
64559276
193580665
22708023
95971728
248243286
247632718
264970454
44394941
248125292
135040916
207442915
141223323
149108915
231443682
160973181
145182140
154446655
97940099
86793882
73756847
132700205
28539403
8513978
260075157
63427155
247290410
182155371
47347140
88615851
26991516
141316263
209205823
141908839
96035344
264859699
138248222
2061524
161010677
12464584
156124502
39370614
134713795
129630360
60339980
94198329
124838391
7901339
139056529
150318405
242410234
112245961
63461468
131906026
231226880
167500493
180151287
215354421
196072108
243957352
127408445
229684697
195698051
94780347
259975616
57979175
79165306
188898986
244765683
38529262
210738902
124894834
97505013
151799314
223636623
131137582
180490154
5924499
65255934
108779005
86323611
190436037
109089700
200404920
78262156
60251382
120862751
71414243
90028045
24287601
218953630
168832229
216304988
69015725
768928
144415641
3942962
266435438
185551782
175498052
44491027
166572551
169567935
101452914
94965268
117760867
74096572
183139767
102248679
13775708
234996674
158144075
163818359
115295537
268096594
118049842
124092764
97698833
125086434
170824397
242423067
3257842
193154174
60638967
181114699
208366016
239975250
150468608
5043399
84693971
130581029
195408175
1711100
51051544
141788058
231280895
135049282
162598782
140216617
252116799
46535304
14833216
182414439
246841669
239110060
157238953
160017187
149871770
151569098
62019691
212438220
14359240
93892663
189070682
125908130
99049745
224613178
211400581
14651000
210924932
167587032
32821312
183607225
90407492
109768200
8763606
198638488
140138852
44970530
714377
18769338
263727520
203408961
31606968
207096303
141115991
190841501
147785025
203399112
9133213
41556693
29004948
224814059
124913424
98704124
134027598
150413488
37194845
49472511
67353241
60084011
200886348
9833394
50624268
84655950
42315438
200093190
108268548
163491523
247427053
189814574
131912598
135773363
144280626
54942604
53125021
165682450
23199521
51821667
185826705
178302370
13185337
61855565
16685820
16452950
36524168
135506846
115127353
118458091
121072372
140545495
151445566
163298445
184336263
40059826
159989150
125053738
66281415
189608772
175731355
145686673
39288394
266813997
105714298
28526013
54184900
76668273
224044211
152843316
79479644
74748435
258217145
152627619
131090231
79360208
150443813
184855303
85972054
161644551
203463641
61663193
47907590
99052881
130045718
107750056
178141943
247557568
128618313
4676403
169629612
228317194
123175153
126997010
252148945
49606436
200672706
45431063
204348776
148597252
44944959
181083279
149869238
55586963
121481331
182186137
226870135
158722759
47233742
33224532
258341510
25691874
52662726
215569590
47243773
51933675
218830541
179318522
256595683
167604387
50787183
71135537
222435451
44361859
176991595
130565027
128014136
177992265
82550454
200348279
137716248
123043732
19061705
153792026
107512908
169805205
219805728
236812513
99427446
55022071
266273500
62193212
132036519
101961498
89347203
148804547
34627689
96637135
120967810
35532047
148478371
167696967
129289793
189634266
215608815
262995291
83022063
268350368
61892360
56591112
87095569
55688627
32608449
88598336
164560186
47185780
145910069
68219256
255315910
3440926
175516533
29415755
33608883
261371
129617385
152399120
25873751
52055462
241629538
268205311
44841477
39823955
69391950
22985659
57485695
207844644
252445786
38983939
151767527
120403674
207572490
79678155
198832916
47525958
76545876
126805172
53481063
255241804
114536439
87762013
122268607
218329647
116121878
166532667
225088795
37490329
16523395
226550970
229348098
33461328
38126564
25227930
212692273
122701491
47668257
74045040
206554644
244848893
45278471
199478601
19448012
253977983
184306264
224297422
66363620
248997404
10907276
198423012
112453395
143872833
66902503
15315356
99427392
232728512
48672182
35495822
106332893
80058255
11273959
256539910
145899438
106803051
192247197
25567944
104483483
122588430
248893516
214503307
106809871
59116246
58166524
263506262
220790880
32226538
97398573
67756235
254715847
121058319
23756541
71825614
185975265
45899545
229808923
34094328
227704791
189412483
79592749
210034999
244502509
140080654
107693043
44936121
263560157
72849599
128887400
72880390
202602321
120254465
24205288
263634755
38562259
73191993
176442394
40024579
219519050
12417626
51735492
165546667
256010069
267412312
120652412
98281275
94189939
233721632
261346988
98856720
177084606
113049350
106976113
126473106
249967388
116040662
58503843
55918397
226745356
244629817
125848391
240040408
213847508
173831892
66945974
156930597
236177118
90493260
113396864
34793949
104859140
239350585
46840399
26102299
16163615
104791976
169551500
13299643
52217508
50785701
248210100
266877839
139965290
252513650
234475032
4066363
73035874
94490241
2057777
128692824
85630496
207177945
52456816
248706974
190242773
170996590
180978681
78338750
168037057
156097493
246240568
168160897
200941107
63901368
166542046
45684485
101424994
32095926
251059875
63162995
263350371
254503624
245719052
206323479
51752363
126359146
203222711
15323109
255326292
6645716
230259291
134851889
33537610
100704288
50580163
111125015
142822974
30033290
112627368
170356444
147305245
191029576
163038434
142106432
139256118
132635741
185875464
182498847
248019858
183230382
173616573
30330769
18510671
131075213
23111760
167044631
151693021
199939627
114702111
158524178
39168206
259430119
42845832
218236998
157859962
29947010
206788431
30518025
72086018
256752749
87805774
164320350
232370448
101047697
84082
195258655
57997202
116231864
242819542
66828735
179453981
209236372
47213689
185389041
267147844
210741451
127297343
11477497
256013666
41273339
94767356
251278870
224049279
222765826
179469561
130626752
103886363
12507954
55758529
111048329
183220205
147948054
165849699
10644882
155574140
1895894
70292254
122412245
171150484
217435671
20441895
146934036
224835552
128088808
166142009
234560347
98083066
227735486
149542811
1891774
57165632
144077637
83229169
123798661
67749195
196065616
69120509
138115405
178340802
5243054
74529081
213531526
27775688
265611301
251157194
4358659
146940566
92598078
160542302
241914681
46932818
24820689
74730384
183953687
147555662
111552561
96487940
263038117
37215933
140775321
116569183
152735621
31517808
65231777
25289681
118182300
215708464
93264834
3753289
88886073
16730071
137049329
110469486
240660918
259084486
220004425
204890546
133987589
201882342
184821973
163474277
225120455
145158816
17671095
252158128
112147086
9990871
81533583
111684125
173586035
167203776
97092224
823067
20915887
93220517
6154341
109869231
42380559
155257999
44668759
137524404
172142801
262130442
172609631
56726124
115566176
172433930
141021501
8980638
216794381
87102780
131888767
167189126
67749739
66554327
184503016
224182549
18477906
12698017
76361686
12871611
185597345
142259193
16451356
156170885
56940814
16499918
220202828
233757660
155631570
55564570
140846576
30513662
14183638
214266289
117803533
10298971
68455650
8885422
76104123
107469110
258371321
195591544
199112903
198953012
71054081
15398234
109031549
265738913
207050314
126989038
141964732
78755139
232189033
129750587
216178326
231294505
137955493
176004837
33479580
268117864
265307535
205105648
43766312
67044009
247649589
34667513
195717706
67998862
171815299
131367340
134216558
215864789
50045091
127556452
263806614
15498133
247924754
262781025
164682306
139507675
230656267
128440496
12307257
199710255
105793418
109373893
156800473
230274341
158117272
92950485
42443280
86163044
138778072
105138227
245271100
121120274
72705123
166354704
29970475
192968619
129058911
150991402
13535619
173194610
76589072
171713764
105593921
129429004
138238686
174497151
153698394
111704441
222175187
146332417
93932738
17775389
248524724
165952279
204579176
224501819
233144893
27549794
188442320
265942238
185978708
268093689
59033082
248649438
30496611
118256815
128976819
184627885
137484251
224950239
3196925
162818558
172273957
210449852
220228772
245056403
32985536
152324143
225628554
170246222
163928342
157513879
219790770
96870585
122722798
265035934
94597096
143467387
122697220
77812798
245218321
174372914
205698565
91780212
55164244
161267469
27625249
192173513
73462088
12760540
9458392
233769430
219736463
50594969
60751024
264794691
42510164
244602394
59208234
39228498
122125524
67418439
171301738
108398616
3698631
143849558
172091675
39193674
267728824
220466308
168417782
81848497
134140812
69088940
157867089
214013199
140008058
195110807
191041652
217540900
198285654
151087252
85724508
12261336
91532767
31946354
193703507
57776225
11550319
254483268
43197681
254692144
63952326
19223319
149163834
67153768
164922642
213127000
217164865
192026707
60032784
45366377
206407063
41384149
57704884
54180937
67054723
43533713
191681192
37313422
81764466
75345754
96121418
166694170
574155
197215806
97622381
140819552
137480178
36973963
58955466
50652591
197604357
31090903
76398733
210558783
93026497
81223400
96715793
76245837
38175058
84896680
146583592
171305075
204651902
11776477
122178118
145662295
168735136
181950151
113104335
34746303
174306616
984141
8341287
176944083
82222808
114223459
127676824
139766686
255378973
103122929
139468463
264834452
196808511
6118355
79752059
215845350
18121386
185095424
228825617
99249179
11966171
178980474
235694711
40467488
124673060
48064224
166352185
200491817
149975814
240988769
158334368
69406977
167793862
14495526
91629386
86867872
218312236
160245018
21554868
112245480
23550426
244106795
184546657
246174859
94882515
40027527
246546129
207187985
237844260
111367733
48810822
121076958
169708193
189654317
3079249
100828802
255823433
53608931
149111266
188353287
168724801
7118961
12785238
144628140
266620853
185259919
87035206
113623273
127382669
235027206
213512536
211002507
11513695
68220887
37727235
85978597
43098941
150134720
204880927
125311568
222933460
140072685
189733768
205431267
129783411
258063197
115331151
30097184
129912773
56610880
180552819
129583608
51167702
238693906
258717162
132835908
4817522
206344513
176853446
125991425
61544486
30573674
118527392
120890892
142239042
169305328
69339443
152642613
227612634
116133329
19066741
203957166
232988911
52037873
223559644
42334376
9440747
16168514
253288864
151088616
18510475
161219055
33494834
190023117
15875004
18299797
82185250
91604231
133186268
205130641
90066059
139315862
56233511
37767843
113801605
205221275
243468087
103577028
20361335
240324003
230896463
60691004
50167126
11171635
28020725
73120190
82936775
17032095
131713091
214014591
61864798
215576989
184640840
18807229
55313231
93751667
101954308
246833361
173232621
217592034
257910824
145380870
9614194
68969003
246465772
195036077
75656724
211602708
205606757
60688798
238463925
32404488
13067040
57558973
259542685
146261750
138753661
60226520
202619381
245438620
256750419
55948954
119564051
6784893
8321763
264943932
155689644
239759807
89413308
188490645
202507017
131534798
47995895
104477747
218174148
111886711
197800817
118579748
108533879
140580857
93953663
36519018
151969701
187914978
69978026
201142573
163390033
129815113
141781805
96923729
48565215
116337121
191186453
249289522
31243913
229550459
187850076
263292048
65253635
8565692
26483677
7565609
184303759
4773787
150847539
130192910
24871947
210047483
187890179
215362650
136711710
96452549
184636092
46572823
215061967
156029302
159613985
38020274
185234100
43166092
168997650
255284371
135874515
177911540
31747656
142501024
103626338
75050962
102025399
25755058
255657946
183257932
191907665
80295678
67896323
30216894
218268127
69301375
10234388
157493774
65340681
45726945
9825462
81461969
225224698
78575613
28608312
45840911
87088659
254837381
263248692
251292592
236527778
239724637
239522683
110776712
7038152
10452772
241504311
7599926
65277065
188306301
230196714
83719451
27107555
141534525
156245070
263610174
242103354
167202846
206559859
79176924
72048851
201405232
3926439
34099988
100944341
256499302
59265302
207626096
137885188
121527895
256985180
221302974
53383971
44972224
140138402
28322418
143130086
127782463
173786188
143628358
232452155
232208607
131958205
267791842
245775330
268386777
224786308
129267474
165037811
200707225
256893681
266675631
188235106
170116693
242573341
174595014
159083135
162574497
187106568
197903832
219319711
16082163
112876258
211958967
255271862
223705806
154884794
243744205
164629485
87907916
123800806
229210185
260147030
187571470
17928176
13339246
245874796
177520707
73741451
265029202
30575986
155207042
195304135
59420390
86474219
61383572
259260676
181799918
169144192
267338049
42151781
55164320
234404948
42992732
205126153
44749507
137442557
226171047
9773552
215785224
221458184
62855131
161994933
67467120
223251305
71116659
17615628
121794630
190156250
258960301
59705682
258334370
558047
179202725
108265568
148772160
246402459
256043287
117693272
148599718
267360767
105782966
1599042
107381069
141357160
133908127
257225769
247847263
174287971
71816265
109577021
174091692
229021713
198625682
138076070
135988186
216919516
126639374
128564369
45080413
102648657
113737535
147039132
238949871
171999496
240789630
224318366
112126159
17038691
246939907
196336432
212199298
135125235
77990254
8382184
29713604
200017157
130403544
175184010
12328497
85998434
138120465
50849396
232139026
174219878
236776162
136678215
242678274
167422375
12728824
231236912
211221644
133733860
18431344
10447539
161692678
231332020
257534052
234501029
9378396
130989987
141934608
253448004
170026329
76779318
192996965
147280841
50604241
148762758
246440392
16542215
61446866
66342811
179181952
199843483
246795068
173081636
142732057
70316203
253489147
158446943
208814337
29044199
265565976
239784533
62474034
235965826
185924299
60442605
72209185
208072725
207818744
133005616
57042166
201524197
185905120
261954019
221643739
153034675
210498298
42668416
184166457
120602765
159127152
89531155
122445417
93387446
173485990
1722742
34741053
238851569
185556663
166069942
140331613
252354524
125665093
225689731
207484152
58819829
148926412
48198631
171331520
174370079
159592231
228847746
169256178
259319763
104066939
266972177
172570965
143791374
46108028
84916197
9594019
38735199
167423754
202210724
54270394
219628007
53514040
17817470
169693775
192838908
125466060
134287719
79369957
183800718
20739975
257994875
324729
189967373
27735027
127964212
120935602
31172955
67632915
67997621
30421221
150267036
81914438
168506028
236209967
48980164
73274395
157263643
88035228
253945973
103629724
12598432
73366128
77151115
181523914
218461613
230698374
40068050
254563269
20127794
129317085
92384641
139811325
119105597
29889006
140213972
160079417
254082523
83950428
50454764
196761196
169337855
240500875
11816984
121245291
125722602
140294977
136677334
105311465
200969873
110137624
258024661
210048362
159096921
54946423
216811583
228550098
67201981
128635162
100775567
221244616
184122656
58441578
122304217
102264875
252419744
223504488
219897049
117686198
167424845
243766937
200183687
253908314
1545436
129078599
221527010
251447017
257401946
255350487
112508291
22921013
191668194
125048852
59324955
195119771
1557095
75934992
174452830
175582932
161872663
266479167
11180686
121339689
66159689
47539648
133019984
116598533
69681900
204328496
224472625
256773431
125135606
229928367
23367533
193908685
44271994
92515449
264727267
170732540
32538119
190045140
42019173
111312352
178528471
192493069
261398148
246100660
64030021
170108791
38109719
228313538
156724066
243741288
193566194
55363246
99032547
77192133
218518207
83042706
225709995
2885402
83411233
124792528
235804402
88578200
80847882
190411990
268401906
46614117
142040225
240075427
86237671
95740863
266806891
10238055
228537438
236964287
124883004
19090446
108682771
260976639
191215001
12276207
178904287
101748731
141383742
72390832
20995069
131425214
47577317
136532523
101448342
105674969
11312819
82784020
145473390
103970968
117717540
122872014
254687683
162867524
226214475
103192597
143614687
95324199
111771029
238483188
109496501
94460465
55606612
216111944
58373327
159482086
143218976
21424996
46958135
28443705
265775656
232326823
165269054
196834291
211689774
88699317
135770416
226492786
244183714
47796177
57181232
148450898
91561861
238471296
153971220
72054551
151118381
246494672
243914896
38239697
260532516
258332037
253664536
19583381
99271503
229009490
44127536
236143357
168004667
36749482
34936278
205226610
65299683
232525033
98218938
78554308
148130008
173222815
100538799
26823208
259041782
23755578
42404202
217743858
79175822
260900630
64982294
143238925
51071733
192015235
150511719
10368844
254164569
169992510
265944930
239735123
206584008
62776092
28313262
96711432
177120616
141735673
208630405
198431457
117688440
41765354
79378459
238393050
93268349
100717824
236889805
172742042
17863485
123752498
32341955
160525469
113168619
104899986
122520172
111267209
24099404
110669768
181563166
197953726
54214644
86333962
195281844
72842038
104114805
253616323
267625401
146611821
19812792
2749701
226099561
246399179
142799886
29721647
63139825
43668872
99729357
182677121
14149974
85860670
67829677
169310615
219292821
76921562
41464886
104508157
82296530
176007897
225746661
249421369
92776925
139845046
25421067
86076284
132152109
49487143
160181886
124622578
113055396
222353011
154891018
226219106
18801881
239976071
113807224
56575766
54402749
237467039
143580215
110640280
213208126
258693082
120147710
116335836
181032724
1980053
185594083
188104805
40999562
236389481
203318011
207207153
195707337
255137408
246059428
251175716
95638674
89416765
230333142
33940659
165667211
2520072
235351136
238831577
147491430
209446105
94446565
191721934
30307567
242828865
84261865
78164439
160826515
72680775
90753431
198579585
264876677
158217505
84023631
107825602
225497309
150790178
168440738
192036988
205692963
256732028
140465499
256299454
98306972
124875817
250541612
123681377
81006935
254527765
119371371
88125744
132996433
151889157
250747142
74813940
148388540
18963349
132686649
142539272
266183415
146688236
42553160
155082870
227391055
143654460
128543392
157472511
260038287
46940929
151882539
21614435
14913757
103910950
113272971
213809533
249395171
184894046
160918202
102101602
197318152
227666937
240357035
228395249
204651086
217022074
80548804
63148379
177425692
44654435
8933019
23714119
104376543
88021117
109486615
79757252
112844944
144344320
94811608
164494117
11058924
124774989
198717301
171901720
153244787
240341782
239321092
64577557
221841573
162316254
21578728
189935733
220047822
92051438
145453235
99475790
35784334
117823420
168383551
182413907
214330136
69717296
211424854
82381487
142678105
224717636
6282637
78216799
179474163
195466763
177552157
189398338
81657742
23726083
111186376
84987676
78588104
233578260
33007341
12179111
190325644
99071716
188553422
166295571
5671757
62230914
228576731
67647853
221959787
23293502
154852602
161939917
147990674
54466549
48020301
192762727
101109319
18026222
257255102
169134402
97485608
22855360
194522618
133763400
177899129
131192117
159949864
135869872
130707915
102842882
242160308
137442942
174430334
189209342
98429991
47216304
149425424
257384077
108597254
15609851
105040252
169414039
2866308
2135175
213884088
200491422
106833562
260751525
249120174
235926123
55499417
158633538
167602180
228377530
107960476
170886259
151755545
211234241
80621230
149774896
123735094
164868644
74615840
49822758
133704245
10817207
222719043
48333896
174672064
154121948
132558839
47583232
197292290
78777952
38816754
27967012
218040830
68025119
101163811
105644833
77118128
103173282
147410478
16568690
137983457
249077570
184698363
536030
97935182
12383605
60289096
101457007
210457830
50293619
34860533
245287332
100487298
78247606
80225087
118365865
253524320
129640328
46441508
119859549
239143496
167480212
88447179
2231863
124108409
68161750
56989258
143017095
207174993
138360165
175667386
139612346
117564789
212829388
105976407
17688702
48297978
182265722
194502020
237456865
53655028
20163672
51404732
245186775
201443320
39412837
212150523
52007142
149978948
148885313
265651894
202240893
19036355
52192322
154993130
159565555
14838029
159712155
222705690
222435799
229625010
90045029
193483300
182992854
185296465
93968565
6393197
59772666
129337267
81745330
68031897
206749332
177691400
242901599
208830425
27361078
147353428
255663766
152160559
50596699
116728933
233842277
165678529
113632525
201889005
116808402
73521511
5852187
262088621
114795877
219200471
218119110
261183109
124062565
129327954
195856423
108239387
248159382
55568416
236627462
97533988
135135470
105194240
74286274
248380940
109930723
205522419
142309063
18271534
112499234
176834813
32755120
232645835
225149583
37852659
139622469
68822955
123977322
121426321
178840945
71513811
113484374
239365193
100298637
17809484
210406523
203726202
186180603
18418493
235507881
216195500
94125264
7625977
78905624
23478698
215914878
20460584
108901457
194740231
180292898
29700095
156130117
231397393
148663717
135970830
227602473
180379036
126533356
2476856
109131040
215995125
14679613
181914557
39904912
106398366
107604721
197282395
156872964
179100575
205530773
83058325
137812805
236619842
43667166
180914470
198822434
117848085
102849632
128735373
1793399
119809785
199424800
80788930
51423862
229473458
268405376
30141122
48751846
239721885
159387311
244615576
96336092
264574486
228532825
27428237
189519616
205464996
186000358
110622765
105611981
2870386
100491654
164405115
215764665
169843941
74300982
61317298
51713959
218527569
259183297
182278944
47296303
193332777
234226698
100643667
70038203
239629249
187247985
142362370
165196770
135660755
60051631
82183102
65731512
143246544
56071988
117213786
164914571
149817414
70420856
55573747
102886048
155498101
137899281
204060659
223459998
117131278
173033789
27832998
254178649
148928230
236007918
87260419
72208342
171428592
121005076
215516333
119797146
43249343
266550852
91639639
211507243
208832139
51878942
99537632
185083623
256632088
176143539
103121350
231965488
122759346
254227278
216064347
113799122
181146194
7228426
204588218
213374877
161788176
91615538
5970560
83318276
113903563
53922869
64495175
144932284
163140387
263081654
232684187
17793895
90458630
109943
33157870
60776337
190116168
190595288
210858877
39264580
259227993
154544013
181233459
68482961
38507246
136238076
48943612
209351665
60864519
154001730
128453851
30871146
22619956
149903255
261973049
26919598
139132923
41102549
53421632
191548513
184843733
185625129
173126231
178651573
192502132
140957774
57982102
233041591
158102750
220353394
116561236
25982089
22468103
147968392
240364206
167578739
59379216
214623851
2571476
43357678
111220424
203448045
246711181
77715666
7220423
142936147
200202388
149762814
38747189
78006005
232272512
219992332
178009882
145257712
251529238
94352657
117359081
227604369
267342618
46176739
49451732
112412430
186343825
27795827
183049341
166039829
178097410
17091029
13463101
179664877
19339014
103294606
3521565
227873986
14271497
149240484
267689319
5128017
172022597
195023371
258752132
232772338
6634061
87777167
153766818
185027663
161453839
77154871
164768351
169808448
43694840
183823319
69154527
54141783
196873772
4567820
121618912
20560555
60799466
4658138
199822532
9367440
18508826
137581478
92981543
35991720
183883388
108576508
211677730
236542660
205820091
248998060
177624371
129222742
23698284
207516325
19736970
263117689
87756934
9797651
77815621
155970701
258137508
156231680
82396041
32225455
260309797
170292073
159836388
83797940
80357994
3705762
250495160
54218990
34100467
83138509
172671014
256256664
79272071
205347442
104551359
14079138
8035305
82050515
74313840
6134279
252058662
124957428
103193864
16723338
25143887
93366397
119446202
258976036
133601134
265374791
13448385
256660935
6282854
63031494
36989146
172101582
211780082
43079993
158626768
146570072
222824110
238317539
70039309
147434135
226638684
240562964
243755799
142686525
237717534
264332941
39272991
172884589
209399505
109039304
243730453
70059526
29734585
245118468
49761620
249027430
254748313
36670527
101927322
216081083
222402836
52672597
236168721
88520098
160253579
106791726
145402764
18645675
253315836
259529933
76478353
33697944
129582471
105852882
24316352
134859015
97805676
221720159
190948743
139618396
128817221
173312456
160250917
153788645
232693286
230979234
148309743
75900317
82922440
156248775
20463626
64246998
131460121
105133293
203764222
223996677
50990532
173137234
260017173
3869521
198192120
146790265
8906318
258981027
133938004
10836290
42878256
175947952
187002217
111960824
212549821
263090820
143841710
216825136
247440041
112248007
186016301
72072751
255805800
100400910
139961410
236888202
30820140
57770256
17665331
105800324
184592356
202431867
38621199
213556688
42757515
184050126
100041309
28342403
18725498
149047819
154051176
254349527
255479190
19186300
46120304
51600796
188832646
89424114
54796408
256546665
84792114
157472649
169437545
198440722
131016646
70186667
7030076
205254571
64931797
259905428
66737997
172541762
178716948
266719518
83386686
166678419
147241826
61816393
95429189
174482822
221460406
17104673
212638766
211733370
248970352
88860782
11696129
174038348
42035590
155702198
192581501
135028626
140435891
30143714
88201255
97519068
262714248
54178125
14454205
10903109
254784927
10439933
123886936
106565820
111635738
208342003
132712361
151997844
215772668
165774466
103063818
83004706
185326540
131726198
45344962
46045808
108893161
181422998
35291776
144845268
55841413
240035875
185976785
109436127
44997820
8377920
211015798
162557529
82051564
232922172
228021550
174804238
162004887
92202199
259328049
233118759
142168123
139505949
228431984
225151646
98185297
199688226
159979494
155573535
120739488
25935513
261579439
259491487
134181526
91056797
85348697
191280210
257409795
124010565
83125166
178336622
43890626
60675637
15848930
49495474
168477486
206790729
254231191
235464077
196938349
25436142
46003838
221352248
127810004
227463861
74903047
902740
161527050
232878894
214752145
65785191
104583101
255189912
14004383
144757926
122834016
159273843
190866042
66129539
116363043
87944155
9896002
56203546
106280606
97549351
47225669
80180494
46114640
121329390
183635831
214424771
247959956
189097100
253790953
234757629
44565240
51093594
42751515
209167172
17801439
209440865
76575024
17883808
144552974
3091893
177151064
256434548
131711257
236252837
225462250
62928033
171328458
172682167
40492157
208690168
106918729
249237171
169280254
103267345
8936371
185428679
172968104
113928712
230151269
132729313
231287620
191796663
250311345
117799048
196047079
141253589
156871074
9237265
166439545
10440128
88464911
18027871
258672006
12708960
185503487
139807174
16394059
230727088
161602460
97215011
13459831
21822033
267222494
127407191
61212537
10613047
62355292
138315623
49029145
188519020
262282322
22531031
148576455
196229288
35671418
138904190
93832218
236657293
183244237
160209935
264234109
53587859
123064897
175960911
176076715
30907570
175402102
4119613
121612188
122715452
86027679
14800266
139755920
40874901
232980549
35811839
225773735
6582563
73106324
63579168
178235841
216279816
141883010
56537323
195904347
178151033
198284921
115915939
256522176
227797165
253077355
48337335
197777162
11949126
210519393
51564609
46958631
255181409
231452410
104588668
31172867
86026342
224012118
135083024
89795767
115264352
201127965
19036915
242094313
130582002
143960105
3349713
226276434
48336616
74328783
83750123
131771605
186811169
147196625
90894321
49111057
165290136
73849308
116464804
150754824
60638937
155106102
118984855
178110692
137639698
98342354
105015208
31675288
54881970
266639210
199423436
197917671
168884658
61149110
226123648
128328159
250084896
46962802
127608437
127465617
183665039
217102979
168768112
4757373
246186765
139425265
184457425
84551767
175829473
104356980
260046254
60858306
30561129
241619549
241248742
244547674
102918357
167482266
170981442
221560003
44215539
214098073
254217673
195300869
15614611
86610320
224596778
221112940
105162158
121618286
207572628
28957215
209762858
161261762
184069801
125826079
56390318
139732608
74310811
24094480
212047600
239367012
85957690
78768172
110912229
199076419
149400975
161927572
167808310
197687819
177822969
27831555
167001022
227221376
161622834
19881184
224428904
109915948
134548257
108776267
231382041
83684139
71830080
2704984
174859073
131131575
147641899
34956814
242618934
180105313
166996108
266500858
207608491
54364065
93792423
8684904
31768570
1403016
81077129
148905406
24818789
246403453
126899038
5449497
198916118
109603910
17916873
233256986
252178220
256421582
232495784
122647094
234176502
110436769
204066072
130790908
209294815
213128765
64086353
73478409
149598849
213057966
247635276
134048519
219784510
204378535
267467696
219426906
195101004
235403727
210674330
165411183
55924714
43780293
156035229
1413187
147069443
144749365
144989608
267770923
152455768
134259507
207336453
220623968
150558741
231783401
87948487
84837500
182396113
125219811
62458704
255060079
121489014
196492115
10353218
35991404
254879835
250640229
256478117
200751223
739667
118813166
117349532
140793601
102375458
47987223
152692921
17728498
54400462
108015313
169617782
27234008
90507543
240412125
170859659
90700119
23473503
51947263
208683209
10103296
258778805
159935980
149421165
133631006
221944547
80411069
51624492
255247000
159303155
149260622
181335326
203308449
37140081
114747396
13182050
265919164
78885827
147830684
50124942
75972206
248728394
33840958
159403865
266761928
214389919
258820944
134946422
153828894
168021569
202630610
159883893
217057823
28241544
211984119
3248834
12492207
187098677
26755157
237833670
28042146
227568268
21642637
168903855
253629603
121178524
2187709
99725761
216119483
20585650
227893667
159052876
12145173
154912672
9973901
154160589
89030175
229072181
69770964
18619409
56144567
63233152
115245746
254645687
224581618
215101263
156843806
201103662
264344868
153946057
168084762
117649580
85264284
243738003
73324040
181143071
42771487
251893753
80824683
95605869
13152081
44553186
92630573
197535147
17714658
181031786
189700096
104542633
164660350
176389520
176920252
129282924
250509943
108022862
256937598
200720879
259804479
79543003
8074212
157676790
102383167
247492213
119774617
231190525
7004935
176131598
236334772
8810568
251374477
116507773
211206622
264601281
225603117
74570054
172170863
233829130
122949665
97867525
145917703
16711757
86836160
216981918
257136253
128801353
236827634
110722868
139233059
27801320
218222563
115022065
124081960
47497378
99808025
218176764
41811636
134399694
129045418
266978433
126392928
228764525
205652180
157973314
190443107
189798463
25932987
242360202
98332053
207658667
110875852
16767061
123632875
223247268
1005725
149536560
88494454
50836111
267751158
3237438
13550998
195715858
11690258
83595742
261227876
112460994
263551202
123119384
241767770
22371627
125411497
199418419
189717686
2204923
126565753
170186660
36370382
200150536
114246288
21527236
93136991
23550215
115196111
72815407
150895264
261166409
174704448
207050292
195050342
180670151
248320421
66067720
60091117
111260854
113196958
11639634
132056825
163299913
135624440
137467071
27168829
50923027
189264651
143764137
114831543
248055631
33182096
78067865
16739041
181456368
175978979
130761133
63659607
219172146
243614181
237945134
55171107
370122
67835109
93487704
95421227
10214815
118109114
225536009
38689265
205000134
23912372
61140566
199974728
96278660
101219195
78150139
198065561
78891486
111776171
124188155
104148111
78534578
196993816
218794934
10769287
199614589
259139606
47067300
68149347
16941456
130024537
189228501
98599937
211817695
94617781
6918220
103355058
2052470
14032323
169731293
50979284
227147671
158593779
163474452
196282936
143169825
62376055
41689867
196077766
50011067
249435761
193051149
30854463
250271824
151295426
248910387
131146214
110700727
63479645
97225687
215051989
103896449
170514794
175696081
16034593
78934184
174723350
115843407
17870622
156772585
189475877
9271563
188414551
163041711
195745261
221653835
239018610
209496907
84016863
72725762
136013102
58971078
74958252
23556787
210846494
179206004
2712213
33053367
72148157
257570030
223475077
14023426
225411596
51933262
143988848
151749803
39455007
83029038
192049161
189735474
147928727
221007634
245612102
253344919
255881273
110803901
134001750
191315693
127373242
206830352
123081056
161291998
26185920
49677992
217161638
42364028
120319466
191603712
32114310
202089444
228700790
204107900
267350418
169946202
81085440
56100977
243269525
81319663
78844822
10446225
258977284
69913446
144069192
204241898
235364829
106116047
87297723
27446444
90265899
267930712
138532485
263941561
80335180
62288006
122816244
241821310
242247995
206753188
120544947
117520433
79271316
101900322
62456951
216074179
17472846
208247056
165228937
192384918
199145485
266256352
114259538
50203384
175256275
211294298
164827881
77645690
91230926
50653380
79331171
257539587
192274855
195693923
248343984
187029127
84261692
192383646
27340072
191037394
51065845
215418065
177406548
207577058
100961967
242538064
162001549
139264648
168610111
137653180
2798542
53922363
22043933
99420900
222371323
117343209
96717373
5426228
25859728
188499224
187699487
92318008
77303005
209417631
148558072
147462960
182900946
47720614
105450972
83282278
137346868
86971663
43516830
36865976
183307993
97756211
255553853
204220773
227682231
49689432
138753478
184309138
10802676
75570564
230627662
242874979
231731438
193247767
101001030
47221500
52026645
92386639
195723529
183938232
175332057
92750359
161488450
187064527
27719738
9740116
84292572
207537235
78169597
41319423
247318689
262218709
46191288
2537207
80132726
180763598
96732143
92646401
4341952
180649363
16089897
86322406
259168384
155729386
159867594
215282650
115826347
105819460
148916535
63319218
113543558
196776670
47170953
192215917
9293366
151357860
107977203
166016011
152281106
62211789
172383324
198610024
37499498
268387664
142805403
196234622
184716282
178197483
67491119
231321640
254118972
264152689
195179398
139680809
217686637
264051652
232304964
104273539
90784317
131526222
68500302
122275026
68962826
184179128
9553539
189784134
54922776
134605976
175897147
59799701
48885433
241907683
28158843
112448032
151488498
263157409
145845145
141981228
13444575
245895047
89409661
152857965
119398410
208505469
20445491
182465186
186710130
148938012
118021834
152264877
173038191
41925506
177239356
107950555
66415369
8334830
192043871
92787652
166241794
153974897
88011402
206150334
215253775
156186497
116190903
38241966
157348654
103250162
260159843
248069064
260037957
11745549
62992496
19562018
246630751
257244767
73505569
21227602
189926148
117701693
157249147
111934624
32424216
90878963
164977502
88664734
10675186
101367267
38204002
107459055
203429718
44376782
202373322
241152949
20221736
104330534
116659048
84478636
136461073
133162965
54098076
110060725
240103440
228171937
64286741
189492542
112052854
215578524
253857976
212768345
169886294
24432102
201665915
138512779
240598451
196123440
266324577
196540017
267736115
87441095
140468911
143918331
263622010
115676683
171492026
91704760
202999789
13008528
19767488
47581305
218256541
194148390
109987476
69180768
18583145
195904841
57488126
61266787
36114833
64669620
195317434
33157015
190675972
176550833
138524100
226534931
139835738
239709677
148857593
36158461
30381708
20673345
13550404
176782653
267702301
237426700
210207850
121454238
9407876
233988257
163680478
85780171
72209229
159907152
60398070
21622053
52392135
32826703
188538861
111330525
8638326
266528071
124886605
11455209
76146820
30765313
147271442
137298207
34555612
10775646
44276109
15721605
229498604
67257499
83189278
107783969
250999213
29223992
233075933
43500313
135576542
111634125
176444047
112106679
155088003
39109774
97537444
110856290
80697395
97634053
57496479
143668519
160791423
100917952
193882883
78978126
83196936
28516546
233836033
155089823
192642007
159039707
10181233
62994865
150645614
85243250
206870157
159148605
35241205
151500089
244065376
162638537
71470663
151849791
172641794
168056159
48485219
139313107
198152895
109418233
25326875
97864843
47962594
86972029
109803450
264280030
204351535
215466331
161028756
235832676
162715280
122705788
16235730
43222527
140644285
121237254
158971775
24321794
122373855
114801398
146402211
264190896
85552003
49922665
110629553
3687255
117539153
5663085
167278844
241951394
126678164
197403383
150381495
162501668
232216645
46071157
92966702
99530156
257277182
156838857
20751475
32785583
32505631
135840654
90306673
48007625
213384536
197509300
171962986
236369808
52037214
24942625
82050592
27279052
113198073
75773311
20618373
218015260
175765983
197795791
159957432
189923421
133487756
35549979
62684497
70737231
29979717
165996930
230219073
125325445
156164391
221082430
82402957
132945952
255612296
262617625
152195325
158494216
32508075
205764790
162329719
23444914
259673549
156738380
157718391
65061263
190241759
52218901
249182240
130589401
9735664
193979743
141252049
248800107
60574821
23935929
2758438
238214631
192814676
150064710
23789855
28281700
22105937
199681587
33780044
242197306
7228427
232101013
149895530
46020440
168516460
229487518
262636992
90392251
61956597
255415608
61595055
168406277
264041914
113498667
228842471
41372328
66047260
181710862
185230664
263493123
203744679
266470266
30715990
143650435
220809039
228923996
83822098
121244377
258577487
167056685
138138027
178851773
62534367
123063563
224638311
128444761
149465539
15400827
30608041
9693143
141906698
44687153
32055917
107599813
193079536
210415346
201539786
201212001
156660226
102646815
157858644
30353919
29913322
104845604
180519262
101915107
244087151
39548682
236571243
266883405
108958388
91977496
22016052
69329703
142092224
254539021
83489354
49382651
248365189
106672892
105328394
227056741
227959038
224924868
95810183
215760345
35990702
103020555
230382838
173520041
47913986
2429208
27841360
88339607
220905883
223698764
134111856
91515209
8219929
204140803
37287329
227745425
115350996
262077168
257607003
28817338
3020232
17229165
172895784
82686667
167855759
12810138
11828643
132354563
49591566
209149224
171391425
166796546
110745911
155012461
158002443
124445722
266763843
155234271
125296896
68339970
173947873
191973466
199430088
173183970
136788430
239814603
103393690
86352681
11381027
148143161
213274263
175109809
138625548
151274940
152162823
86309032
200166422
106857523
182623876
26133051
107742410
190179301
240450735
257773213
10538804
232447506
54589251
230087420
58105274
257993769
193433177
79251555
16538773
104835474
179809235
19929969
86802949
1398394
84833819
107041451
80717688
85796336
159117422
4546695
135558179
36903004
168113583
97898729
39679797
127524301
192625870
182794772
62894480
161796022
77844
213595775
134143278
103378049
114610646
171455992
82984664
145291780
184850048
68192617
24463330
204198244
34257964
87592011
105724045
23535783
107755663
186038907
155311953
221052647
84303229
72692044
191489145
130399333
31180456
106423564
225465578
10767908
203918922
133263958
250528491
67770730
127791475
125491031
74454391
235114565
64319583
194261298
108232208
91302150
219807855
74445568
50066219
37622490
180321199
109036163
76419223
54582966
108762404
72446765
72830097
236291646
20323985
135542992
99915414
113998453
145531784
137347757
69145614
263859741
138390365
197894428
32651472
259243906
264823666
177995582
13017538
108517520
126878939
58139962
19330911
63806551
131580498
236860248
200018395
165875529
5043635
87296043
63524214
64589805
223724760
16274969
263034171
236195076
108366208
37219593
88802427
138273700
191402347
120403208
214830988
55046782
249395850
225248613
150634869
183401674
151558168
133948589
38752861
27554725
245400495
189798887
183119871
12219752
185777630
68401754
90199110
244092842
140581156
190563118
263037132
255845631
214367161
182392140
66568498
53318646
267090321
250154383
163450639
23848932
109671662
50052739
202679263
243203713
3970852
6472179
166234274
35249334
134446820
122576997
261929410
146503294
156694158
86015450
134328654
41039181
65726629
166041876
209587587
56672161
122270986
179277877
25973108
26693438
253187757
142886260
42367241
80204749
98256441
116490895
29244657
63447533
82901121
161026172
148850971
1388605
179564936
32197461
153343589
204363360
160514072
2265376
212070639
99886281
44137531
162715114
170268137
94895442
264239606
184611168
9775107
12274280
258488327
100145782
83672239
246453403
213176666
25447803
203687866
37675476
170508864
56572821
183289694
60939646
235993698
78916891
151378227
29183840
122898194
149096410
15054883
11462496
119469129
196114817
2168134
107736247
162622887
233727027
102225360
156501150
178875625
216620599
162325647
119315858
176798205
211909482
113456409
173630513
78557898
165917992
59347504
31124727
161693156
9179824
109455938
43672594
36723308
204250297
214255994
67856615
175387406
12870400
176183310
18853856
127345928
236773992
148489467
24313038
213087458
16315619
255405068
208172468
93837564
202767882
103422136
25852997
41683357
166601328
212022042
194987349
86379080
186222412
71208388
15878576
42716244
154083641
32755448
25367569
47659619
133805727
102117922
10030575
246325290
251998199
18559127
102222581
23764293
189034388
108100292
240850177
216632412
47550809
132497622
73197809
262792956
177698231
34771433
7739522
133988557
236471529
140384110
151598509
148487657
249454342
95850500
116630064
95865404
246298983
161348263
245790281
205179769
250660937
104691150
10276263
70455848
30761242
13987772
14096577
103094733
240347506
90643832
99845493
131021506
232516164
82087009
87382381
85694286
112158552
257684161
50975449
60369171
2512095
234014420
26224916
263328900
10251858
220620866
6289212
173420802
180713254
248664666
162008942
226896427
267701288
230312141
148485359
133483359
187024860
132686902
253533887
214084893
12926539
216274563
140418384
254926618
48875074
169501259
255276930
212354880
21305251
35344781
209532220
134797876
205506772
238893865
268216607
113880383
171408694
128974496
93238996
35305818
145955949
35333986
523243
57327306
235255239
195498475
10742724
186181444
44870917
181018531
124868756
164852880
144674879
119992845
45805354
71761565
234216176
11174505
241242519
119049468
141484809
19060190
36993869
169113911
187334721
45182488
52761995
122874748
176388044
121049397
23374123
92054238
241673707
37231624
198640555
1898482
84083420
245717078
54131492
192805515
12567088
20613064
168768229
6944092
106759685
92120441
138199724
160661414
135666001
136177010
199813941
37190705
132015601
191407629
189084789
42317645
178063285
243125549
50092347
107480827
232358427
198500768
61276375
36893683
29590739
29437282
125618198
267621657
165360977
158649457
171473828
255748662
146303731
135117382
110432367
217237944
25799045
68021932
141751025
156062758
114155386
88939133
151553254
23743293
263248035
160547709
215180843
203959049
255488848
91449226
100757965
126642665
98335708
47740401
167394330
81137233
219702176
247852137
64248813
217359868
195341382
221110041
162833093
4303300
6139197
149476915
173706686
206893448
7197961
228806245
109831381
89423221
87271549
213103206
70687689
59622613
203231479
110392712
1443466
151658465
109929882
127103084
26808587
52861418
167512148
248029215
167465985
256497270
50613231
264264654
106162773
177381363
8259808
49359245
72501258
105502183
133181834
223004996
157972910
108592776
232729280
156828563
98740277
69956435
682393
31051357
65369233
169457219
4841533
183204161
135015355
133530726
117602375
151467467
171018657
32871389
133965359
207518972
237051969
101463541
144320318
235802673
196514213
134781072
77074449
77263339
121594586
65592664
169287486
51969205
12550674
63376361
121523172
266505227
256340839
50199020
68413042
108905807
137052915
73083544
127992108
230363029
108943463
215015201
173054662
123252064
132871336
165732731
267836538
258521440
73027342
190603902
218673983
232125545
49427237
208676954
225723265
175446516
68702037
38217604
141570384
240813182
58445942
239432259
236203861
165084372
205586024
47889661
247056588
217879363
256799601
165077470
143997175
188072711
61956089
154830263
236206894
105353902
50026598
28201466
178828146
15722190
2973559
171753903
240253026
77059387
232540188
22736993
79236899
54284792
63140102
85384209
57339866
91392464
208165186
262633035
139839063
254774111
85577917
225553860
5050448
237175139
124972214
166680790
244897711
213929719
47793503
94263646
236366555
226689312
48464240
233410582
211923709
229954327
252578118
107837918
114998918
27602363
451975
139926076
243464250
16587498
135655207
53112862
257673128
79078949
110551395
97084463
63110684
197199433
249820923
268136801
67465108
106285090
48019034
203280540
48478178
89453211
144370475
70036753
31983848
244154170
104609071
63838068
139306680
4432421
169555555
99159823
100768178
116245320
171846350
152042307
55633792
121382161
205002190
193192770
236803018
222548177
87336023
93359050
187612041
153047321
62774574
160155702
44418265
113699173
141764890
170111254
172766630
64901843
20450109
97273128
182802402
42441474
180421279
21816997
200189987
110981838
55416036
133891932
108475149
45758233
236410535
131406446
201889627
14199848
29123534
17134932
174500195
134689643
97871195
211384242
69182844
260083281
191223986
217144769
6946908
125673155
77522777
103611103
215777632
3347669
219745197
228424645
129631918
233508521
232413412
167473514
97544908
75437162
227093177
88117492
53039896
130786917
34166274
196917534
143511669
226538531
22271193
114457892
148640213
198307661
6635992
75933012
57117543
25947196
95779777
222918412
238903523
21591274
131797149
49372001
111184635
55178279
103682683
118229019
110572745
160441173
210546572
140594669
154816822
197801241
45812319
260008359
16046706
261252749
214579508
79514981
99702360
8874460
155613621
240806743
224170281
218924366
120243494
77201176
69686819
119633452
129674260
212212449
146242504
169213660
194643742
100775096
184122487
196876571
79128106
63769134
157528703
69983347
218928533
192688833
231530709
136680091
225511434
16639785
153742864
242391259
51695840
12933918
79433629
706830
11154324
170384591
262289651
169973077
189366234
58540325
24465416
224547573
61744499
180657815
159881095
134503474
238021721
91831487
170731609
58987699
96044740
168596168
139090466
34831373
79164439
153868186
184099202
239709072
180013667
100033994
249606835
179033832
186040328
81172577
179656727
111233012
237646491
247821576
257993834
46548649
120362104
229297665
112986941
117704635
175321986
191223655
201759585
53612336
163328495
115408710
103566005
43575918
26554001
113522052
202859800
172913659
133569608
39884714
3113360
18612917
10799398
158737542
231331255
163250471
171422443
194125241
260728268
166302152
1595089
241205613
185581564
23019150
226190031
201622436
154786031
207016763
216332815
112515595
162788597
113300007
154313626
38363007
210432172
55602492
144511443
216152327
35271356
116930119
57958232
192671242
239955369
54843771
101062878
121443035
14172889
20710116
218998410
185657344
231996957
245411586
80195171
20737838
176909704
233537812
173103950
32260476
244926138
102222382
138973116
110440513
52669438
90135129
162535440
169102726
114582673
69169236
36062073
24032988
179759714
246467645
24160300
45083643
44697972
114297485
215286249
51565730
18298378
48779227
86054885
81435144
33447195
31979728
236934811
45767358
194252279
53835622
254119561
239964522
121292987
216506338
66421450
149905780
104649913
96684925
104815710
175683730
202323829
53192970
63602796
130769593
233673134
263238498
132591941
88424980
25488771
221043063
151287685
124477624
53255488
216866356
38219857
61590026
92083519
186387977
122443009
3695575
246560520
261275941
142213369
38241512
58565958
199547251
98265530
247719321
71535861
188638236
111392653
136043669
84097616
175545428
223878841
243952423
230969506
167098992
11916400
177209924
176959407
47807843
92279638
243551083
34113761
173067108
67554851
96337422
118643682
229023610
88343348
143681438
233626830
214243408
253245571
92283118
79654143
181998674
162690065
248750134
172624684
249414212
7165443
241698654
240142509
170715276
71162492
206535491
241696592
220771354
147216204
145516980
150896864
196429922
23225621
56964691
34196539
22751823
62583022
180288460
4213892
63138935
177451957
36440190
192022800
187693327
167144362
144858613
2566559
15049889
192818857
135999993
209467531
13011340
192666715
126260931
72344028
76737107
79718466
191062572
157211396
817385
82726621
25435147
61337225
74938787
114701928
1682309
411844
113459955
67695519
191473040
86701765
80351833
19018172
228844002
55218280
117458375
76089224
157373387
147876046
114927508
57552128
50395770
219443169
246661921
69220172
65661342
163036166
249348163
3401311
212685848
181562795
123529815
246104861
197184176
163404824
166495697
7804824
146886171
166680849
246247361
166019040
122762809
29588925
168546309
228557866
72930225
218721505
149891370
186213208
141651322
187596418
57055870
39865986
54852824
10746465
75565535
29641107
74228326
264441887
220233575
140325693
246332162
163256653
247043489
41187592
265666906
231050806
1905916
140736446
174495363
162542338
94392706
130775562
59568014
251415121
65128319
259379428
150809564
257485162
171642012
100488084
16628388
92042959
26478593
18231558
187359075
257510100
47503043
43455029
127287135
81535758
50743651
159976106
174255284
112327637
115346613
79551217
115256025
47402543
83731031
128516620
72486208
257434013
25370322
95025216
122070854
18888387
216710896
231935717
11265192
24883552
185848943
89452147
244989664
230904800
214512267
230872967
190731836
182669404
94760447
76012433
95151686
196366042
208481482
217949738
24346079
118167118
102596040
40531854
116326180
120586381
76569563
2235780
228170520
106157779
117838221
166110678
65046064
217934525
219979712
175861454
36684096
31590329
232021179
109077805
30141060
217251669
114639012
89940388
226710345
119930497
264124993
262032779
149121595
121738584
223537437
55782289
245993220
117774456
119099696
119659989
186762760
18595575
141284809
265076680
20236219
68547861
95443223
195222279
77263207
13527513
29906758
17741997
32363314
137854550
116210779
218508122
153497436
88893948
39342679
35507844
159796876
33332086
71668407
242221919
97684066
169650770
9528357
148728088
253287612
10857639
175202370
23779998
180770225
260252111
26201114
257880597
243981905
14490729
170180428
133789692
218615819
68957350
3357625
108483689
63952169
98890493
191492921
73666027
38049883
140499316
264334479
136746678
22679909
177431020
152198333
6061735
138686876
107641307
7397434
264116442
21498027
55033302
116892534
135293518
64254004
165747477
150860565
9078472
156147654
98318695
167597096
58838193
41025300
239942007
98737272
125543715
255629289
80283806
90371436
123826497
124310103
41102186
209530427
187569482
256347323
61012783
134865714
57375239
257628313
124583504
48145355
52821947
138968110
82355644
235104230
158929130
25228101
89482129
266803621
232003597
186136333
46681401
129502746
219462367
244563634
222540212
119321115
42830358
249169897
79495871
151816729
208619452
203298311
99006202
48976065
12418073
142886541
53999655
90636396
58566827
140335290
51194325
255620931
80888866
243021654
160845375
167361418
127657081
139968433
54358012
216308489
233029727
73985492
202316695
199942392
76242282
234310997
72303356
94883501
192311200
223177543
71819424
73478658
140397792
24320076
108470547
208471308
152619230
123065214
81995254
120063884
209363011
195566003
226781279
238779498
29758934
106206301
56808445
61934208
20781331
12232195
1142836
214845692
144309764
115290057
185996302
232897050
155520755
55187711
245435271
251750318
105224383
88788000
48952123
97110999
6708378
16369501
177988937
168459642
142284420
74937310
49934201
77654861
258184221
54513668
242703917
81842776
170374821
75474027
267673612
82024905
75838032
65130836
24770431
5623441
90659749
134026807
83302451
152027506
144384783
27725925
236059163
165911842
153402126
35957118
171419710
145931843
121052957
107524707
136732394
209436924
40966321
188483516
147727087
29641782
35032192
63354939
263599847
217704335
10040476
183267481
257656709
68836782
178103338
177377142
54959816
263203237
57922099
12207943
203373987
233260494
246551112
174644918
68000827
160357236
11943398
211136436
64256486
228661131
92974305
159229439
56806480
41343868
119297644
114367851
25271387
90709420
238280697
169135072
116576058
265208155
172241078
105212321
13210280
138283411
206459444
49112176
202569973
226063871
221133685
102089122
46141047
135257444
155401076
262740209
72658955
98166592
33092293
16318494
189234628
149030292
174530325
37850277
174892741
200808701
238864682
143150279
30017378
31296662
238464576
74450306
30809899
94999426
39637070
152486512
148302379
199451508
247795121
10361440
254409798
61933853
119212977
84191581
1903230
194119672
105728974
162635103
71423289
1458367
72658578
62812680
237912241
213549922
153730104
9531065
108943484
30587040
94115725
92893799
228818012
264318088
179405399
20441006
191558724
244712179
213757019
33517131
145802599
22962006
163248220
221227668
139494884
65585930
30599948
156066749
53364308
119264346
103644262
71370446
218784806
189005452
51154444
266381381
97053012
14539454
80219115
260137730
52266765
67757742
50492175
266616127
53268143
73911129
159288773
176861503
157356198
32102646
213108927
243626483
146058125
93696983
170594232
73514018
251652052
205742918
108691450
9126739
63830195
20231038
87781179
222145319
20280594
148003406
25488093
84937994
84942467
177269918
209314062
225495595
4131777
104319559
18535142
225137035
93053875
259653074
171252607
109617101
42701013
74913469
126688912
68602698
150094956
101649717
102707234
15678477
140576678
193189824
41847244
142538833
23170114
145399243
15327452
5383995
227213318
90649708
27059282
225417088
97535752
7173428
76215376
135899339
113834092
44058724
177405897
116792719
236628161
90460564
103436708
77093585
151253772
213841196
28396702
86754796
219528861
60135715
70152583
92455652
119861091
147704337
249417781
160833110
81696871
196195993
87690602
18717223
210161785
241484263
142152708
61498363
247260740
265920876
6608743
20628844
175120955
121948688
140174389
1474490
215851517
158090888
196653398
140309808
137113212
221252495
71476842
36657748
192188420
52650514
113199566
263273799
219591307
244083987
195388689
51493198
149099730
186859641
56295431
130371178
138676470
167632184
19502078
243503466
197212959
234375787
87077081
86656758
65867521
91556628
41873254
29699455
33953495
154676024
107838463
28657536
261970889
218092191
102720148
151812377
98939479
218516055
42648463
128372795
67028466
210995
138974014
231114486
249685867
103175325
84673046
230257830
32905450
77666531
119526324
134970936
94992485
189446123
25326341
15617489
172177549
239585226
92132595
235653779
24714102
157573724
260087406
132219362
163434133
178879018
68791427
258164888
197646232
211259835
57179046
198284352
230092250
146256693
144033826
86005862
85751374
122348172
214945286
151946992
204420864
33988763
2082835
16799467
186370820
253066067
7900062
252030789
156505723
154116072
110137000
268094151
188094897
16026839
226363859
19037602
217146512
170851900
228654097
152380366
94027172
254543650
14232000
29546151
139614670
204465226
79089015
81921231
180228362
23265670
67441918
129036267
28576895
147199195
239970468
213102881
55652753
93708448
185361063
176198340
257925503
226568160
191732512
101063062
262580573
23400009
106762265
68822763
160067003
68660015
59344350
25391699
105729761
92979716
238341610
25137222
203169768
164204239
229815028
151725174
105801605
9696773
186131241
223615289
108776990
22148766
181348162
265093642
24385292
59418830
52364544
53159125
173021898
12928200
240565638
22542936
5296222
130601818
201626591
212854298
65470363
231623366
251322462
194158805
245974585
49019927
21306119
9613343
88198495
32590050
233604230
256179798
198561708
85874071
69216825
150051643
94982917
54784461
21540674
31650442
257833995
233854651
201101794
210850824
6891969
237732954
235454833
94567868
89996657
901345
88670385
163317245
215834711
214845350
120423360
179764348
184186258
23682174
55527033
265828386
74160827
241985940
189358266
127495043
161964826
232201117
63640444
264085237
27159359
206144477
255495852
169459112
256913395
223066631
108778536
202740112
193128335
11451502
46147280
265285955
141907624
62393536
213496287
196265113
59262656
76748578
29731167
215323067
198144508
24928810
168756740
256414624
143905978
230799881
34012073
171470805
205318391
226960213
62809256
155912440
209391964
172192341
137248386
257170076
154963142
202300979
223937309
213669645
52186882
268385145
190892314
54314144
197580081
80443986
58455709
13368552
247444195
29339273
141546314
198224126
87112092
122113170
253756061
54794774
100573878
91689997
172261362
72292694
5305067
135981541
198480760
148463691
83428726
108469975
128016197
205627727
108566336
209092594
69215124
237780453
158650220
265751183
256343858
178050206
199756770
73629507
165031978
217608813
49796943
189330904
205277421
66330627
16647534
225652326
257620827
137445033
204575617
76409031
65966902
33637405
207584249
63662479
256382506
193731182
95463681
236902966
112351236
254971709
112058878
81443113
22274170
200060104
50296997
158567754
21570809
61854299
123076406
86978030
20999466
188086952
25972854
8649235
21033620
86204854
157596552
156842668
200063318
206473613
42616308
174942246
222318928
77936024
94031216
172136134
83940886
197677922
39771281
83929252
107807437
32453968
103190345
234971460
93060343
87444735
205353137
98562461
207208
55741502
118000212
64612659
49972493
28651824
200084385
110006585
100947071
169187632
63190955
94875982
24289415
174346659
73822380
114674428
234114555
213386956
6964190
249000704
25271809
95529062
213897865
265644924
225466992
82075966
248767422
226673768
89841260
77595679
251613871
191910843
126044563
101497982
107245669
154399398
169476178
39360741
212799842
96309826
254285038
30350976
129185314
81916333
12111036
217917760
110394450
14572638
176244664
246107393
163685506
166392016
177195009
207957395
27384444
113679001
7762976
116107647
170565407
23701454
179642004
265207533
62851353
14567237
67712875
151680536
5240627
45077991
20986223
58043726
23387672
215210489
263190186
248471208
57604469
139794164
263470361
189395266
155730412
196142331
34076315
100959221
88442043
109040221
64258060
212494336
48490514
88612070
1603806
211273735
80716284
92680568
21528693
201517903
244341963
226516680
177991386
187617775
96518715
226513782
118525984
200252316
56750953
156935522
87575613
119525464
230258946
191066291
253399309
16892948
30959870
34806797
233995638
165004010
124899805
21994751
141366150
82587646
190976019
3725792
255549352
73985112
130301738
72686766
84380039
76887207
238521712
133240921
149681687
107212809
55666536
109502359
127163346
89157544
94255322
234820376
133058940
210109624
248619151
42958079
257032778
126374183
165408628
36243984
83124863
162710263
170009307
33762581
2090310
130245030
266691681
1687419
214680380
154711856
91927230
9620938
145683207
138948588
56842695
29412413
32417737
204313711
267254708
21445211
93658678
261708084
185634055
88834031
17721681
87395181
255912326
20721375
79289576
28136502
79062030
254243112
267472729
137988458
129036535
12493981
208193986
21069919
22524223
24043815
134193446
3405124
88198809
103611077
242053317
206765902
208657064
158132070
212875074
20200602
232733725
88620664
226799098
197826607
33595398
166468799
178749214
8169950
167188694
134011249
88894164
81476181
167327515
144179599
136465440
99190114
263417767
202508517
21033790
7191
228967979
248753533
207183163
73620652
153860737
231586223
42683655
9922006
65186434
172648262
57506510
63017761
172938234
24521256
161507407
177270486
167288378
262611006
124943263
94078277
215460872
139730788
172873937
164070005
216365868
8389506
260746191
30219445
230433204
74641680
162263183
95487058
78048426
110429731
11166551
73721988
10563923
162808274
169894573
197865345
122621614
240758043
168493363
25287742
31564752
83444089
120390533
268054555
31391047
258042058
198940144
171802793
54125520
51238793
168120723
227575889
102767288
70821433
173835656
236776355
43651419
247697372
254940457
73431820
1197496
174304124
11470228
29075325
190022434
217943707
172737839
91085549
29672493
63730462
191551620
133343572
114458296
71167358
39065034
2897511
156636760
98394160
48400016
108595197
10877055
179459526
211455627
34083502
60629314
220081512
186204248
120882208
148925867
206874208
83289047
258009889
253296135
201110536
253737921
143458125
157497999
74924555
70603204
172844156
200409032
266350485
244651010
147096164
218417813
263420868
184264512
84385025
221669077
163461251
26209658
91955079
3283318
147529214
147323556
188665577
51989882
255110121
82354172
36962440
263059040
134892991
149335220
46986611
216781619
101557469
158531870
203419501
75455390
134103034
255026693
230509042
151483865
17527260
206862385
142558203
171767704
2500812
191604841
247787098
143349960
33181469
145975917
10182471
158145667
101403860
108647801
144213360
130662407
179615163
266692288
195642800
171148659
208888576
153514894
267188918
101383404
229609378
19517126
209305195
133400530
36043549
207116670
149550852
168238733
188890900
33605444
9085702
135164468
262913730
223102317
159488004
63156185
107636016
182148375
231699269
60061367
3127189
7760682
4039177
170659114
194132260
96857685
199152845
41197756
67933368
36009148
190316169
238021870
138729255
219776149
228561400
104918175
172580482
14281940
260824735
35171785
46781616
228768132
17315944
220251322
167016334
56978221
127876854
88007764
177095584
245204083
22679576
11353950
97051128
178548180
990904
173375594
94174689
121861383
122296045
226669862
233943528
202869552
29298573
135243237
64918773
247101970
239814682
150928685
153760341
224323146
8120361
222801418
50291003
170691921
6676379
150171717
251410589
155456253
240834748
130627252
107692894
80624623
179439604
169541875
39921062
127369106
238823027
18099220
32933894
153048175
249984322
204098228
128002840
14818031
185695329
239230844
93215426
32954771
157166865
118536195
22832265
266498304
83458712
90209837
115477997
192783679
261269320
15231434
105903462
38426859
245216398
115748532
85360292
49997921
18294792
170766432
15529194
192602778
97181298
170359812
123304584
70317330
117264790
71150904
150121158
165981980
198389731
33817559
230020317
174800992
168463259
103439503
113969390
192567541
172326992
258207088
52646349
212400740
192746046
99498112
190730541
78327400
73886943
193036984
176280112
124979861
127812321
227328432
141525898
121978092
217898911
177175026
248164958
239155519
240951728
236767245
211992204
203993070
140234060
71666134
225248095
56906977
137669286
39330667
147061093
210881175
73112527
222805416
259961836
87777780
71126735
78707178
76661735
99993235
60782982
227695224
170418801
134116645
55466445
48426636
143138104
150478367
80556055
257005494
84890617
82589817
15112170
211663607
83055827
36396067
44790169
154246094
12310632
112303762
55147810
111195165
95475211
216842117
133003788
67485571
111133682
105590762
557086
126617674
221460281
98595908
153253078
173369226
18896605
121260612
65347103
253859278
163976515
223012700
40111945
63232265
38177169
41352621
208012881
227411950
77009249
6627517
84700242
166908140
243855043
157034921
45452059
9165546
69288204
132911097
182035778
169323058
63070406
132225004
187132303
240221782
131011808
135050686
150961113
200802409
121167196
19731458
73440859
39905594
345843
194528780
195394437
154393607
4713744
120688377
239048892
87878320
94002566
132946046
13968222
106301018
92125424
29060297
218175012
173726344
89014547
124303238
194392283
73341506
213889112
194198639
211416239
151860185
40231934
61826421
3166930
175773465
169901635
9208694
217358499
15131518
191697389
25285780
145235964
159820643
266807145
86523499
154799855
227033387
162538830
224119904
35798166
224869142
58799291
174819200
105591263
189722087
206125150
154092571
235767525
102077742
211817056
122991607
215592681
124049783
77851642
253111875
3565115
59496988
28391178
257868272
252894514
199751871
232016772
188370668
255788355
43848640
81855764
51790240
100366800
209088969
127835047
186528540
169496052
184622849
42796630
104001999
90021611
193451662
20776611
17401530
155750676
103935622
6390977
221346348
38815093
153152255
214597781
142406272
137968540
78022103
79568318
74656348
148585272
125967321
13253616
249727025
52505784
208871343
16734180
157799437
67862943
238190202
78726648
160588629
98054284
169718883
264596204
136259885
52771416
173926734
11604054
106363963
24508663
60435984
236779228
100697872
1150053
195433649
18004849
126160658
216915374
211707597
256280513
169738232
70915828
108570399
204967531
175029557
106560079
164994998
55463163
186422542
15350795
55654859
72142362
133760559
228711037
42243047
155971088
69681714
104640599
102312517
79181577
33911777
231354482
118427546
194215568
122706937
122960855
172896097
42812915
257170643
4418631
126547170
168821046
97922178
77049139
136620166
89566858
1646445
6108487
16881091
85344959
248581998
134713230
237053758
35537650
188998573
190098843
17504074
67603128
15769159
127004427
77541548
43178018
209938300
248324701
168047281
220874249
119111661
32191129
200991009
213556828
134427741
79911638
43624526
67038567
129520458
123947825
106371577
60547448
89075700
73660067
32033072
236315178
113052899
110764804
211468132
90865253
184203870
47483125
247804201
165192232
169717359
122025661
95017633
72083557
34306683
165898147
161262784
7673184
255217339
145552505
169498416
13504399
215614162
86035514
106673387
178405954
179404620
176240619
158770395
7307661
79369853
253415395
67563129
89955491
79810214
195457238
46574493
92657552
191302229
218990638
185828166
40051259
266214346
210054076
156632023
91033091
20885191
141457373
222003385
160642002
207709483
6096771
182176685
216516606
116212413
152262354
142134107
259981010
112822519
115748573
4919207
95001750
215149735
9672445
214361267
154803921
932647
100658213
246798736
126085287
172465615
73390785
172331688
105933534
240861574
262506138
244544550
21360362
177903377
1835331
241014069
252568564
102953326
253905411
257277612
130652716
110907428
172269767
163812808
197263322
64734668
196094024
216270875
261145381
153911292
10297463
106702384
87944127
66750139
36698119
146703034
155139433
172653366
50776892
135968781
192737496
145089230
149717365
206917314
192912928
215851391
163598146
220942995
125764079
133389376
206818984
83425507
198410684
90499529
48560571
251157262
157558794
191262133
131085864
117496500
52509945
213379397
144496924
71649875
77902385
190965117
246286763
8343262
159788145
174022558
135266697
104671626
248000801
35778969
31699283
197175183
226384121
154039316
238965578
162325031
130196283
168863193
2535880
156873459
197983474
169696165
189365381
16890788
223811922
30002970
229015892
143247642
185874084
37140996
11311781
92997306
254266900
180502825
224695227
191529573
102738715
182552433
247758822
198425660
154780262
7957659
4259793
264198814
63228440
151789150
263036094
185373358
211542209
121717761
96334642
178534016
194305736
254306140
177314592
204583524
166680205
168772429
190221476
184671182
204827800
231711997
34243571
96664336
101245744
183340019
233840316
92149056
41500132
81665344
149700224
145176458
66688679
34769246
171005882
197666160
21161274
168632829
107686467
37577303
263222036
165165442
63236474
157067484
137006783
198873664
78257850
208493944
212431618
180818457
259689731
57338972
11389700
141200592
98397786
103467345
112927783
251240490
146063515
10332932
95702278
136705718
51309212
195078345
52138723
231997503
76983834
136527374
177447574
229196788
153881872
50169401
93901951
118042760
238224439
25133685
107838013
37378842
81644276
102672237
118023738
117238362
99453105
143829809
214516056
156099676
149400007
203476031
38480138
141686102
82381654
7608121
127200423
119642568
147680679
236042984
222600203
170978102
217583452
176100511
262188736
153183042
194430465
132214692
148958855
260842757
78911344
116356630
180224456
232183189
99268510
262787140
115351035
148874752
178470098
92960385
14217624
161677196
223250657
110077528
190248709
232439607
240308983
257355845
157645010
35696894
173871165
39035168
146935471
92849161
138178991
191014900
239700756
200881952
197678549
255701280
240946525
123135702
33045552
220605347
44736821
189445363
103497530
173493667
43260545
117497432
179601228
256115686
145171888
198466865
56480140
19723381
199606355
174316099
152559662
159836031
146299730
44593660
19541744
112992956
191635748
226849261
69338306
60826588
31318673
255032954
79384321
143123207
258484487
6035495
99923705
74020361
231741487
179295495
128446305
112895324
252680188
182783309
212645864
177257043
47625946
257041699
268098400
144652046
18864543
108602207
140322136
153526063
243725624
268083642
217728634
45779795
254514506
39757946
39324656
136971744
155944665
225611750
83770278
206768776
221390342
156875649
23701459
235727236
47634784
234697645
204503994
169044847
26431257
1964480
37650228
134142836
245910556
129606592
96335451
136093721
161445427
78226230
118574348
161425526
17133265
99790855
134432210
39788682
246921960
134698851
236555592
135957036
104514886
215838404
184777944
160612687
224835481
35629292
127790167
243696212
25598890
167792686
92597152
86012611
20533506
130731514
184047171
178599461
222825339
90957719
135030503
176410759
180122388
206655914
211424366
50545551
230596961
210837315
77980735
147089144
194330367
191903734
62361724
226665709
230125184
207102560
113874854
54458252
194889331
262784808
117876651
99314852
19022069
247517866
176813426
125386396
47454237
93912064
267833349
238394242
662154
205899128
92352688
82496160
156318621
185573202
46184300
29651014
223651719
15677518
65006565
62711347
212656865
106502196
225852638
183973192
95932650
190058632
173770609
188216375
251738481
203177967
60416046
68951874
147986896
126655300
15394338
188034988
30897658
75970582
233359588
260236643
6974372
144452472
78203380
163661825
166094305
195122634
79069290
206659317
172723853
208183929
71675569
143451551
146434232
125048175
138156322
23687646
141988143
243761543
215240985
163767965
172491927
120977498
4353342
256557803
173526433
217452545
61122914
53566874
35291258
29739478
237280249
225330210
162227436
54243017
235749875
156753824
154413295
179217895
165299050
117009630
103404822
34551889
197630636
119142705
97692610
225737811
31471709
152915870
69113023
215703060
116675641
258283261
56551040
121971998
50079548
221056420
159507232
37115019
66340966
137533631
122983957
36032325
143869966
28683555
111271417
186624245
152648949
246374084
104773770
221266646
164656035
66619333
163122884
15516882
223257355
135122046
32104200
90264251
139078778
230609833
177454284
260537993
227033598
121690156
156749728
217712370
188163022
19679022
242703748
230907887
21588957
25439951
104207380
196830721
171294241
63150949
173970126
16457959
79374299
38573324
213958813
247343359
245602465
3773770
31130768
36395950
128720256
198132200
219911583
8014313
251984276
18006767
262486002
5844466
198990062
124568685
249167003
21171903
81456674
266731611
261134113
14984994
90887995
1703451
116458261
192115406
173200785
256257667
216676591
236070697
33089123
110371129
77610257
57108968
11430578
34746665
86646482
182929282
146529979
55924723
45767588
42946865
194633684
102835039
245347933
34161402
14255216
26356843
26733181
142628698
40879535
190473173
11997688
48308385
39956133
91786648
263302564
193118152
97748635
175082477
30056147
240600709
29074436
247909503
89310360
68205839
56692541
222644446
98546791
100462489
242413472
3915057
26669858
13732028
179238943
106164801
147688516
255032676
36725308
242966535
168798895
167002443
73803115
208021600
237120837
218186451
190225158
161256045
196568888
177798840
148191474
183908277
239841813
27349287
102923357
174489967
207698355
149944610
23112573
105243724
162472299
84974830
9577815
131323477
257987009
114647475
215440823
202730990
214924652
78412169
181982524
242459416
52743697
31104002
121608981
92101407
35768419
19643859
177584449
210533025
242912059
216268139
30144508
70811365
207888216
196250382
219833280
21972135
221537185
167222217
245381574
60104679
10191299
27073328
250383379
234745965
53139293
182624853
225157815
47753859
75396026
19739691
82603172
48722371
233677660
123187108
191673723
3152593
89962996
79665145
81243514
212512541
198506870
43883295
239947798
200047322
23907369
122768183
73575415
262059483
3608130
44247919
89107666
203839101
165974715
226470280
111656129
165855988
247869452
135729509
68856752
173099908
65067176
126005534
227787005
106106928
131822400
37699706
158086940
61245614
79303583
14385684
252239386
16617089
258671312
104311218
36472107
17302692
176684329
81540848
168148765
14787097
207972809
81411892
174585881
222250230
51989121
224516418
140417693
200528236
174126857
9625539
216942792
1042416
109742443
100704848
212460439
160324241
246928568
263457665
60305624
9020891
242300990
116484562
64276389
42208646
150122214
13745216
37178502
236878404
202477825
110190742
208837296
116542899
149564693
137569829
119715566
43861091
208794709
12504778
170305135
135957965
84209350
148250322
147609117
177744662
130903089
40277999
225575749
239751322
243327839
175429666
148298982
200518566
175515398
212129952
113580052
94973598
58371822
205925988
231323236
216852678
131766599
102008670
8335035
91657229
46681711
80531442
46924042
207737866
41183408
92358918
214698587
189668270
180777440
263694375
106400059
15676925
217933198
100906689
80678871
198430230
257044087
166298238
12046515
28594447
232829352
143619695
266698801
266759938
91262319
