312296555
316694490
407885848
311424091
268602699
270756700
387233250
404688502
362265428
276419011
444641618
275977557
282892571
497197051
446508648
347166173
387837247
476945109
392210542
475268001
320467499
448569802
272008517
482210378
351824884
513605480
439060661
389008049
451880358
389438975
432711727
391032286
442314206
494553488
415316517
421088787
394742350
403927354
326684586
458780492
326844289
353138760
476173048
332954789
437547277
364773496
527120709
390471244
269058718
304904409
465854309
498626958
313957759
375906794
282183069
471943135
515170083
391432995
466724513
524507178
529556035
461935688
303934708
291883286
454952979
305993329
373684364
304232436
528358510
515213114
438448269
457053183
372843779
395721717
517372096
276172267
326820656
494583985
518512624
463940568
443503532
462852485
484087733
330446858
426896823
522754109
335046406
422997730
483379592
368355325
384677785
531886627
429290979
372236639
422854242
387097660
527344086
285576784
319462333
492378575
465639038
364910104
269288394
472510190
509573958
528550123
430395174
409417374
323651701
354998245
450565780
300135751
530202187
430939217
515321149
463013067
409821167
425181868
482105012
304919161
309552906
475027185
508369745
322859697
479192337
313012577
403381733
274286744
329650828
422893970
279718833
292253917
492817337
415685921
388772927
355399422
471074320
491378317
425242999
481125304
476202733
448093122
533107351
488871015
269952364
505780180
492721988
335582646
406231719
497775019
328526143
292650121
438266696
494326555
338103420
374053465
413937618
479572117
389431571
308777295
293359009
457942270
411162689
317876890
507588514
451082745
320372098
269408616
358313032
438698615
520264332
407193219
388809030
499814982
464457819
485970864
448857230
414861010
481858920
507651063
368340514
308939495
490993492
421646197
375128941
303302126
443375590
327940088
313919217
328245969
453344688
453172545
363944692
451806267
404316454
393737968
362428096
314726205
394710002
382072158
474571828
393722073
388224499
318413384
346196122
511120646
434077847
369804840
464591982
515114837
393053008
307871587
465230954
457734796
482026683
273972761
269281641
333734977
481616943
503200590
518052442
385953486
322265297
484270253
531529694
346930087
328593745
349548531
367541508
439440287
454832732
381724221
496666299
487953972
468771320
337647726
314450197
528632206
315587573
407474886
441109601
514036561
299887681
370407436
334312022
411787718
308762167
291364278
310289837
395444938
269801678
318645716
274459509
355543628
434630314
496793253
310485210
447004215
517432078
399425505
455499153
327184008
423734899
379172175
394170604
373997671
489445205
531387339
489466934
501951851
311828643
384572332
291396069
344921627
499480865
414417760
492713426
530116783
444403105
445366773
350542255
410364671
274780658
418898458
285433309
308049381
438920436
386911392
346896121
371680282
421314746
390877146
515739305
512051528
521348400
310521651
378629889
364440013
268924333
303094756
397830832
328764038
528918035
470155672
283840610
512058387
491644615
433127815
388763455
532488178
383644149
354302881
535138077
454908911
376981783
305920518
370769298
465059073
349038074
310766558
309738525
378604014
325586805
510625434
358635431
437096035
467521606
437442185
374673061
472322406
495327842
357576781
505576971
505105290
318869670
511400135
444912098
507867103
325962084
320803403
273573564
296772367
443372177
396056799
510461290
410839337
294013164
479666752
312098939
430875209
526673653
327648065
291140985
440059002
381275973
277305315
403674598
529130600
447234903
484419212
536592936
504579084
345138730
455954120
345396827
359148507
445342506
436179823
339759025
271183392
358084415
525808259
504027164
273688744
432095476
368452359
431056595
455846461
390196416
321856552
481704871
476480126
272438956
277917462
455879269
417240027
319509919
518229697
342991315
536517041
320237282
387453894
397683590
444063985
338910061
533799895
536173548
383853111
478839475
407088744
402837098
287317310
306377644
305274179
350063854
319012153
361533710
470606279
446130301
398822328
375271082
393762514
376974857
474072352
455829058
315050765
486418321
462530430
390440454
397659748
336495494
417715027
306510371
360114331
355319831
474095947
500816981
312836171
279955607
421569080
513679030
474248198
435979561
378381627
292809684
338076413
535207079
444600840
282370551
407693666
331773291
391106224
342970747
290555367
283214548
474404761
347124575
456226784
440401125
310369504
311673642
309251984
333299149
421288303
369477740
274031581
450261334
525853303
294540122
316212490
338249039
313390599
411141133
295198627
406147822
466379004
289327100
393849876
374898968
407869038
401806242
393023543
311967993
397693771
299145362
460756861
307106399
352629452
306383962
281135117
523959598
294939305
282323670
524450852
308401993
453147373
406158578
345671257
521544837
427304673
449564454
398308794
351580132
412092907
515286944
381237151
301073249
344982235
409967796
297292766
436961172
466814630
477154160
432285477
389141114
410379179
521869547
433890291
271100309
362175955
435300035
447067529
481653615
362762489
518795845
335047909
500459472
381739400
495396583
499131109
473807191
417371837
286744400
299637176
361902848
310833258
366675569
365222078
421277244
461019748
362019338
475668019
279399605
476448816
435174017
380216580
374978971
480020528
466098301
312390736
405105684
504943642
527196505
308407414
458708097
350880292
458001724
344851213
525323127
331460392
418333585
409183193
444675751
508644198
305864435
286319819
383351098
473335752
346619511
449414189
497351900
286490469
499960512
278259488
470145957
327671429
464660147
400797736
521393444
285142657
385588986
436073995
347593203
442738309
388906611
350728154
448350213
356745765
280757285
471732862
494644677
447734232
485968510
294912154
346983389
399419523
504171190
295000823
386674383
475062261
399643120
399077937
326556822
318411557
284898292
506024397
313418580
303373486
518637678
523649499
464773237
471591570
434841884
490595540
487011791
428124096
284009965
484590524
504577426
333099252
316901058
288265361
515772199
349833355
525816261
341764760
271882838
390210043
478122154
483619349
270928504
298473327
473503506
275057661
446824562
342228765
310798637
361157736
479132679
528342535
282776109
412741919
277218942
309067374
436680160
456956198
344283737
394137607
477977081
369980938
304114885
289159481
418119590
352405523
377247878
464675302
508523403
317630388
436195768
301029600
279539183
360273592
513902598
431457880
520508187
336526423
444692371
524108906
485883834
333227424
385122600
304487637
295170465
305538125
392840088
463748462
398801086
477087324
378751179
422811386
343007754
367569779
360746524
298124222
316055029
523401117
316197281
522941349
456842456
441530012
434454175
410226586
279653571
483492437
276691991
329959382
392721295
388565821
296727399
359745558
495412238
415033331
334647236
354872944
363282369
462273922
289442444
293936343
356098280
436208920
471467936
395959728
494302235
431321209
480344556
288256403
530884380
270246488
302039556
487928130
446636724
433622955
414644532
453750467
370260265
368207203
311783571
531007474
350639495
442045323
275968983
384255805
300772583
400979088
363916854
388434496
384931482
273401667
469020607
298203858
520722168
446942256
494035439
280233335
368440094
352993032
367961429
468209007
426756193
327845656
357237583
419547564
401526478
432369767
294948412
442669961
436582055
290200848
409804080
314305440
460373475
473617470
296485769
519621931
360077894
281089643
350750690
514193426
401922428
484534210
464859487
438712061
373000180
533881462
299905615
507074092
407369326
428865280
468233339
320498798
379664477
502431872
331269099
490290359
449771645
433350978
274641369
274725906
440240494
327717966
367688983
503791880
455526389
459705885
530005460
324720033
504351380
400907482
536859953
347264269
530948201
532995114
362995957
405992765
301560262
406769570
529628040
341016556
462229347
362902162
348876980
523354898
399607531
434966168
437071094
499957327
341900444
402789271
390003830
521232851
294170169
383911034
512129310
425579219
512573275
396773363
331657349
422667724
454961838
348788137
288576067
329753869
359279195
375772517
288220736
339643016
513702399
380434395
322183519
288526095
347476707
528645645
473168880
323014605
325470649
530755263
339502484
325684828
386726698
370901181
272274353
488761729
412627645
280853054
388837580
308540058
311987151
411926018
427867475
410559499
429398849
527237078
534398855
446513318
312702341
524366781
383576999
475804960
432734987
270203132
432686872
533997814
522614703
284246464
483823748
514275184
377443569
411262207
508861992
453981474
517523607
324774748
499067186
411467010
317433329
535195094
529549781
312536653
378593411
404479048
354687794
413250777
431238440
458473680
387377215
384168731
351605826
336516920
455585024
388377372
381147644
357929837
288983558
496480388
440058891
273424856
379661296
512835772
367191916
337310076
535597667
369585991
531046841
424118915
427357452
357682527
401909285
416617208
358467711
375202684
506709160
513935829
309404028
463581025
455192855
501345440
363457492
481141463
325612270
492029793
332384181
354565359
421521882
490673089
443631203
512356923
475254186
474136678
525457963
511471195
519121740
335890019
480172764
528870277
404875916
470126546
387138393
457250046
479576334
305941181
293860813
529757868
387574648
356434841
459545226
523724986
532341404
532745321
535842163
318441794
331618291
285827334
414408643
356758707
339235364
327690302
394657935
500049261
399325656
398814992
454374864
421475927
385611899
436680058
442214952
348298973
431484282
477076971
493747165
523470170
300445375
380189904
363970199
487199773
475467886
489562196
524983623
367150970
292943365
297847721
474752365
332296293
450344474
407302835
311216790
342428153
450504827
418740603
382625925
428738322
296389783
382065715
303933285
379473184
461442722
406076255
283326926
346562165
293437587
451631891
290583235
276231937
388764402
344778589
485506520
516705601
393548305
437494597
288510850
445608592
471956458
505698338
390442768
446248345
362196557
490648038
361026748
328701294
315126997
285128729
339305059
365266223
452738371
430942913
363671447
330137150
492092329
454922738
489820396
499800003
478198373
354121415
521800178
520956055
401812874
440515202
522354900
502926454
470528462
423619681
284801123
468477603
419191574
458830451
392257485
306999599
436206926
432233539
396084606
393143678
471336572
292180720
476888558
536520965
366463507
328880986
534548045
335994795
466406596
461438260
509303299
534673765
406682934
391209066
456746824
457835158
382447806
281852693
431863189
430555382
454408438
346736849
282370954
325812108
517389992
475768353
495427450
507660129
474577278
477178469
317128758
388702088
321512924
412668830
360709623
434022664
395860754
414315422
421986078
405386781
272646982
412653912
350484888
424765206
294536178
352836599
528712301
275605967
521800999
283223689
364543041
314136926
315569631
326217712
382365107
432153641
467438173
401989434
355445899
330938743
443508471
453028571
449168174
526807617
397162229
322552517
463483609
405615339
453368881
306952270
448144806
396860603
505546785
372089137
502798399
336726786
467865050
298027449
349085039
381688248
534546280
393086211
305425014
359264660
431299869
509396570
422531794
382921496
306273762
362606172
505404553
304654992
417788422
522499246
418703766
491875684
506424196
478256001
330140294
499655937
292544079
398314317
371423422
492119204
305688310
386924116
280933036
337456318
307342494
386640525
419295540
285789297
306945265
301528292
276226901
442922959
389453570
296026237
377563747
381485713
494461617
357697800
483021054
346406157
310010636
371198589
491744320
293631456
306920688
450927599
500787424
471541306
514894835
273445387
426744753
535747850
333562490
319892508
274499717
462022499
478440644
367002641
520004659
371441590
466495593
271402341
304553936
495873167
507478286
291670192
355348060
373481346
353139827
278400045
433034354
349407004
439873064
434221314
389846565
295060051
388275150
378295771
429357053
487600987
356829187
497322149
336193714
412165178
319304676
328781057
340912699
293065020
347485863
526507894
373835774
464598300
355944948
303098935
407251880
320318471
528514959
450171370
380565521
340826610
475507663
516348429
438092533
290550649
383225381
389691155
306748559
321293803
313609650
411395635
495841865
435436845
313037619
313445836
477935894
534150861
536716699
529228215
409309293
347903312
357521716
313632436
417135029
486558397
406121191
353115598
408289986
472115743
337989630
404054295
491216981
318018842
284060735
508435862
280320889
522459979
486484587
274349443
400487730
373128832
336619932
358430151
335285578
496038358
496685971
512586964
336360447
340906286
377569318
299605019
499493426
529746895
503581170
503001734
512424417
270851684
474487469
529708577
297397496
455966918
435589001
428024783
507865690
392241402
276337844
406693273
336196125
474229482
445594155
398230790
533452065
472731646
327728178
343825213
453345678
274925999
521526976
327285912
531291396
294623297
534617063
512155331
416775949
393923660
451123050
431491984
337410750
330994715
493814775
300767404
297597276
305064429
450086516
277256679
328187960
275827183
528145954
287706528
456032809
534972359
336534314
521383462
343015350
522054859
423912304
411933358
390593024
484016618
275473714
421757324
303742841
472523999
407234962
301197611
270287318
525328562
433206228
360444449
412919452
271154985
455614115
385801104
303682594
365078512
271107762
494926052
523977851
456325324
435878713
276577979
532503195
391330201
316717969
332087532
347625243
417491211
374633231
350490974
499317847
455963270
494291677
465370905
318262703
332664029
291290459
278397172
497181825
366977485
289791371
524212328
308670530
396244015
440771288
507937409
421040867
307778013
507664060
475559151
536100922
345145707
309451766
499818171
385046420
273113893
523856858
361501282
514720337
379841021
518292408
365064824
356050732
382163722
377129178
475371125
388280584
426855350
470890732
389051478
372896002
291919026
486941614
534643520
279592065
380447154
530377585
427395942
526597741
334588714
380197317
399531327
392756102
419038137
428632056
516425572
434617016
305044334
454363888
354067149
295929323
341343665
333572219
437365860
452101333
464234684
348021912
333893821
523574970
399661750
283660015
288030336
348026622
274109117
367394986
524586661
417701040
286137598
532334199
402814300
515058144
384686962
534616140
444007985
398464244
354372913
321846217
292249210
495622631
398432123
284974209
505281883
275227305
485880763
276766655
350032570
291082907
522041841
406814237
528257460
345925526
286970852
528457284
486113814
496329777
376911805
477015293
360699937
465515226
495157736
534857406
509026307
307316414
527684243
379411334
484884529
321263759
316734952
371904550
377944822
396141365
391224291
465733783
430964059
534850450
535756355
324768432
456512526
289933197
398766736
338397905
325461428
394725945
275495754
481009665
359400198
436938013
459170531
407604152
359815562
306051892
345901203
447758986
289248434
298791722
291634877
469656657
410212474
509749120
377755871
453357851
422517178
435450693
352698304
290793924
479773583
336464211
526081183
531284250
414020379
473187974
352819144
321382290
457048420
444172512
447666248
513177616
318615521
277750478
401155445
412672346
363314042
391552491
527136347
322750499
359378787
398097023
287464186
343670852
292049998
420348491
527917875
436139208
375840360
515523252
268990988
346388393
517859634
405653706
384313054
453103747
415815275
393249995
475883466
340510348
372829521
303597853
397247137
504513517
309154560
454089562
520316616
303356502
444339925
359291273
316915147
463102286
461329163
454159878
348159322
523235020
520499701
373248130
342814952
346947229
383670904
283275598
479816234
528097789
293732172
512418550
353433389
473422810
504157166
474908811
461840159
319936941
360165700
394966184
397294998
484709170
331721730
416705185
292972496
332942302
434817016
517406364
349363765
436113819
420549395
296421658
365701298
330092084
294940696
304993635
421643246
489236049
520060373
379915734
479891810
511853578
396338392
364880465
273761121
372399966
479679634
349905287
420791472
494285968
536601311
532226014
435637529
431506856
329056755
348035594
388815786
274245227
410720367
302110616
520106634
490512671
317416350
343284536
456932464
320807465
374817671
517258630
274584824
296058795
349606850
302995777
471486263
364905872
385541291
411158997
507309116
502234898
375282447
413082135
318644891
524538775
367321222
376042230
421761879
319411783
536186357
533252664
469174206
468492279
351880507
430085826
488059894
365860294
471138550
414798740
401737415
462562328
452045295
449799761
368882821
472909003
489721787
365752572
434980434
340446559
464943995
320973690
464797583
462371477
342287715
295246382
477563133
302708250
343662092
389652455
401137401
376973059
381358387
321481455
393510161
334604833
495049524
524969193
485814641
300085908
448317991
522094506
493832780
482608460
413290610
368868679
391125580
323596509
334926882
521598689
382019681
421467815
375283474
446595823
355732037
420251202
313216920
381835358
400079329
284062307
406906565
307435550
344076771
395292820
438632078
305605693
520920857
504776969
274557398
489737766
498661071
491754230
389015576
482628751
374785210
384636068
504387898
371703609
494007367
325702399
342935704
439026743
355892912
365916177
467061732
328745717
524902789
321912678
388028041
269528793
523918817
446582985
367173593
393455715
360080917
392283467
446608138
381718961
429800101
423928685
484095984
527952240
327733990
277907128
495212886
304652785
289049548
468562184
440840187
465628675
522584618
271266079
510644747
319383702
290817986
392957573
308571211
329653427
402126149
390933306
503798822
372720311
441065093
520321106
369623332
355525503
490780360
426746603
527060676
285222506
457170650
304772383
309146629
401166645
329870654
413171897
280568190
324968984
446205738
418329133
289085883
270710033
381782580
297793693
531998260
479004907
419264601
531126309
337297042
344944127
359180965
312463577
443065957
459308881
508080807
327368082
357133422
371708992
402336744
304873896
409223154
412664441
302096141
527187094
394501788
456182602
370191231
521158327
418352129
287344818
510788971
412044868
406701829
353912136
302095782
341068138
376879154
343892569
377039098
280614373
505123307
511999379
378370805
408549901
298357129
394294918
288939243
526049644
419051291
394850039
292675339
330768997
401291809
492707370
359380371
468240223
296379049
464653293
347441154
427446345
376886298
302318127
342974657
489317574
503712166
392919518
285779110
524403134
484348099
483172968
527996658
454125820
310911003
428853438
268667036
414922378
487570216
304897598
276070707
453700629
268806314
414789098
415518988
414344919
398054036
294080432
528181480
371096647
522437971
524541197
349900861
430071215
387140620
500980061
488820012
525277763
441293035
299387440
333529552
439662267
516422520
529442412
521172393
503270860
442246146
438976847
329518543
492916087
479049810
463181595
403595245
530725936
518734386
338394401
327209080
275580493
483893698
524302689
451533686
327216343
469842651
366441969
532384493
381038602
522914310
476634214
324475792
324953833
339740819
364715948
490471822
513249963
457499587
460206100
424084640
366945602
523447326
276170351
409909547
367415857
467597976
466129690
416469163
387018489
310804288
357003934
463253060
360353742
467685221
285609503
299546280
379965897
410251357
437396828
525644092
509916788
496002422
363269674
486958821
341223384
421633971
287244158
483178970
308137149
464204338
526905933
348246778
314690996
279405568
351149763
426025358
518597980
437737069
298825466
300361188
314959266
444153191
500788365
486647550
286674413
330399957
478763836
361367667
506935844
297517330
415765022
430971267
359140495
347132042
488211636
519738718
327504054
315043058
319345351
393795360
498325175
454523493
301682656
443021022
483317029
280576569
396082226
524160003
278574822
332636635
407618522
402484555
365399124
372380691
356351823
288212789
478133665
352918144
463795527
439854705
460462946
385172633
495949331
495268764
330234516
350536126
493419117
376889076
366979884
365136412
340072836
425433465
343158665
498993117
270339740
536115713
527357239
352987370
444784969
338664034
268708244
284516480
427431404
416932182
495242908
296022837
278808143
375281307
530589025
509826206
367563508
370465237
298056621
465523710
299034102
529390312
385839818
269596029
438404090
340777391
274673247
434804960
410526342
338932815
391299892
386686486
337892742
437325690
356134551
315135159
307395477
281072936
294174381
427903020
346632003
379543174
301643155
440871794
473042850
384682363
368802723
381774008
489231784
450188671
295369565
339381181
474693501
482218961
472884030
443038351
534060469
398350822
370878397
443631945
384616760
536576461
297743537
527069294
452009516
288117046
394144078
526851936
454678369
383747263
384366780
411002009
437678224
482535382
424594875
275588574
486939839
397950492
479241133
328935880
532033208
434915829
330895064
407238991
317812195
348966221
469748402
484770222
531002968
275019834
360341994
353855161
405238613
505832711
446065699
430968182
502165100
343732011
416748854
328736637
480839234
508579628
346412679
284935119
531992325
349289138
371188819
499780733
294070136
371891019
488130651
487343947
383315307
333500582
501161601
348798977
350205569
466094566
366727749
435006842
421655430
366797970
516092612
496246845
515077001
352680209
278549869
496458482
428292257
296414888
378368538
433595737
363913833
325094925
324887710
509751999
325182651
425030490
491497005
298467543
505923212
461246777
522960806
519615513
432330031
432361463
380672338
401896334
278826138
325207225
353114992
397116247
356325013
372020478
305547957
352355155
275684701
499894215
319285733
458941555
525441763
500670132
472808282
388394952
525082047
450545714
415282805
347574558
488217994
297954803
494673741
371317559
399378116
516544719
388013087
489089987
530755461
313508413
272196532
340227528
485816368
458206873
411385580
489986850
447320457
508214399
390960424
366576474
531358017
324225632
454091796
320204107
518028223
457480641
536855014
487141387
433078060
468622121
497037851
371645825
490287051
299631724
437796289
361605188
526682438
292790994
460311988
352904653
352537608
400240277
372715010
320309553
398110178
286570038
497505202
507905296
404672806
455893496
367676015
282090315
298531568
443447570
402599260
281390723
437957185
412759963
289605348
294654028
486494598
470352089
405166883
514182641
357251938
490469745
503385170
436377435
290578970
465500464
508359716
286067595
497179444
468012159
376704082
473129255
416084230
375787429
276678524
306028844
490214044
270598885
500744259
422778563
427572363
495446048
408177468
456552287
362089455
395942066
513155092
416531192
461790868
435182431
454241862
479747601
281998908
279428609
388116232
527289486
498141517
385213130
450925098
387105008
273787268
272018794
403986339
530476433
471397454
332104439
494582087
275392166
459990333
516101459
410998830
405957450
278285726
298013814
365550481
479037868
401042676
438018844
417222169
487862664
315114841
332894158
452748684
276115425
290598480
487899291
447458391
428815175
389047666
474585438
379880070
520352421
412201949
390988750
338294354
277242212
368126743
352277077
485708901
429923296
403354644
370907416
312452091
435379962
334418928
425518288
346876730
384648188
423383654
372226761
389878140
412580098
345282115
451569033
308774932
356409196
342156702
273737548
355308651
363450976
277515300
485065174
317167985
336545786
368063064
444800110
477893104
311024520
349545441
509781401
374385383
279210624
403994689
413524547
480232089
397944653
489998011
352295979
286558297
453572981
462613848
412166100
505937722
414962236
307300686
289146878
333788669
409383809
284794936
319827826
483509786
366912755
320280716
342929095
395892567
274488180
491550367
359536367
330079536
327751921
375349510
432563415
386587335
293173527
334253183
398358222
447156627
298985022
308582145
397186307
285467590
330939687
327410431
368240789
375860444
492416982
335187519
449943855
515688509
490361818
307406412
512936497
414405219
474652449
455989173
392900544
413722678
402590960
276193128
476899183
518081681
329999634
401778353
420782909
477001643
269444066
375478038
275012193
406661553
343297882
429892933
289756504
499783704
403220265
312211028
268791663
461123461
363874302
404915988
292465491
289143224
427319251
506023297
403699153
515525868
377428515
314734852
436221984
279116607
325978358
304703082
280364280
429241003
374240448
520674829
393847057
493647113
424268604
519059878
398148108
459763566
421104369
534488317
353521404
400432675
405452540
380212505
315897415
361184588
333894384
288139920
498422202
352610090
468513360
511614522
285638121
300758770
532013449
378635607
371821260
479575808
275928907
419928477
347101813
351050569
270412108
340960138
307004247
294568219
524048710
390127175
274691324
418663085
341144533
429584536
401407303
280014161
484255682
320867062
333084424
517413239
322786165
336383165
519987566
348607303
461221894
301517110
440852672
390493330
343968568
325685274
491866063
402596353
350135119
474766516
332236341
429019324
470853042
297845801
296432262
406543661
505514923
283185313
322960584
332503121
470753911
355102035
271847385
503076582
513711900
446825066
473800617
376173488
520511359
481046396
378598916
388847614
441560477
299359678
411247572
530789739
401363732
352170387
395595528
418402612
469490066
403916787
452260022
386106430
430400357
398875433
388775217
389242041
418619049
460214496
427101721
385076278
388095287
519195469
450113862
284948927
368515083
341805485
473431219
309008913
437990261
451799233
334601823
515140964
394785751
514747972
356419165
474808580
510925279
313491080
271523921
301384460
310859103
383335969
427889991
314578186
365171423
490789194
492708336
465523975
269168069
419225568
482396995
493517538
272532701
335814981
322167168
507176509
483472391
295532476
424034660
336653464
367150665
350219297
521749550
299106847
512898146
303325075
323147793
402033790
524172347
506638618
535518340
326254300
536627435
399339762
431593036
521659304
417394484
502689122
316705415
446856502
413014447
431035178
478962384
365521365
442098448
523722956
535909487
529325319
332813433
502523836
417914275
485763306
528651122
436129170
485197180
279966713
366172425
309700928
475429213
297137119
344782405
441530016
310779427
425335703
514536511
292372168
397901149
477906093
397274528
507250856
338793423
274469008
369781031
438796222
419799078
292047661
495679111
452920973
268925452
278673474
360306204
350737722
473365763
294781224
357658607
480870577
463043952
476290215
372980951
421375825
273366234
442340274
340798503
353823241
436462019
387915807
363001305
307530916
324386114
411739102
293904829
437593272
535664746
516709301
271052001
496913742
386926813
524547458
518161377
504928019
487675126
523965382
509783392
296216164
314440867
446542415
304171088
293090783
432837392
321640921
330086943
458566196
316079510
429781195
369282757
355527140
388425073
506758781
531047361
347140480
448996813
281820386
273905528
300702411
488569455
335358128
516332161
285740668
369235074
451708398
516277543
331017399
513235371
345440566
284893180
500097621
506066733
511579900
442817420
374834328
483799654
340860660
337277700
300418014
339917568
295448262
461883140
460304064
472471834
355808794
439671204
341361819
395854746
494263023
418360836
475638823
505592720
420262651
363227996
371292089
395695344
409873902
326176564
409372523
335818794
373859282
476585821
387895907
386689499
409239786
339229816
511271892
524403055
388923764
526242001
469451654
527950146
476244515
277039238
324334826
330904591
516066850
375817176
346630602
273699500
279070753
475268916
325443069
277496019
331804375
521425852
485872435
335420825
480346518
292158695
343016215
478334104
369852638
410445414
419757469
449331289
505025983
444280858
289617766
516937045
408743960
501016588
485808950
427677897
321767881
441186485
459758091
466941620
474514110
338391329
462873394
356195390
410810420
424384903
408309617
481078309
503693178
269479144
338710196
334918785
428126436
399384527
380478919
276795490
425377745
315400429
528847649
489262864
359534392
394422614
320884327
389917804
521621412
277551219
501475413
439725020
516974260
395323035
374403852
296651488
456310205
344072088
515169731
309822277
316585396
499630275
292741414
353086286
390602211
425298651
523489764
496114200
328140726
492363798
536468530
502418605
313879047
530211638
461452042
372182026
340533850
381482086
274002003
517904496
416594436
366130323
520928068
467791682
494304998
452475546
514541810
358387842
325984410
494036351
426170493
453350035
521543869
314279503
389028307
409820182
463611030
501125631
505938949
268665509
439463786
369366507
301134966
333342533
519881508
401255674
520505558
325942410
444792335
460092153
318939990
271753398
498171725
317694611
446088477
346458237
285499939
448159015
437892644
327953997
295333995
479354024
367703677
397859969
414205987
509795259
305678763
341775604
398555723
398430458
481358086
376138735
313463228
488954149
416718267
393631283
376845528
525151870
364027600
385584304
388350365
394663409
489245059
389921604
276329140
456376772
458981753
501311646
418643935
416238295
509701835
535660083
307668714
305232398
471785988
350513404
485265993
340826924
274245357
374041663
516957703
500065667
269327703
439109524
279847059
292551719
516155612
292302922
390386278
482635881
514057253
283809912
369530918
464973510
380284218
366286212
521963715
531671598
379127320
488369818
523317628
339214075
509570953
341819479
528364622
475307100
460809528
451190260
536618441
390533895
304217115
502049667
354085569
524517712
354790932
453802099
319439201
454039290
525304869
359634944
486421409
441085712
472357348
342822712
458798361
481265868
435941935
519355853
291576132
527946957
467931948
511485253
310394944
445815038
448055221
272950905
323210043
328924706
278954439
447710504
488782183
489773890
456382378
511494241
268579828
322883110
486421656
445646168
458138782
488211975
491247393
385399734
453050166
459448748
453285900
279044937
437977710
360211112
376685984
516884888
359439521
457873936
286357963
503943213
362886670
449834134
433163116
272768082
408422664
385083587
420236606
513019727
406754258
411549740
301048261
413687796
353580415
354958431
380143810
269552122
533708281
430516886
274655001
414602549
490185895
435862256
394219238
279234599
476734409
389441691
361465239
486823480
286405216
359095949
277729501
530541137
310364982
324296269
371674259
536506051
355574825
330229239
487568648
498508806
439754423
523966996
270168350
270846682
367685664
333085427
282022559
466806168
393242605
495097417
504105784
326243385
388948506
345323574
435441532
512406609
373894436
326225780
504958817
329011801
289356250
497546432
375572472
376256483
335012548
299544412
417522882
342123878
441860427
339913717
441165840
523511715
404380116
475350024
329004039
408651288
373620722
509566736
436595336
533153183
320904780
354289807
299892100
315474098
286362502
371784076
412218232
342775748
407856877
410781130
370521131
504455971
390306786
382488684
279497313
292803477
451712219
387507161
284942507
391452139
271125237
397484629
407574152
315139704
297181790
470536663
473685805
373743868
300287005
403750660
512056563
394555028
438044152
534748735
514529985
289199112
521059814
527271762
436232053
312459926
394746989
481320078
394179469
486725361
498543848
311196913
414467225
366260452
482610946
394077530
489715200
524937720
325008834
453661077
525215043
466420953
498012331
495605641
535997554
393127440
435225200
373943339
516849672
409402783
375045785
412905200
396542918
403843625
412918518
322865003
483400611
273645678
386441532
278789791
518110399
401269360
313588854
526735462
440600648
450546079
348625244
512906229
315898850
496422973
387899929
364674753
410455125
367199343
306105335
521420773
499564997
512173310
340194485
442122713
335171118
388081611
384368227
515158236
364200693
398448087
433813760
313627993
394167030
518168730
462461333
380174980
362053476
344924089
419944680
472849644
273715623
477741883
395845960
496974665
461413091
269624623
319590053
521493630
370531575
475949810
462678005
321955475
503358404
443037711
454669886
286421506
509589234
454203596
288014170
325655352
444222248
485992862
453465530
303830659
509259741
270168946
515729604
510583617
335713592
441422327
483697558
417370842
365459626
511060065
510918994
436236917
293686722
410028625
374864325
281011847
289681607
441035041
503972248
271761308
439464170
499978048
486352092
512775067
414917833
313893942
340539123
455703650
410586178
506423979
307175047
483241092
314587760
510975432
274563504
324362251
331739089
528460120
444079181
276914396
458117335
492534194
352097703
350529243
455828683
468268952
346535717
432078357
439882295
323181756
378694744
389453312
455261882
432933043
478320106
526109480
481507297
420898176
350068410
508909379
451736793
498912334
287022196
309905505
432828784
338060695
413318873
490007609
450323582
455452361
472604993
274423631
338776171
351131149
427686973
504947609
436857859
505553518
282774044
301781612
532619825
396533741
296067245
326460238
495285015
293460643
342686067
274310822
515420064
287222543
512546155
515322959
516546008
466042978
466850447
511019053
406523592
413762072
333978982
384333764
490928352
535724416
501993134
359905422
370121039
403635328
286970758
344727682
352773918
483263059
387522667
472170532
375298212
277863049
278516256
345306901
444420279
348976435
366119105
410163359
534636766
316249590
356945870
388508630
445630822
380646416
481352142
310432127
395536566
349523591
506670008
504364130
411221850
310319057
397670584
484085520
300537261
296020664
309523176
343431885
460724855
395312422
364797533
479837174
380275926
339302096
403225778
464052141
423601112
404663403
303494147
268620187
360588495
362883201
405817848
406083771
330411056
317369856
407220819
456090910
527984046
338665839
279424301
338644944
326803314
452043568
298214187
414446323
423864291
279946474
494200989
522409041
369995934
295168673
504915941
498308962
483742369
301178925
392477798
529742429
453500924
386859385
328259889
341034326
532661732
451267362
414327366
532665061
496305025
341749540
530033792
315857727
285545158
494130067
297286244
316704235
313636558
507430641
350207850
488805815
490479028
514004957
416882796
367732798
429531033
330436531
419696206
512242302
416170319
417067240
306478491
353588052
421559559
366503178
464957433
496533562
491537427
323136032
441921747
315405875
442014645
473873084
536106767
388440866
388179323
500681156
376878373
441690005
278616243
519887934
404088002
500121237
403949390
525840497
434049095
382649143
455988445
405610793
475852640
311377466
294573385
448672183
396618354
403836572
277579736
418443540
519119233
295706544
469800847
525940507
432210714
512325982
483238204
385833787
418996028
362730755
367475331
307611290
505601422
519329550
343587345
312403398
476694489
347217665
400310304
268826879
337253172
397930286
344625215
515319259
270964094
337395199
424539379
368789475
456143439
501992768
437540286
400247128
313146935
311989673
320067242
391520469
368132310
282046025
477870638
520906142
399154600
418598365
463730429
502728345
352347852
372485900
396208738
362354633
308129307
322862904
463672203
533548604
414971727
326000117
480565393
470472410
505753704
403346322
372218184
332573747
408315337
393852950
282745600
429743038
282758598
277329410
441528124
527670942
281736395
397628262
315297524
445729591
283804974
536405512
523522052
294949707
304833058
392052120
440108041
349906819
296391864
415360784
484731084
275337298
311517900
458352947
419011797
448479899
271862836
402058615
352336829
457873213
284697126
294304137
346186949
456402647
350020608
274385823
503393707
530957554
439083305
534285358
381592878
425341142
268964131
286402362
332101947
422403325
278500149
300242726
317493233
330324938
374593887
287056757
298636927
375485262
403832376
521525163
331667391
337009626
471710726
364805416
334194540
490563767
483434517
535344450
279820584
294466913
518496173
282364377
349721690
305462951
352968288
508290208
406550220
476331528
501705322
310833319
509192641
309650614
447099445
502560185
526149149
297330122
468214210
462093183
428322209
417306334
395678070
363692498
436626520
467626691
376379665
401065769
484667667
393941742
356234915
304081938
339871574
306596245
529049063
283622896
504422390
392627943
349022916
478508740
319741527
293592029
276535033
273973420
431208144
290236042
455854615
529002723
433975343
428452704
511558876
309659593
340870141
296726968
396299295
435966598
339817006
338345391
271666353
275042625
280282908
443467365
421625821
517750999
410656676
388466764
365797347
361959640
388963123
398821511
296974534
485246955
345810470
358828172
497236934
292410302
434271819
481998102
473982157
464123206
371696558
470098941
320421249
388014307
424504083
464453646
446797268
494281366
505234505
347818108
507661099
520302515
297046036
405885539
513907756
460556086
480203462
308841545
324172427
282997628
414176152
528625264
372332230
441937760
532948686
457576793
516812548
305987927
398829899
280776653
519423277
397031046
308551683
348619134
508417506
454230085
287980585
494919826
506508922
343562282
508183294
416166891
332261860
473616296
376232300
323932931
322955022
424196234
502114904
378769790
323519509
528345450
396886429
472372346
401714216
296235371
291733635
523613891
292627139
432489158
440396860
433059559
372899932
416005828
350066597
358991755
510390883
275323859
274422249
402910394
439678473
288175346
531135570
406984350
414304279
317808002
373955659
349992137
278156148
330114724
360643990
357181810
282805431
400991603
425089640
453314945
423551817
391137550
389541885
343600224
294523567
494291260
509842361
469975880
281324026
301635555
467349192
464755766
429203542
327350582
296251251
443703596
520451303
284200867
447328790
402612608
420683937
515123510
317051608
462155318
285513877
332527693
418539127
359562707
378904341
475885032
488904941
278630638
462527551
275341747
294082701
381008623
442338086
290240489
409420013
522023062
273113385
361428544
488979867
451765986
364051303
359889139
488372669
338382330
289597617
377559613
441241305
421408393
408193741
281859191
414452273
504162974
468221145
456858373
525157117
327987232
520420892
282921476
342036183
509058635
300087678
467905069
496795481
520017166
312879486
503514766
497270940
389378105
519920023
326009479
514108507
338300069
453472289
476620886
309947148
534843468
495165649
376487450
422771525
503663633
534019366
296567820
361533400
324254241
344179885
309083459
367967708
314290889
532201797
345792429
470757116
402285011
463618895
510275176
403018956
498161999
368487546
287157626
352517529
505317961
431486012
371144171
380358235
534442497
376645825
422130069
492999907
286272189
365128805
354802843
352171215
317672580
404543512
414445276
472619568
316558322
305520594
443692033
274572984
431452114
330307331
385340542
452586213
328244850
394107546
333945011
291331446
285217861
408363947
319603883
445425756
376516844
526148509
376810341
318710525
376565876
441245364
367812885
453463061
408801084
288577383
285874460
464402393
529491166
458119738
367747323
279918924
340165473
489346160
290794803
405920524
454279720
284993800
411476587
344501890
412588359
444515275
491729918
278932726
302576769
465253015
420489050
444174840
448543968
308067171
322900835
508193852
426591322
501728274
296449504
347649175
375226595
446632452
404179889
420089683
310082829
479596036
490133076
297776277
478198189
292656777
378906055
487011827
335961596
474850508
404076994
468540203
478988657
511053593
418316207
377316014
536403112
313919504
324962268
381995330
397181720
461086441
273162559
436970469
524054132
497157146
294299923
475187244
454134698
420172223
295140233
497541053
438205834
500440466
485999298
528499236
510783028
423647905
518233482
326030999
288594319
515400227
471055968
345487304
423692065
360507143
423330724
488258111
369020508
531303391
340620119
335736328
279094305
487572898
499805809
372492750
298344645
272243962
470374476
488177323
516133391
520754260
441594477
344174484
527501832
351244925
459311541
440166717
307334541
274308210
381790908
427429459
472386817
325456169
307441236
523217258
491539241
452080952
426955572
459969144
338144349
356132851
339252398
389315382
306186530
376174201
489279745
301897706
461245116
430357066
409645004
405967307
328479858
497183628
377460379
272379219
486046184
530945773
325812899
389860858
398819465
534877423
471888929
511957294
369885922
461868391
520534776
365851508
304211584
517094282
390024818
350877768
409650301
518286136
487706158
306042815
272120280
431387690
283871583
530619226
427081987
333047065
290244570
536393310
295893310
360474876
435946004
437271435
451161327
491003563
486523166
302471045
269141438
376138008
334098649
474190411
389406387
330328459
405378056
381789006
423944054
410908561
374309972
352355909
423743895
474146200
454345295
321923100
458926812
273254716
383170443
329619252
307735828
360989069
286862534
350848136
303908704
278330365
431446907
478793105
412554235
492542987
505257336
334339081
339724175
358428522
368983479
498624647
326195406
322896971
333026285
436528722
474752065
425899469
443896618
301673514
462760940
476757577
303129718
488407933
375773460
418193606
476585069
509850090
362792385
406824503
306672541
456171752
471166543
521206442
291999374
417742425
320716948
440895869
534952858
451707629
414821650
274470426
432432991
379130707
376288023
473987856
454627459
290618446
473628182
411637358
297740973
349252846
274167259
295076114
463541256
502743331
474961172
318759354
528251789
414708830
290359360
268581341
316014825
507682517
366076388
369143757
391302428
337055638
488504543
494529892
426033963
282221149
393506803
325795299
495998965
388547753
457176260
310317800
459516006
456552464
285887398
424976967
404494240
369269356
452142170
326508658
391584797
342396220
282151860
346810447
291105436
444567497
511008911
445594172
367675467
283212118
469471411
380357269
304831178
401278958
363706555
298813005
487795267
417495184
276309454
325412929
417906345
492533575
341586476
269191587
280687367
423114959
429750173
293683565
407593780
351263447
460896951
368056229
326410842
319540162
291679037
442600612
315344626
376128636
518609527
282321603
360615773
415558194
362804723
454832858
383995890
483901117
356913843
495486183
336657362
313668538
395025187
313896317
276426599
389271043
350342542
513816903
350239158
276053077
460670506
409856967
404569797
424825161
362560997
314787637
489541930
402578480
271475716
444333226
278393854
391523850
531372478
533618460
274090768
520569226
285013003
384977249
339731576
290963223
411557820
424674356
370755403
336724208
389291800
291198947
390458913
328856916
376519746
340485912
386573353
306356138
380642603
494751921
418005513
523071816
393674539
305197305
488300957
305626321
444666942
287467609
430184232
351631420
348671306
308494397
294677125
490044604
438965685
382808810
351509676
468333189
366895659
478028410
502342264
339384778
414669271
426756217
496538433
304701569
461852507
425683869
508995660
340371047
309298760
479428587
285957112
373071467
293530354
493931951
413403810
470865938
478393277
320643831
426306641
454999704
527709947
354199792
314764394
270589744
299724027
516777726
276946064
294524221
301768372
481662839
519374460
332351399
387216565
516319124
328545170
273210924
333921065
466458048
332693357
378659122
418103304
362751041
302188021
270821060
343463561
334615003
296466672
427723208
396134649
307066078
364529400
421468669
486781424
275105614
311787714
433256331
348723315
430324006
285829967
410958538
373485918
376334199
327775883
386189148
492164711
379264072
331152874
309760478
389660677
377864902
346407252
527216709
383971195
269290559
278971927
448287322
465577869
455531205
434305280
372043758
424470660
296302383
360659794
484800989
327530300
355201814
442781008
477204919
342952776
282817347
396047247
452962632
404653420
377994329
349289104
444881643
303572536
427970457
478277394
441443527
324344187
296882329
284278182
500404610
449465005
388107185
330628412
363005233
422073289
313589032
307375623
369897732
435150827
482844851
482579344
370890261
371939906
440519682
461332680
470936764
460592652
363832277
330632732
533959510
316815282
442197303
328375235
383542925
366663494
268496044
523319193
400665251
513490589
352900670
311842198
290375118
278048485
373092471
478121151
313634967
406809510
300723059
404321015
407012863
513758255
370188100
485525484
269731111
366795087
412941476
502086691
326964918
505487430
347571456
348061182
332018812
352777910
527179047
466925261
509493845
376597084
509947681
324070257
348854067
429308842
468484899
347709145
377081875
357984516
356593052
269821661
514099369
505211716
473402181
349427964
344254325
433157290
497147708
272327202
384902498
361121897
407208275
348581674
323020389
510479699
335686629
335532711
388300718
528468446
524984926
390206743
419897774
447788549
489587593
297611212
471491499
368103933
402093843
399442566
302758076
327036659
378892959
358537606
418204604
417080342
527482181
275744736
449944693
438500921
335755641
388907874
332914945
426896968
444728381
479705486
382783780
337268220
358213240
361306402
393401098
410216652
284727966
357801738
462784041
403617502
388193722
326912756
461318292
470828387
499770796
506023793
287115426
369635402
427236758
514475339
438135912
331141147
481383753
338409726
397048205
504222006
313162100
486984564
453439773
477516666
531216430
474497080
441961892
402448020
466546051
292123628
301893614
425537932
292723166
433944669
297618872
289532191
312795044
450250463
480830786
361983163
346237627
378646229
520545916
314467418
306999791
352447961
296169863
369182839
360243645
502474751
467356920
529956323
449584886
485658572
495236821
326590273
370999497
408951585
350835590
459781523
395841896
481510968
447781887
410547472
451980802
310096108
481840190
459137221
533044068
381875627
310775697
328757840
329541750
421392125
454867592
351468820
463258283
530596593
311271008
430226056
367254942
351402583
466208962
441165044
410263866
341974599
499121194
499233170
277040158
303163487
407241871
282462579
307034220
430236504
462491082
270064336
460340653
440862626
351801884
459656606
354245957
372435800
384403061
465740532
377582842
324170417
470107981
352258715
282148920
464940146
499582424
333857392
322569819
379315771
366232392
403382373
529663444
345635290
467276823
518493750
270517911
323034545
295545659
340936288
290754784
318960337
413393684
281648814
270074229
519815063
476809023
387834750
332388554
310792825
465287933
271293403
412434793
342638522
373667691
284932880
374562071
427549984
325538804
457286841
428027998
458769090
496007102
409541092
314397328
297192771
366316028
287528756
421216476
516760972
506977264
325647997
365334597
272034574
484791023
405699726
340049602
460916902
332996661
509186725
324759417
309572716
338982274
401975306
271189341
330060239
306094095
481860372
288684550
499058930
374672612
284194603
496847092
484979402
491023951
455663611
460122579
327306798
440990620
411307597
325454752
381578737
478005610
308289213
309175270
409669011
312921763
444597518
528414685
535156508
406618509
476572638
356160201
355981186
301322890
343472948
484170862
352122789
450512685
292586410
511577525
458984651
413033008
523165770
325248351
271185450
503523492
291533600
356563740
514153322
427864010
372537042
279625866
478812478
418729450
296104536
526792696
455271388
374213113
356013389
390822511
299408598
320821411
528452316
325811658
437588064
316911997
465570725
326753838
471885293
274768711
500651918
274706590
352703456
434387809
367535414
298550046
311145463
297807205
280157065
506315533
343389047
276109986
299860490
419731049
418637273
451838750
368244611
493645703
455438987
429386093
382893568
332410030
527195719
525924617
363853639
472318459
514194119
372491112
449795546
271234837
365535202
326543135
341568034
529899325
496661114
309973126
320789442
336195321
447140579
348791036
281482566
434223643
470765709
338585957
349519250
447457268
365122519
335206979
510801780
279502717
453940800
433739904
450826481
480924286
359638421
273086188
379000480
370930890
328533429
274441568
455866445
506080331
503927809
419889810
328104101
355956881
350453184
425929772
313483723
527435401
407202013
353127954
365563012
454815776
346407138
403806070
469522588
283791946
401731347
375689783
412868413
344374052
426892522
324526829
464645250
374985067
461563591
412215709
302241532
413515519
400446236
483912332
531045118
373813616
464036527
400103444
300834628
498698955
485097469
286335455
379754781
401292517
510003536
402672849
500890122
511387416
268690632
466984547
426748258
445879494
464473229
393784392
317680891
337236766
532742479
420424209
323761256
458959328
352368458
280835787
380359902
491117285
426589315
381875789
512593298
390906918
444808255
459483681
511800661
473930755
293318079
300309752
469535287
462257816
458812493
359038769
394507328
326242136
479425159
293631383
295146420
297465499
305473968
526694080
303128082
522748548
282704591
403088470
364377225
503705805
462944924
368469223
305001192
480980257
491775573
351668918
522091964
309207310
505046094
373936940
345644035
392721785
437979638
505783252
534052567
394197019
471460599
534434388
465812616
322666564
474970192
334093672
450693127
476268264
446391057
485221985
306428172
378094669
423401225
494549212
347477346
280473965
342336171
426273415
411080695
284219249
510071413
404211142
491929067
415410565
433902463
487735893
491351471
388380719
313830642
400818894
396059660
527202659
474884901
493332233
353028434
336842739
316356509
355405631
458818394
460758399
503726012
505804796
503629336
288927228
328099782
503650282
410488547
352712624
351395082
464613793
273523726
459677529
445845739
397058197
438341625
384856282
296392901
317223893
387224633
529343262
269707499
388560540
433691005
295132503
293977868
410344187
276813947
358286927
397044706
312894957
384565732
278467267
334815516
355146399
463549518
395053950
527683629
399108636
438178216
344705004
514586167
478903789
373860970
320341076
419028990
429808610
453357161
301206777
504701386
291625363
528306918
494589432
474659077
401178125
297655138
485216600
339536845
459102000
311391098
449433750
474523535
289376981
427624558
388955437
377457005
401802911
414503614
388397133
450265779
346839539
470271134
389893162
448268858
430249314
311646106
460136660
449710363
378850675
299727265
502012141
340811946
294346801
362761981
359759646
509268475
491177250
531459307
279639746
532341646
309887324
521802510
410340893
341569654
489298654
337779599
386393239
408912758
292189590
379994537
346703688
448796556
370284127
286550005
328511239
353963902
406378631
372117999
326823927
459866310
516655848
278816769
324576635
504951079
431903891
375765613
531602684
303207655
333250329
511782516
283345774
520077472
335452330
289409963
355465033
477242176
402021180
302369769
526519065
398200929
367039847
383353901
521771646
455779857
315640283
315580803
401907697
432161308
411665090
315206839
511161846
530201039
533799629
457901480
406567208
479149473
268774497
515722648
327139396
406695075
344856064
433104841
399486005
462938725
494641447
513563270
336511045
286785475
461789089
313591032
358452729
433383704
505771957
363775477
368067572
359997949
380769558
508673083
528363384
509728966
478290336
378068644
364423516
354666854
283786884
392898823
497338469
304946475
417202686
493768528
484825381
274739124
514334010
387470161
412448452
301002770
496697606
407261969
285612208
449667417
380390601
407538013
512531614
508097193
325893198
391784807
357843005
331959830
473535148
532267590
523656306
472780223
464738166
276806012
484339792
371034901
413632566
376767176
299417932
344014378
513644178
384338213
301363989
360357859
338631904
280680516
391919506
490111540
452082499
392880900
355725382
374998407
389377811
356049384
270594058
289000037
348942929
298739287
275005771
272855041
528627799
403222318
397299346
421353302
458226372
320403348
439512983
444468733
337448215
418813658
290289264
351446011
438761275
529702362
364527304
329377334
495679741
505078512
526184776
389696207
415061759
460961257
433429539
352724952
382367684
416500947
268950847
311018561
352289832
363261816
363021906
516704826
395810999
524214295
436898749
281755691
467955977
527794692
418551665
386409186
472966743
275385760
330640729
324921806
376047833
459799255
323771105
444470190
306894922
440386990
506232663
270803348
300006298
393333336
397041759
414896578
536844807
320221294
366121595
297307409
312028148
349894559
440631878
446549479
363329486
394162973
298278966
375738545
464241554
438723360
367798801
495102273
384067694
500102017
526768819
512682446
310614149
415181393
389585311
304001504
274377542
446614248
431071034
383818322
423684993
376423832
278364955
502498399
411162191
268438176
340147618
304097639
468870178
489133662
466624822
434941379
385232280
430900867
387981395
352149765
343696662
322409258
384548682
421555512
287013189
532144390
502215980
308146453
299068531
468892906
386205834
358468197
513182978
504927631
439289303
442773904
501216231
457194727
388100845
390768056
353202419
415490035
405195529
403273323
355153369
425683320
329230950
535498815
536807769
386969478
459428086
359851278
515983059
317322553
491157435
528798458
345762925
476111437
360928013
388199341
454748137
505874212
438110882
533108497
444993318
270890163
525284274
454304698
378089637
284296224
394458340
315562175
410801479
458914699
473533431
386989980
325881684
326020075
492416242
469445045
301232761
270850295
416080410
268519999
418810073
488987169
279651740
350344659
387380001
311794264
430342456
301782523
360785952
460616573
349485832
298192437
360950020
392062321
447696978
366122869
423892670
466517529
507064025
404957951
312513262
418432675
362022865
307788645
434422721
300791502
340116807
392108274
360311152
336346163
432536698
299034055
371809484
333992552
287212474
440284228
499225088
514637004
356829245
311646735
493953780
309381626
378353604
484829688
424786269
493911867
506375192
423667616
344998207
275199631
436124680
434082566
523827026
311913960
308637951
403769220
338959529
511493676
360242223
381410846
471363248
482376985
335859420
518711825
319182493
495346818
358474236
296650695
452726553
274205421
274354311
423534519
360295019
501928661
450187175
270926423
285440053
506450992
318965604
524766940
487643222
274357483
308054171
400609154
321364768
386518213
323798450
287202112
528455316
486975257
488561491
375210249
288094516
429586179
278861460
364453345
299915844
343473153
363855666
504534329
357187879
374444720
287402011
444139405
332174578
375567519
477396902
409197986
269406332
470257312
350186358
322574320
367797008
376619728
502060152
535397972
428924448
441496661
296844847
416959613
462994669
282736344
398611061
373221061
309301668
390942889
269901155
281368472
316407054
277442830
394957390
463775922
332414470
381903285
467746816
304629864
358262788
458921624
396931581
450382881
528015185
282591306
389479135
400644703
507155116
497623392
492673725
425588900
501905083
477598703
322055633
373335370
508104913
495362997
522511560
381687736
379998898
427939962
392074745
426312003
403909924
285941101
403605585
310385257
411875652
529012329
374332615
276404470
311375481
528267323
338888047
455712403
391488028
277592709
273926385
322141155
275647017
525320912
302833545
501373265
301665526
337844733
304453522
451544364
435938747
497541006
403103409
476371489
392413622
326605869
486825825
425489443
316540317
479607421
269892200
509922663
401826268
531432672
360725434
495589045
318671560
308864985
302060252
304340118
340734609
403307853
320520383
520041462
509698230
314749159
279878114
405125786
392973966
466124573
500916123
429152187
278670906
388269061
404901896
404771375
278225160
444249090
462722005
352125174
403489043
418053229
355827176
525741009
497533468
445845514
520150429
386859255
447660068
397768726
464240122
434671510
340054338
379698390
310916957
535766638
482831926
391149436
333288043
313441200
329350624
293648468
472712545
353840462
530319659
279889819
365632319
410651333
375895406
508928993
474924780
486859754
511338041
486933256
309187414
513727578
320450423
389433460
472665585
520915868
321787774
343146861
434178806
307997411
504867706
495801211
277466745
468900015
442569188
488557018
369397739
475125582
479535195
510129204
498771119
398174680
365306197
420132896
398459792
317121833
444833026
323132455
358987329
439564273
271137244
527337245
346134077
354930917
275807793
347978017
336106874
282791237
275311136
465503426
365098763
294226405
323817801
378728407
413464086
341090975
270054186
352053810
420934383
503009678
290207801
504340773
453761722
288123872
318866202
497709655
403466349
529077126
496459705
361099802
392955032
502807312
277305253
417749582
396330799
296653483
378998532
386869792
288123573
327354657
360141247
337562493
461244549
504500063
383158991
274409540
443865128
458875145
376009414
404189898
421577153
307488951
311721954
499001871
352617335
392252402
489654659
399090725
380298077
461720191
372967258
268850699
434121987
495413127
346517157
520659670
515158195
439063709
307490814
272045987
483107459
404008174
371395235
448092026
532409548
529945154
419234528
331994468
468250533
446314990
330999389
447470681
503196437
358807254
404928161
408646753
318428133
420793334
507490970
282504904
480794563
319630977
295996573
520863814
459832502
417513907
329757276
420604540
280893129
378750406
367052666
380848027
485073747
526509813
290710647
382451541
330297412
332774438
429801086
331908248
277692402
524455187
307593225
289063232
499261950
296926296
501820756
426843292
269411225
503111150
483613356
524558161
275464553
400999182
328178435
479867421
449204862
356231973
489484019
390842137
524688984
469081306
271463365
337576079
402705668
490646095
494178184
452664914
337665365
325930384
306983525
304035352
392679758
290259983
340969708
311404053
308628982
374346623
360105915
445539653
531282374
486999937
289376607
436209397
298834816
439241034
376046110
384449699
343608908
335327514
308799874
514692706
356835483
326882027
321032526
314834350
385919511
344503212
389989894
285758349
429834877
436292984
398472390
507263487
410059180
505857388
274317108
441341040
331550837
328083168
469883450
315810106
283106299
281148462
485482222
359619081
512619018
410176977
524832053
355249611
452999575
405459016
420239970
440851057
528262064
418852491
481052691
345915888
478553022
345059561
420235743
304515684
315722454
345148151
407596886
353210885
354257279
351177422
371377649
332955409
440970757
488914660
412065726
306904936
341427212
459298278
428784042
441332324
335407080
421450180
370108193
487600882
286500257
347435954
423049618
399901846
426433146
438296036
271930712
513303978
446637409
509942354
344704521
488143331
498251859
363075697
439429492
306879310
301414204
531751983
446733348
305049283
489169949
409063098
343520797
427172433
344579441
403518947
367363697
491353354
410602046
533440423
299623440
293835107
307660207
378961713
330572123
503706945
352686790
478082217
318381189
466039637
405887691
453659889
408817397
402404325
491317065
535740558
324257539
386021410
330987708
420829759
394357225
478923613
528726359
450887690
456018649
362639827
529725825
441521039
471198686
334629368
490322888
534623535
524504583
362566181
519351253
447909564
442551009
509077145
532856994
489504670
450918961
434309419
287557809
419170659
421104759
493980278
496347930
314190526
334045101
278458848
400344504
349194342
287974505
413358698
281060794
327344773
513673534
431863400
504408874
327912525
496158229
354493574
324173651
520252871
275418472
352670969
483845692
304768098
276081669
444244101
517987577
485709198
351295909
289284664
312356950
453603174
494420334
377160472
383277778
441175686
402246197
310696427
376870160
381458592
365885824
312367768
466582880
312133703
366603517
270047447
336406738
402788666
473698940
482010918
358465558
435231849
278183912
505510995
353563932
379085162
513559085
368155058
269345871
294959404
461594805
310571488
306779451
340664140
380345993
290665409
362849099
346220655
424975532
483799699
470832016
408381213
472844777
366489350
490125237
509422761
424884005
452028007
494211067
480894562
390965423
457538021
465560309
430010238
272084094
406860734
505887216
501281156
530645740
405901021
449592362
277418958
352628926
467540129
507712227
456861240
304679583
346728109
356354423
334572220
313327319
333094469
469609701
480448754
284588530
320960858
367932862
487836440
529889392
302132681
441009145
401516786
480066043
368305943
457655899
317780895
460774731
488753370
522150072
399525944
368692814
487766568
282751924
504880310
491108863
460812147
270042428
366432256
296327193
464918994
406366137
283864303
426902747
312681659
534533757
479434353
344656025
460253537
356086527
342840497
352309192
299415945
449940348
496964753
503699759
358441458
287965942
322368381
534033365
509420221
468686399
446198450
290753274
388461630
512817949
460803977
519319570
440573213
312832811
448719697
277973641
326784894
352726466
338317548
336924199
320967072
347538753
305294442
433183987
274960439
522938770
450796148
453223691
482330619
536002959
316442614
448004479
286758801
310860542
304832833
470464691
271012946
460800947
368489418
321765819
315232080
505640759
395684174
482175367
332958963
527542942
345576142
483435488
518993668
390734065
450530234
516357130
307349724
481380335
378256155
434892247
350114939
426917877
275761595
495315774
432100159
429654805
385085115
277907021
459393169
296543180
274985367
299309849
292534768
272570781
289668231
526303232
516461606
480439167
486302410
462761517
355708560
410136200
498599251
460469367
505378821
295393236
389393075
278097819
487906586
314527041
400405817
404095574
443734848
313733381
363643839
365466157
426480218
359356451
314408250
270305364
276662489
427012672
301555189
349219664
421121319
274943207
497410789
524455693
415028993
526039253
424216706
531868487
384228080
337614521
331421134
495497423
447954041
475879704
329871190
303788208
380230823
297792258
278907177
439927827
499922487
403371124
381663802
316735276
366154094
388468810
341728285
287541292
498845773
275574645
530547536
504238950
415477140
412321742
325222375
329553468
280932450
433594352
454394319
409373124
397824644
494578526
460169438
297704794
380088376
338483640
513312375
375670432
515805545
395682683
446700265
535639535
371299631
314176935
428580106
372048579
387661300
418951485
321062646
399874186
453054294
510739470
469301571
466715586
327223862
298606112
473668583
380313644
349069813
501552347
449436667
495385042
399014363
532038282
478093257
375973620
405017076
367579219
289408308
536085610
372303234
478024645
477755350
402306896
305603149
302133249
486866296
321134503
432490674
439063179
389383134
488651047
317626833
460924972
454561103
407475047
531847970
415446895
304087351
271047666
300288351
345429571
290284208
330855300
502326974
379231495
399641898
478763830
302871209
421676034
327314940
508124641
497270019
353256160
347457155
312858690
317266488
456351070
394914614
517346775
386435735
463101913
273851312
417953495
312718694
424345170
462326956
502369240
490501924
496449858
493069611
464003340
307417156
481661044
282671071
381507347
447429699
295756841
362630081
496313984
512544504
390301676
307551082
276562489
381349624
378087994
476501453
474365989
358132700
511903772
490201301
357360113
424801996
391626144
478697663
393178226
524665696
409906165
534636633
373382070
386158928
468805426
411017945
307045411
378465975
467130491
416244368
325664427
276822258
334207555
395879847
350445540
383470628
424676076
530875227
422633236
308489200
531679472
291387447
370593875
516412624
395764995
304053168
526499743
303900876
309226831
304032653
341211283
315466955
497270190
315659259
447294791
309302017
410830541
383870569
528561616
505636368
429079996
398141291
374474720
291252806
419639301
436652466
413812660
473726854
396559462
484942810
371946885
501413642
382600979
270905360
445897595
460918614
491723751
329157918
327997675
383456286
395789967
473085063
526612144
428722887
464738087
380427207
530521389
311651291
497730219
464618295
469112782
398699959
367322834
482258898
489860557
291450423
288815666
283404359
493984507
432436121
310056667
484785647
361491062
435869834
524772577
532956392
455788512
460728139
436129576
463690320
481582136
410131424
494649945
269725471
493164583
402112372
527372580
308945499
331438222
328277048
371748640
374309203
275398659
424533483
506731137
345001928
325553334
487772796
444479761
476807121
273938218
415339627
280840802
425799765
465615669
393890974
464125362
438772923
377536823
465028025
459542230
316404964
281501306
331713860
464346059
354258661
297041075
399761063
487786299
276658893
504614247
276295727
376814407
339915410
428960129
349150537
333935527
480556114
297167557
365928868
436306017
365922318
405597730
328304269
450451900
446952804
528165758
361084414
394007162
377987830
475351395
472405947
304972606
332378786
373800823
487044942
345266103
274974651
407726852
300537303
394321524
525278258
297203078
466755594
461857278
350810331
513942100
477774099
535761665
370882734
350575176
422711695
357091801
298407374
451061995
474994147
398729010
308118001
393266478
363349389
423904178
315048088
271272125
474434521
344771636
356782704
465179135
360521714
420376860
397545385
509585269
483544738
300598527
513339745
534844872
474112808
397774995
347863623
369543295
378461500
514700278
394785410
269436126
527196796
497905886
300579268
440873298
338452581
532546267
365698352
503840262
535706484
417041406
498721761
357804290
428582422
321349487
392358256
327028047
496062822
486011413
430578492
298924307
365754993
352174036
279135112
461107885
481713912
279560013
344053097
498232766
529839310
355148112
520698027
285917523
482366793
352827794
378401274
510455077
477663791
329422070
526749560
307881125
527432291
423206987
379587690
488454344
287669658
339552667
320524236
438569850
354148111
462545444
329906546
439901429
275449110
399400529
405790072
475739983
358289974
376379314
506519622
367646866
274711890
442752653
395146631
301301341
447215066
375737476
467274164
437210309
415363331
507845425
530316640
512878517
462856604
337851788
444979932
291910966
498329439
351104555
287021775
458850464
453349476
413410782
300401862
474544734
473487155
442004850
500731298
508710346
512356113
339705090
284215384
342747504
343172977
298672414
280010729
531750023
489879093
484870180
474393096
356601098
502077779
421753348
376167676
355852941
347024754
383681096
420220738
397617093
396171627
456474922
431951498
444258702
428708498
351541523
363982775
347957705
506288174
433026202
400687016
406578490
499539791
427101980
498469577
269081272
326097525
409840083
292655912
375744546
337651455
305359501
413609274
491015403
480928489
355999452
363726797
429257888
346895025
376313045
458871905
468137582
496463724
285535153
418548611
316734575
406864131
349693325
517084123
481090266
512927834
391890071
450360454
496870252
402001358
398188127
270118443
298530574
391835476
421711809
371934428
468695720
428557523
520345853
450578919
486714084
431788516
330336411
305986799
528607608
329581900
384029937
329521332
471500041
508768889
475483715
517299206
423457398
343611095
367764793
311246812
440341934
417900653
490321276
449075575
497405006
510852223
494884718
325028658
479391321
277259019
311231603
382275799
402027694
430646994
335911553
418542505
499766132
442647070
533585917
356681192
496092897
462677153
332053997
316624297
502620544
334990535
376358340
531077075
476628016
461853049
457388818
385296618
519386632
467850050
365976336
470421725
536046733
392928773
497695899
428570035
421352876
276410079
536045768
306959608
348885599
279206083
373266444
445632987
279758828
489316870
416156658
386169928
524403414
424948469
395832436
483093145
505514067
502063630
325746423
333944918
459311375
526501886
384686239
361860404
357533033
295030041
338472591
351454417
493736728
483254207
293955682
433036744
344503585
299278632
434174116
471361640
422037875
398219417
503122744
520101887
370461726
326542151
443346705
442493848
362509849
278883151
308941000
534046593
435446181
536867959
353689347
462212766
400070857
478647295
464490224
468766108
313118040
384355914
445858244
473150698
522089222
519106008
450424380
345759185
384093365
413862217
333249753
437535907
343614210
476317147
513180124
331813492
402820552
391415117
483185140
521186417
312758718
480842112
473828299
460615294
422275308
380473373
379320157
501237589
405597888
440314889
310744694
280990117
501121466
377612496
378509522
313005558
332164799
418185788
312197663
359147906
502777615
372750369
529566589
302774328
455026263
535573056
474935102
435021741
444470453
344003233
285635618
401856633
404136402
519853194
296165368
283434347
519107323
447541334
437398077
309133091
324919877
484261917
332475498
469031438
299257997
507009989
294417405
303798376
436455453
424668012
444434721
281002704
479684958
529827810
499716706
308328885
429669632
313937023
485156721
526540624
489054029
431507486
481847292
516805970
468721028
352604936
347252757
308649191
523467735
331136591
452971557
504903177
459063604
450625108
281203148
335303945
310389811
448954220
365945637
420448036
353004236
384441049
532694280
522852764
375559228
429780551
437312676
443221303
405760067
500440784
365296528
532054550
290481728
303426222
495874172
402702911
474385259
483617298
403622296
387736188
341701631
276319323
484194029
415945357
452213039
367783423
470627669
271304303
294426818
406532133
536803401
517394171
397243812
387991009
476202258
307331827
438597856
404096868
446498779
345143464
399388293
334932737
414402282
403233914
432457269
277718539
427727891
348101384
383858594
445808744
498426170
359114916
285815594
327061671
416633558
365750693
383419557
475318753
304106698
499919603
521070125
430785257
534546998
312410355
381248989
274638529
436471932
506111518
514567227
459533429
391745423
439880029
378151159
430803950
373463642
289454808
298257375
309152240
520923398
371750431
411489340
489764959
518548175
410315911
499223755
459012378
333508999
389485112
294552587
302664406
289908601
273549385
518331472
510132348
475782862
377999716
515140473
283607532
309569775
508642245
288547482
361819820
343666400
412162344
397122468
394588766
336068221
375674834
362290559
413882988
346688677
374515334
419349161
280743461
354174668
378090230
436401829
317072072
313658934
325740256
448129293
357794293
528314397
472673587
281321494
268564497
490418282
454518689
454916409
491119816
385882232
351109269
368708088
342464744
480138011
295908017
401203498
326505637
453278436
407839542
321858329
413711730
488991911
498427490
419300573
294390579
279138706
376199114
270098578
291878572
327468697
402754165
343906224
375652200
525842916
523536512
439279415
351743751
494079259
506825441
439795285
282378467
401879093
326299022
446238129
299047949
519536777
512647573
313029489
430761458
531175301
275734630
298943418
438262119
446527299
465839956
402385921
449377340
312987901
407296120
432180186
294586251
449055527
354071988
502874567
309844938
310329968
512675131
383821736
272227643
467960454
308228784
269551928
469840829
449865209
299843192
277547376
346821798
483344992
276311678
461841033
503937205
275093391
484486444
428996756
401346567
325175189
526353916
346233705
481905060
332247495
439708111
323746747
469521671
271976141
361781022
281313455
323394456
478715001
368002629
272844707
309123588
402349234
439788969
276028064
424210055
447319052
311324211
341478121
350174051
423172319
369557948
437328367
369040761
343824682
452954360
468298322
269651664
445495105
326440390
433954893
357317482
479915878
296732165
465311328
534876832
436220954
378442689
315199248
456313978
341298035
343529681
307834433
488021155
363807068
290004416
406186529
311550692
280478806
531411177
480328133
283404635
390147743
269991469
469136979
381979202
476100126
475465458
395610637
340575093
312489357
318511525
462217646
274357383
460098660
423759188
528184017
478729081
507099375
397768831
442514498
473324933
290445044
521467202
433437275
482211028
438434688
468303051
392841598
535515833
420851388
524266762
412487851
305626579
409430008
275927701
345937490
303705178
475941560
329513160
449551033
322125158
496118121
483213755
358871476
486139475
270025921
385978616
386293291
448258250
429061137
387763657
370863128
534699021
376682929
322962181
440340088
478517624
425692830
533890701
464637122
386968876
290582987
412952949
283420599
342896985
476702489
486868673
445477561
289613494
327523559
442289203
432254993
536708200
430756245
274087995
347564541
282884294
299877981
461356987
297351865
374368795
530884222
411778446
462137035
413520194
371297741
347791664
370467210
335768331
404977504
453496961
406444669
380836468
450257081
470649108
451291652
441843219
327055129
522035040
338691438
473779091
349384902
378532172
457094835
511184228
321342044
367474602
424591487
318853150
308572256
481148487
305631494
466124706
377479090
300049336
367095402
408304919
527029500
374036621
297852455
357910416
514775369
482168074
454231700
389740168
285568296
496637310
351353584
407585179
311122862
500483381
453244929
528267846
443858826
413480917
302269371
435362108
490496686
269233587
284234073
367530475
494467445
389017627
473989439
370924588
359302802
466932523
347542707
396465855
301643518
532125099
482552504
364458385
271845659
272796514
413891931
330893840
305345635
332722175
342368858
410062111
464218210
285745123
347340250
358575603
521231535
463030886
433069978
357232393
304894817
363849111
346146096
435574120
526878019
363939035
469557578
469166499
520542973
426560608
532245690
352274282
521067096
486266218
489477384
471782255
329538324
408910746
341458852
522943079
489096773
438014170
535143217
514172321
393239576
393399813
519387662
492709007
301787871
374012123
300501395
400074995
508560708
492417936
320421372
514705503
414587957
291482412
363662494
365512062
283989763
361060191
441806392
273639655
360651708
509666311
419173967
385964228
407819780
294386447
470748682
516774596
394055363
413552540
485525814
476772763
368583714
528555606
460661942
438529514
530053424
483694198
536807087
428159745
520744596
286987111
376416070
295698145
386390724
278820736
420328052
269178028
274562521
468599464
298029433
400904944
386381120
444270006
279040912
403768889
434504942
351040646
422386009
338807242
391670610
389905874
350576244
348878490
408411788
426011607
530922312
333527009
516500504
273824831
494077984
344522159
361452341
383606770
480639723
293780310
389396914
512649693
332083299
278557037
502390763
482072974
535763934
433880901
476012014
527040947
278518141
372956904
499210569
328463920
503336973
505144103
513980846
362195808
523861418
451733188
468838096
271829181
305076175
352494842
360410429
287678120
436771823
511087708
496961558
472755331
275769963
379462864
453840546
378834292
513225832
364114629
363178099
439638314
428829949
385957781
536758637
383834469
453432210
514705007
502301127
422641148
493483765
379981198
347453657
503064072
419320903
517654398
452325535
510868360
345145205
534781295
440180948
282714643
306159163
425212609
410052269
407734362
459685835
516216855
383179004
357854544
364205968
451635759
356171172
458225666
433356213
291201653
328789115
383715492
369998579
342716678
494978491
286322293
334592003
374525950
430913252
364043515
280807594
420629823
376193049
424214674
359953217
315727327
400858048
379323942
273457232
517992421
391887747
331836199
292330542
495110591
427745275
330934666
409847367
318943364
408040434
481957183
390117574
410629986
508596141
367957086
329657234
290619723
296119756
440472942
446357239
356494022
349911055
445136944
308912458
297795253
379036659
441359406
442313199
415622921
309805924
465378303
351694441
508810531
489246928
393487874
272268981
270263419
480418047
406676391
396032949
460398186
335094479
501006073
285289707
328328918
339766221
491224881
399346611
483459660
360546911
486445596
325944228
360481987
296523797
534945795
429550833
318059040
432379646
355522219
365994200
506348873
330023369
522103197
288391149
405362944
313632327
458150125
423116362
395140691
476428210
480288980
493013626
323188580
316483945
405887783
404331904
505944525
380036521
448848512
455549988
517160793
518777935
410944010
519021307
475625297
510952844
334913302
452035532
340807541
375024713
335678605
367048425
519821622
310362411
500845940
515907885
382309307
517568281
448755139
377155636
369154987
409302236
336469900
482753707
522137667
366692953
428315409
418577341
298023189
465957663
292367005
422669944
351930800
499363207
384393003
446456056
422439060
308938463
403162537
502573857
323697225
451465291
326885630
409155122
435322027
303923400
446765939
504814948
297012687
305121325
527625458
432939945
500443204
481914082
504393765
386989491
455708514
460397579
481474095
489763003
337353688
389927794
489776919
511307159
454202745
303160988
318475666
366208210
476181411
395623945
430119232
322179087
501404972
395276233
301777272
393263557
337483947
503660370
524202962
445587441
279701371
414715274
420936204
468115668
535352477
396860981
424818291
512942615
367653832
508787006
372100544
349102305
481694429
369689501
410122833
306237250
353487777
277829933
479899445
387214027
487965207
324536359
329174166
428068760
401655484
436280605
456691684
350540184
408735767
366642461
361870184
529716349
409901145
452186231
325212883
449080929
369574785
436971097
520488704
526995307
498574559
516244452
275166826
281817018
392414786
424102585
460144523
403177692
372761558
477070052
507539109
285010180
504332403
445692302
414641054
429060124
531848817
495982577
461027067
527591714
413442887
506704675
432104671
353957322
430841074
459816784
326790918
456910498
446705488
509287292
413258254
507146621
375240732
358101336
527758236
336988443
336006466
474831229
479730021
483261215
401921382
417977941
345263491
504350774
428809865
484518557
292326142
440749879
287095922
460831634
312854557
309919864
447188432
337594260
535082618
420339763
280428692
291493274
503292937
369422699
459489237
367015285
441200967
329706380
348485495
453477534
325678511
354166168
375717490
372455493
398319340
325623721
532520007
296166977
382319626
410851256
365075251
459763938
509553908
494888395
473101717
366810185
458435895
531568475
517656604
310113865
406424048
480836370
343508849
534413387
307543031
438293715
515708164
361301003
534377315
434841539
382796332
490672221
490230102
337306120
470856727
477509332
438059219
376895281
385341733
326413201
437540461
342946568
452148867
286809654
427377180
288527068
461199149
416271531
516026856
347889232
355853574
327737937
369739721
490319465
437452562
300477727
402067040
392117423
516222952
314641106
361696621
423877985
518385860
331695862
496646863
461915755
503644462
464672148
482526449
324305961
412280956
334768212
439046691
378013075
449287043
419992852
277562451
529007615
320318300
297137874
456329433
410943733
358329170
378373833
327643055
534661978
466561155
304431651
301311240
501526174
270336438
330383560
375330845
524105235
506993980
512018007
530975575
281494821
340034379
497659893
516375120
384616032
401522366
374536849
468538241
441333533
348461332
291175887
283952442
424968649
328042124
519994182
346062951
479081652
460235744
385088214
392076207
288971857
293021346
392788620
343684630
492606068
428750832
357198885
478724794
481979045
444872822
532613021
348981949
525473076
522789519
269118069
459443724
322217634
426178635
329265163
284941882
482548034
291744090
331526272
440734325
403624714
497187551
449248358
476004462
271072074
349201410
511150502
361504879
501451056
406395181
443930402
356123226
427117456
502728918
358022715
378423495
395620711
306911403
457386854
402160846
475154011
536060043
350542587
490366336
427904559
294095568
394267673
518188840
285484707
335873530
273186822
279551409
421027630
383996800
414234543
431399128
363652870
500465803
425242622
490087116
381417422
518431085
502885032
313836239
478617103
307350937
362780529
352003647
339530760
323480278
481138019
531463534
271158736
369400209
423561063
435169807
464493832
524707689
397633054
338652221
415868490
463840335
495901564
345659964
353897376
365478072
447623010
320712261
525597471
439314821
527338121
463295953
363479610
431765586
448000204
468214904
436058252
529234713
490893957
327429884
388974653
512875679
307938883
346025271
360167047
299641096
489659046
288969279
338881752
341106997
284835401
271078353
333028943
512406959
527496865
334979287
350897508
413359454
364997461
407543630
458259298
495160206
348790692
481360816
497708274
475627675
484343070
435668333
431453614
397302273
318708253
310470405
399705037
271170695
415215854
426181738
363677297
345876698
393270521
497701988
469152617
368796450
483596652
359212641
437825821
450153867
403199602
300059092
301390040
366831921
323746550
316392000
521380327
411761768
481940328
326471832
432767604
532300294
415953550
500621143
418761191
283032575
513105577
373956065
387913371
452786772
366291674
455664391
318745431
410475232
521130566
343342825
450263252
401648191
318611095
517184800
270823044
296433600
508384844
349260859
323429734
294430394
278399409
269406252
488793215
433556926
381251605
299125209
407524373
410407840
370815787
285022240
523934876
436112429
464123780
383768171
325171688
346592403
319773990
454596403
308284283
443412253
348837754
352379970
339825677
445032250
328183116
331895054
472535751
271815791
328637452
427679243
443808389
387630580
428144024
495735400
364392449
318023694
410464669
512170068
414139110
337749939
415805869
348120020
373187613
446027853
473701360
428384356
374741908
340894392
495764622
278789452
489226516
363698444
528926584
422173055
458802471
522194674
316989949
396448736
433338793
431182054
345283767
350452226
271852432
500463831
433133992
488159980
473481591
315210387
392701740
451875428
339668623
487942089
323861860
501418034
428635591
284655118
282869537
313259050
270753136
450177266
297129464
496631690
291783345
507068571
300821051
378520206
402905781
451482098
360602405
516211535
486427051
533048929
337151061
277831885
379646229
426822873
481752385
482450181
400496439
323440499
304181504
300218830
354294894
326467229
445017092
379683185
369480180
305452025
439148772
464587472
296725994
505930456
339405866
428836875
430181265
277485682
325116833
408945270
328749554
427780595
448872687
432948548
374951547
508902519
338550617
371847219
366116005
