222789403
46508830
93169486
86318298
97491995
256983889
241317248
137417381
234944128
248440798
149522784
77001283
60975851
37009601
46681135
115109481
238785207
100444052
61007229
125319166
20315034
75808802
67239603
70605433
258473046
22233439
133261491
167867903
138970925
86955712
150158073
35939857
197096169
63565889
109441048
212005727
140535843
200834668
257646991
170191424
266771460
233496761
228785693
29190909
23764481
253360395
195737166
56077646
208131923
244105170
883220
16144140
13931807
96037977
103395344
226329757
252769521
46515171
67311839
227016648
89169177
62305335
50946326
95773102
80292938
165216837
204405492
32990793
13364590
261500445
48070699
221489610
167321533
38252828
51607871
200181948
161771462
25473469
43653110
18757326
177587352
249182374
73232944
160632799
146393964
162580198
225036808
266357194
85363141
58045888
19008296
224008481
173175281
16746838
69926363
208927132
54961658
61109752
165506294
14989258
209258704
110546450
265444603
11348098
17240789
11331948
133110625
41456045
193394843
155203998
178962703
268263321
234777071
51309933
191661035
258316947
259506697
5896714
112061140
108557158
129054239
27117949
245378390
61544250
98115297
70239613
152968319
177348647
243251778
98685515
214334209
146964346
260703101
75793055
234128010
161135915
1152241
107119232
30804534
181795528
72142066
57649569
48671491
112792109
73224462
77785758
58420778
190785468
83892066
144039873
130913174
86253848
82011783
195329496
80035942
134069212
175486965
206332837
146349688
196662642
79598169
255935855
119223279
38962040
141607394
108267943
259539746
256505741
14023635
55076051
236843529
230247443
227211975
134739431
10506473
103127259
50478259
57135431
8946829
241767069
125825688
94955965
204970801
247097969
141403234
113120159
165587314
212912905
88100609
155930170
52437457
8724476
194750031
13889273
231307846
77435652
125124682
138514036
33340403
117529969
105897459
229424462
201053344
59507155
76965929
112536440
107377406
173275149
195750244
30143899
50094599
9174746
265764495
39184249
248862568
5953836
106673649
136854306
146130149
198477434
213387733
61856009
209256733
154176011
146127814
41120348
178476044
260568804
44986466
113928515
97495640
253450859
148270004
244383733
22548660
261907516
56764305
126534006
188530904
9500570
245262716
121229222
127500312
118297800
228954346
255168052
141738560
26919469
22917196
1006107
68676359
171390687
181878219
64580609
128801904
184899609
68915895
263567164
78304489
241041190
96158485
135231654
167374392
110099853
13156860
41938222
30879349
14819711
104887378
99962052
17978730
57670566
138201036
105595821
98084899
237235745
247106479
4619365
4957887
201565536
51106124
181395449
210616868
177441570
199982111
260317116
128247935
29543418
69627133
56041891
20475132
99585341
61755302
46080129
44641092
181884744
258131546
169059051
237094648
39644439
138441550
266507319
233715646
29290621
67625420
165849929
163289457
112959093
88620408
59117570
63298638
230986573
29229834
268335200
180368260
156650894
78310865
165194683
140062276
52465698
30231634
440376
9547618
142150664
68880055
58077295
133505992
216337366
154487063
516971
26698256
65540192
192325709
77068520
235231592
3104486
144861985
219777315
150202271
53127999
85230822
183765630
50820231
87995908
155508836
257223481
100648346
76245501
143865494
9576851
34182687
78722355
255692969
90219324
123431443
213993687
80408233
28546086
4717399
234925568
37781692
28152449
128584629
19664161
224843330
92963509
113110966
155336085
10460438
27544809
186493986
182426553
53863434
225874605
5510051
2954042
105382225
30865604
46780805
187247932
154519515
139405262
4360208
54224263
209240499
203238240
12018860
72538503
39831997
228968046
18068172
256101421
44347183
195782072
235389001
73234528
256442014
205054840
104936068
170160276
134657333
252664089
251980799
136410541
141083317
28882058
121233462
195741702
86537455
47028889
249672538
241142125
124785106
214633707
16760766
225103988
111038733
193093099
222488204
207066531
149081715
36146902
125124796
213264852
176388079
35771655
29304175
202299111
225794934
109214028
156564230
217802202
33357065
138454514
43242284
220421100
227200669
80739601
95179355
129683707
261574141
142769585
3607515
172975053
191477554
143891356
167730188
223590501
194016151
93241263
169972345
259736062
232206392
215467935
32457594
111977106
136539439
215697680
106673452
92390643
80778771
218184961
8645243
20741873
142345661
239905061
24512435
86035357
16179125
217591977
85903334
157154829
114746511
93671555
133032729
61229641
133264448
166063924
258366168
154429489
2098274
176207307
203625370
114368060
262271462
190981446
62350338
159865351
93209521
240154273
28160402
82176564
77547604
237626619
237640532
88643661
253458542
80285201
62069595
251084351
76461488
109299681
115291766
59649656
231669347
125118219
164098101
69426419
68780907
11006025
247016268
103591183
237959580
249007671
252431939
86932123
255189022
83016294
224751400
31478793
79403587
161422435
205841086
191171268
13112075
227196146
86828728
217864346
164523850
51001049
197307672
43096145
53491282
236511643
258874567
220868270
36498419
60258599
163512349
252799915
6438428
142142612
262983772
228769102
96020798
150058494
89193453
181589085
75994635
170267551
213003317
7694652
225296177
95366180
70428455
90757049
227143794
135895969
259047153
237370499
249580474
21204537
158458609
57147836
42969420
259384214
93626760
98851865
128668533
268390320
85239351
190014658
235847857
5365806
122355587
207574882
73804541
135441664
109072584
182449305
30139307
178346789
81581992
232821512
16900529
204688455
18329522
125716976
184526641
123268897
264812953
39204970
63275114
166553697
63228254
154986976
98592375
139152196
139979790
125317670
160311045
194465401
81519862
147963173
4096307
147223535
174980595
28618634
21549431
75461410
47351451
267651439
14685239
139132338
218072460
89680631
42832397
63930263
172221165
149665444
108446018
172055846
170971450
261378813
241837554
179613732
95349018
17910942
111424106
176261692
98449556
60146108
14788383
58783178
236359933
245470945
34159606
138302597
103811167
108450741
22232103
80619196
146196140
160100123
23861123
256053330
180925684
260295420
244046711
18278730
139471070
72020080
201419952
25249171
257114744
163957232
120990881
122204938
89721860
151482408
181143500
171239621
141308255
123920393
165168948
267708848
136701319
239332762
43683398
6885978
117332471
121103852
88573923
203711157
15056341
265495051
112387929
158126580
223888332
142959618
258765615
125404065
190875395
262046610
6486636
152133065
116178918
37204084
254619877
267814647
172403020
121365640
267752688
212942011
26338151
35303346
204853712
266604921
113638152
76507235
259015057
178324540
112408650
30407931
56910816
200110672
61412972
61931125
75786726
78131860
261019532
156704397
186017403
85457727
166560746
143576336
102991715
81291539
89050883
157979892
202638471
3997274
73653416
206273706
8226734
76334253
109444593
84762766
267431015
105881031
79723309
36475273
180978477
109284696
196320209
141210394
49917870
42441844
61857360
31902013
210361194
162889581
75580357
61131873
43705736
131447279
9170229
14443187
185889221
86471506
136230458
50317814
183913513
156053589
127742580
131440656
197433059
151078158
225917266
232657423
155810062
263135404
180002935
211386117
46679621
223144327
209798856
15112210
119369045
49994084
251578955
2588245
65695481
184372476
41103070
21576880
163618872
155652711
256567872
8607922
22799935
72640443
43502486
258964482
92679194
94575670
150083277
26712522
224439507
43016381
144091564
61418966
73386360
254999211
26584972
253185177
145495142
200287958
167503324
151734046
71063021
98819108
101223260
178377777
136494186
33714226
26068611
42885166
93180507
233670365
152683952
142205749
167490146
164588018
252930875
248891238
41239563
189339135
225249941
94242240
74659251
239068023
242122387
71843675
195727789
54879933
234669548
112299502
97206044
14129750
171987399
259450189
70933728
141615567
149075491
146870216
184761084
207369127
212957352
69884309
111786903
249940626
69832640
237220724
578005
138819446
148158234
151292876
140841841
103337131
213600390
195778842
67945260
182824515
21160480
186215449
8736363
146425137
59059822
69372832
16153742
114695066
212137901
246587149
198919715
218848654
244420986
134183107
208435384
224310907
16147110
151990281
216191092
45768939
183932962
244891528
7520221
237024204
145023653
194028679
84384602
248339105
8386320
160843420
114039100
193900053
72099435
257584426
137718870
97841608
142823390
120610089
54316773
174439397
85390320
29924298
128981769
53683156
164136028
28071153
45274769
205721756
261157119
20075949
144576054
137291964
186507813
79421064
258590219
191924400
81436335
6925083
80976514
53613774
50578981
165683301
233908290
99437306
78544824
200858270
95756255
43597168
200066477
67411636
35944419
202077739
143373092
128745767
101986804
63230585
260064217
98631150
217003883
75822656
59338997
19817105
200822999
233729814
150044083
230062490
65893322
246944559
140573182
23237073
29459692
253330847
4516302
19107401
64917480
114539471
226038250
238524051
228955032
146270740
38155738
209050927
74732689
216541274
126964906
238049551
153394700
44871334
264279973
12414981
35979339
26216245
186472426
169170999
16355186
20262922
1869211
17733465
239024226
170928670
263975949
84261372
94810259
97738266
89854151
266508723
94660881
11205004
10905772
68312035
83997979
29965157
86718916
138460804
100004349
266038242
36631423
124262221
197119621
203870436
81577484
99757548
185590631
150798367
48778992
98180283
98997206
219716024
133024797
2264060
207540007
132547540
163708062
94589080
134321459
128957707
218426176
235490557
165737001
56222534
265535659
71335400
180673359
163027383
94665668
66471216
246543416
66433422
36278174
262229025
132755114
24062048
131550336
61287684
81963399
225723266
188789404
156218630
12989517
86032088
262870966
209782334
265222913
166576561
263302213
260708011
145401735
35871831
26355726
195790315
121256842
140791624
222498860
177356288
229443256
101184698
110866671
28072143
73035973
20077820
178055016
106402763
152556539
63617902
217028742
38356699
251460390
51392624
163248044
176327622
105486147
114841697
105751319
82106260
252576545
154404691
33861070
210017292
72472846
161446416
91412471
7408629
235073512
42191059
206673537
49016457
98875994
234038791
249945505
120391018
125503868
243850414
155938252
60366298
239288845
83133775
154799365
25162630
77938437
150156986
94486770
199112239
160200533
249034406
126727860
185858141
264639467
171561695
246945220
44275004
102868492
259356643
125582463
80084808
201893442
117725150
216971930
219619839
45135323
31375609
203241144
85557510
199493164
248519140
159115298
223463245
108762404
217024407
95263966
216135018
140513726
209436954
2518557
233203714
53548096
151926877
159805680
76657321
39286320
104459918
206134225
220881263
225619957
14875885
109031053
10322526
60775565
11916081
258654085
181780946
38199791
122629001
23226378
236353307
255604859
121475356
96764620
159787744
254053493
38655369
58831795
1315366
155483451
184400383
247466693
52806406
141759657
168160806
138412868
254213698
88086205
62680763
61197336
261115079
241340028
14646246
66162961
238985569
196571949
201384396
223486347
109590607
146300133
178567465
115885237
184747119
152562301
133216909
256216356
10654502
166252196
267193909
165761906
152122771
254335485
168876102
47172183
111605479
117297059
30052131
139457512
263991327
172692265
115320000
153169638
223981873
64666541
10569136
146259319
55784352
163098830
166460523
70463533
201653740
36040548
62100685
174372074
119400068
232734686
259705586
134816249
115187681
150702513
110785557
232840316
158123093
232102655
138933550
163551162
227258816
26894863
128261367
248808473
14314510
259291413
118907230
111165787
64795409
172417744
81770016
90898871
242851478
207803703
164431249
12804889
230887027
85957703
69360458
221984680
46515271
240970198
246928958
205172254
175136991
247622954
196900669
88042600
156647023
89149201
31545369
222222212
233642450
85424657
133897021
37698694
163821022
119952565
47935316
249792804
162426249
1366098
56124876
56090526
95419573
55367591
76720572
257341456
9100355
75707219
237871634
200091520
50465909
2129971
135896900
262530324
178067513
259184429
35884291
255543566
224988851
204948406
42698218
44370700
103773858
42849222
94972583
208312960
207744051
229204254
253707246
42632672
116303789
55161629
22574830
237048108
242229680
129557994
163192322
129491832
106280238
126002936
31670818
161279821
101778449
124860677
248115759
134558587
16252783
253876623
142673742
255769988
120764568
148068905
185819383
155249868
262268721
208082807
209436614
2951630
106516337
100284281
3444717
57070728
231145782
263136813
99571270
238344899
255706275
172168266
3413136
48376192
52304414
223929187
15296411
179767973
24009995
157620329
236348598
9295721
51935265
180035719
242084415
166940807
38563695
149034081
251862025
124216202
207698223
171340749
145812993
145430313
96567420
71620536
25526656
264307194
40781905
252624180
134260108
99268807
113994007
15215143
108844564
67410758
108959635
217519104
118450959
174329585
258818547
65779516
51368529
23040642
153185459
30456576
157790640
99602194
195290501
170801520
153018444
165227826
126256627
255601579
40607759
244652649
118474304
18661619
198164755
53204756
223232375
63023148
263236233
243834322
217599870
150400
42585535
171483148
264660694
67188415
177140847
33329111
244425229
208075869
223745980
186452920
170070250
94708990
113937223
214955248
200665323
122480996
8573590
2295260
42160764
201319528
74320585
151841207
199334527
19843140
99137905
91786905
101404742
58019539
41838140
206963947
155558725
160740088
29565382
208448545
204895272
90003592
71935634
82546974
78509960
208703661
45086316
225907635
71561733
190768507
130040894
16243333
249469188
134055398
41669220
190707762
182672390
181326576
77164414
149988855
178328443
81630803
65902225
252470226
14805625
170862373
157686803
2288977
89615042
22531474
147510562
180370263
89503928
180852026
11029772
13662548
113388820
62113269
233805400
5425782
151650539
175986095
249612021
231877474
259372800
137554837
62673601
68592520
261570316
216408895
178498902
144007889
265606142
117121404
29921963
50407733
157520589
172678908
186150123
85895314
189212169
245354969
38349359
67969820
3633395
240729274
30044039
236559073
192307955
103938957
104765224
56565365
113740515
2863874
188292060
138456268
13012682
247470940
113985570
218652420
93837880
110789001
207537811
171336026
152481553
258680753
201992737
119279193
171983425
26873475
259392379
171634304
5122499
87054267
13204427
46702926
100708246
224950809
139728219
229974806
185717557
27931858
210044352
226730692
177312805
84555793
246245925
59022844
132224468
47694395
259447494
69290633
25965602
91289224
226594100
129754871
155295671
189616386
268057422
233606697
173195466
197885626
157984619
48004752
266703379
184704246
91465334
77577358
152809483
163433569
145830770
21904753
75940156
71162625
190504143
58635420
204282228
105504425
79999550
235877387
151770743
10920303
170337199
12465471
67573067
16164235
220352247
123662208
81570425
36681439
247606671
13691810
229739188
84121852
195982828
235035132
155446952
206324969
155077334
194246498
243083288
41297586
224590242
4928704
54032121
163765278
57496946
63944798
244935134
188970352
153145069
142981885
209523888
263640577
144314184
5414570
260104943
164050268
87704741
70753808
175661013
25387318
118849933
153778101
222897692
209821051
30312241
124293946
223006059
226129903
168121908
180947731
78414500
29440935
163494804
186608005
30570806
211617401
9257432
264104947
111334108
200745784
114812935
68413926
82090410
44442128
208446790
106911341
267557581
172287566
69409122
102149124
10862763
105427402
117494611
89590811
93889448
130346113
112149360
62726405
115334578
189418989
200735945
139920436
41851322
112956735
114902458
201640502
164687301
75297068
27516192
153709078
19838841
57350014
168963211
144483323
161853503
220565636
176192911
11794346
237479910
259376900
51282198
13940108
48106196
2411520
33819075
74930078
129968281
254553109
262131261
35088214
167464560
109115312
262223830
187485735
14224325
204469034
121993375
75745954
133830078
98455253
210619358
6022487
79206414
128379954
73377365
28715871
217386375
58358234
169841718
147631592
10107826
1569080
29318767
98548365
236494578
66133879
96265474
106384412
202983899
96859751
37643959
174296435
153858073
137969381
84626664
79949209
32455625
78651436
105176726
130509009
52006436
206964766
121034661
5144145
206452695
167189856
38091971
21380293
175994857
25529060
215285718
156274240
76169061
201363116
264256612
3925324
206758984
223069953
124165544
182720587
35240463
198772118
20986566
45413727
14262795
82178536
116220052
221953975
253801929
256064338
22597143
26327409
191511797
199200229
81067993
133950616
64853592
164105225
187495398
168474230
252414042
22003997
110685447
123187392
81518136
113996680
96400982
147799829
200655028
59103185
86748175
229775306
80132778
150623064
137748762
242948089
2061574
193525247
14374359
120457533
259890204
215596401
12775749
8967417
28021371
168660463
43429821
60296100
173034773
41727850
152531063
191148361
156729449
253134639
14560513
10795761
76550496
178803818
72251328
131387700
259587559
113973238
153089530
199302528
134226830
14250468
127069838
164133681
222137425
207774641
68039246
133464274
234365956
68556347
82028978
117745103
219402315
150046091
238475408
4713813
86118301
65643377
162288300
86646211
76673588
146480783
112162922
140466604
87185878
143096405
143544627
39844125
56315689
113232860
77772981
125391725
187309470
110795114
138441594
131437355
54048890
37803484
125925784
223454435
217157024
262877313
135511428
19776983
235468944
10984179
164167850
8959024
63423201
188404633
145421798
221393665
81110141
144762782
101696598
55606093
231107162
79439163
152586908
43541529
242428559
139569524
176833589
118389965
43995358
247783134
242265864
46840465
141651768
263998508
147369108
22709925
71285398
73534539
245438774
29019765
22769506
92258959
139365671
36763138
45532438
1940293
61491887
121683666
143153271
99119515
250745103
107954465
181945861
75132294
129397335
215915186
244446063
170502034
191547562
92066343
46424681
44553134
55491351
70489942
13179109
82638600
93054828
100447424
122472349
261593976
231223565
242450358
17206298
50554493
59946379
130838481
2875484
98297622
145936105
136957758
152431161
116239531
117332985
18862903
38831829
154053671
126703263
48711068
259786782
156915430
119202870
101918462
128785644
15481639
106486758
193531644
7552351
45057904
74458534
164982384
99668495
197368434
218779382
114294037
157359113
140193816
145996739
262522597
223558207
131999024
114944428
61557048
36833304
138847912
30987424
258442409
32728341
2645030
2198734
200771070
155188045
57104223
53961736
220433117
107455650
132310685
227801413
240428307
250474067
120740496
168687481
196141461
52778784
30364011
228591672
109701473
117405086
244216893
32207116
217240090
141757994
196491812
84293254
145207313
217702922
144441031
102037210
92580072
15160573
14447193
149922794
256995658
190103245
77113948
238854515
77061290
11899923
125145776
180980831
79228927
35076279
137409642
238751840
215876963
25612936
130146701
50839680
59119818
250456894
202400225
253933411
210424955
251191753
124641451
187598862
205676222
68529416
176656496
125976244
259380392
116054415
127988916
146033237
127935943
245593669
83236945
93810095
177285784
4301554
240510986
38060036
245718352
262780973
178840953
200303487
51128124
241680657
161240136
167932104
101366686
66421209
217260664
221317662
217356128
58919556
96471409
205156919
73469119
4375000
263527739
120964454
36519371
96459537
182810967
127855342
266620706
16876654
196070798
234108395
160529670
17976529
82639504
235098630
40307210
142001485
59561663
151174566
180245413
178589171
71477390
229480208
55921172
242625925
216997264
193595688
218880036
240399781
137084484
247483256
168466913
110449372
81177124
219072814
85703588
251350333
40725152
229633304
218448470
208171736
89454559
43987161
203306002
72973538
236258422
184243168
194091601
196511866
96800213
221214110
10879326
160790725
81625802
66353291
221882521
158369763
153594630
230529832
141872936
50732727
109932765
108675053
161790328
237162863
160047344
134683316
124917478
94401346
119431953
179005080
178301386
55775851
158536164
268425315
121386598
196183888
186250539
206731603
60871618
2071031
185055592
252719910
228983125
252912875
241673225
155674623
49401419
169361935
163172283
92502467
65945561
250013848
79405430
125727370
96632022
158253422
161764489
72377090
147518498
56153189
156863590
8635342
140009141
257237561
109940820
176300401
141848434
154689882
72927928
71865706
253058221
79073682
234907086
171839339
213382370
252041907
93902240
201112455
218985168
87826580
116906879
220635290
207236186
83766901
23077589
123052636
154912465
171111152
53654000
201487878
57041596
42841125
153243145
157013083
77089415
92653284
146203797
69085120
40143895
166114518
151431852
34690131
58945737
197118251
135830753
136417384
121088523
134195759
218844234
9121178
51904248
192751480
22137583
234933272
148101687
37354576
108186665
247520053
124767647
57580551
116770538
130308602
87573007
260372741
28702802
17424510
142279411
212836771
165941946
255821804
230629802
162281387
267786465
122708215
474007
49387786
198750613
172812682
102953416
248067841
115912924
79627686
20824098
108378262
231771005
141657731
99426433
259944461
83773457
220641913
53199377
110523906
21984139
168730368
211725670
79267784
148664677
111717398
189164796
188988767
10875782
219195201
51317660
92941104
171434328
124099806
216864174
72898713
230578121
12510838
104489493
261868808
181621419
121501735
211710651
91642653
19061867
163725011
34272331
33568788
74831094
49242164
58293244
252725483
188303479
2833618
207195162
98546876
257439164
90378931
221858471
107094925
195215443
245085218
79951774
177196425
164216040
173841520
246189330
151166090
161111834
37897395
212625030
91526704
44583582
65972728
132194329
145013687
59889067
77179780
2084491
258081551
61044926
125726500
107569040
243224508
216797870
263410670
256145027
243890265
28755540
151071720
97392779
87092191
223810033
48273497
31934430
51589244
43802027
109190190
189961534
172295067
102699684
28436969
5997279
49350925
44064810
46406071
239972183
148451060
217704785
141591648
224340220
195285170
154143288
67802528
101704320
108619704
117149054
209856463
136270801
261357661
1382260
106380335
17896865
164848308
42423865
101536954
12170941
258550570
255382393
180740858
124267419
226804894
175354572
120102173
239903217
17145266
187134360
165677335
99184255
261460929
193977262
173661972
27636158
4777850
171739326
198789930
102281936
252561193
93522996
60670185
262241680
266661240
95972988
219663167
170643978
131344332
91197785
249065149
143803554
216426406
92690178
264621622
229744907
5721796
243510061
133519346
222373299
262272087
118368397
227231858
134836438
12904285
5152392
11592696
133602739
223245862
146538480
33894857
238629805
70415357
32259367
101309312
213098185
258173678
136924998
243237961
33905519
235405003
209638731
225792069
26012106
140158532
249869128
167233859
12518337
228121307
147713172
131843112
248824501
46947631
99793086
131846880
47122108
31318746
169671329
24719749
117782373
54481531
142427927
24453369
53330982
260419123
71713663
234114401
18915959
256646625
255915982
84918546
21703884
225415650
122320819
15086868
182774642
58236388
24360446
255149804
59606216
16183901
203791528
24802261
10992710
140435955
202611470
77076451
258207881
176799165
115758333
206421986
69985265
258448859
232201051
75400691
90518667
241942728
30829438
241188423
257762720
170430020
175601059
162320719
25116097
31161326
132388212
107753457
29935335
182580243
170404822
4006410
167048849
173360267
123791129
161216231
246012001
92646687
181916942
18543457
73953669
54004685
200068875
168576492
267029564
160979687
138749472
116754947
227837842
177724983
90723940
21263875
93305033
73744979
159238007
174954969
36606844
56632217
68509624
207678553
9687864
86624748
56484987
176954665
7400894
20548107
50924714
259044983
205053774
194675411
53449224
2015288
214023235
189996315
30819993
51144880
211690057
184819513
218366839
180422742
144034396
116439220
11532206
38479123
180187165
175386943
235535891
3146490
55735926
230404645
155266172
130515462
31682304
3496501
77189202
244756686
171614058
230256760
83228273
57423188
185507534
131906969
187829399
153478083
9289145
108714306
94806541
163664598
19871114
161032261
48459831
70014324
204363338
199713114
33297334
165931479
161074096
134339355
30692229
70234585
32267779
122241385
260520858
179602269
32441762
10789575
7116608
228707768
53697435
29670886
48465112
159677429
235683911
221427059
72627570
247375357
167790595
245534657
200756920
67635372
15226561
236210451
260945102
49728548
95758356
89316720
41419204
160424855
71943933
128825182
193832327
155247367
92671914
117003035
142659086
34812065
159048257
61789837
167623102
80055843
182703215
250362728
2821011
140599192
169244827
231782707
93493340
49040148
52472771
170914345
116648986
55284693
106424761
70113098
209878291
202565016
56297577
35643249
145450979
58297159
252478022
231475098
23126858
37553300
146454709
54374415
229237784
95439184
206175576
69398769
215741882
216076159
117217792
141498890
13310740
90406293
52419489
250002547
181823705
145312681
68022688
174642603
194079369
182401364
46655259
59847719
262704708
15209530
77398401
193622193
11946239
40462061
205503477
158997114
63865715
174492466
213815004
119893337
50404961
174277066
90942407
200609427
203932718
46892336
184685372
122204164
209065102
53814214
243448974
165982471
51973634
79822550
253437248
57870613
204414102
115791160
30208618
62090449
98823586
104076483
135394897
41551447
105109717
39134274
116425738
48067927
2645647
218309450
254488012
60921516
267859852
15767743
173018831
53090355
46711779
208388847
9319728
165303387
92400630
32404664
83280378
256528269
142754702
177133642
64893840
90772008
264331410
9730902
248183118
257769923
118147362
89842656
224688159
157448378
242167028
120034140
127479214
106661542
182656949
234998177
47281228
79005988
131884223
228694939
239998463
215945477
89718641
258541451
74480237
54066680
225876450
162195403
106601175
167468347
261877803
26409009
3469969
104604962
24451987
135024820
95025973
138591588
126665361
76050112
120561236
231081530
218565799
57187696
43609946
225856105
112078380
180638480
175356069
26083484
155507400
228428742
94590131
101780029
181180679
16925940
101257012
110317761
219612571
186550770
3165813
82746207
69605915
19858214
90178201
127216447
153931324
220589966
251602008
225810392
220403109
70652741
164516553
43560566
230818013
236745460
23713678
140140465
222115437
109282092
267212697
68868147
257396905
194651307
229376195
144408814
32200060
230647625
20033341
59809970
29482851
172702472
151807280
40427337
144652777
115942985
162885245
232891089
4415991
130409549
109220938
134565145
65105276
75880803
197121837
30262132
114975571
160877189
211494529
224093050
267800290
260917075
250722998
189727156
151540528
10977608
263885071
225264433
1468547
158799526
184536609
182750496
56556522
93971966
110288702
209465568
109810279
133970364
244244180
194443308
7346136
18288959
78778943
223877539
152358796
165106893
167944298
2216457
228256339
165237776
202604466
262263152
263303057
156697872
7175474
93412698
238939810
124522018
83219257
192924002
135956329
89085902
243971056
180682088
239998666
170100078
162243233
47542411
117310728
18604348
139877142
128449998
215627877
193194567
93385581
165673594
164189450
222951597
27264430
183688579
42872013
238957617
28349653
201182614
259343694
6829191
39637864
114560591
132653009
106780370
188574506
103353992
121519391
193952721
257074536
88469762
52527593
76820936
74799967
58823541
129388347
250894042
22624226
77020044
162037179
154836239
11873129
63533460
198010056
92510949
210997306
235551059
63162696
247020787
210160913
127527810
46458814
98878080
267710819
30592925
55977744
264873856
165157356
111507432
260396647
46528981
21889555
168957552
140228014
71246766
202047030
93731227
244650169
119552522
39339790
48858266
116797724
209154257
153452278
151356331
137201422
107443977
71185935
222357991
217306499
97525421
251449233
141779875
64620938
75241711
143224241
254564206
82234940
66935567
113781313
162196691
233675055
78229833
185847838
112732547
204789693
252931459
163811306
161048415
221659300
34347538
61477637
55806835
37306455
131653215
2609228
111439190
253962873
255520005
196206313
175951796
118915981
86425867
90493700
39206029
224553839
200976268
86272922
197830873
16802901
163345874
262245257
23246213
215903203
221814099
10187330
114389464
25544516
223982091
214578710
85334371
149821938
167918901
251434362
5101823
232513137
244754374
229132932
27904911
61627844
196625179
121400198
154091729
142970123
158616130
10276353
197581352
3652096
46347072
253373788
258707514
2097910
57541431
54021216
106218340
34443891
29318403
142166313
207918582
182691373
257932689
138249038
3215601
168778873
157686039
21852518
80679120
232830190
148840017
23006005
261696553
165711336
192678548
11599617
205815655
35861096
190419712
29847803
225714529
262409291
64175702
243776752
233967836
140319387
118767379
34977865
11936169
111942071
203230512
120761322
60061105
252597083
225097769
61692584
203845280
240814004
19299561
124275604
199417471
32108947
168090192
74116856
111816612
86838884
43045814
230521257
220559852
65740399
20720911
179845517
237884042
2713837
216172010
8368858
16947859
123354481
155295567
16587481
255498338
12643319
170385779
18434899
35103186
102667840
146981742
21128271
205206917
173790243
54250478
19920333
142538887
65272335
51373929
16513954
234106120
43097152
205336428
170181957
257963140
45737044
134699913
222024421
252065135
33469943
265725193
67707642
59067122
100871699
4556880
107691435
171143155
33802455
18241389
164182147
10661525
261633689
68464412
252837134
83610147
191058560
110861727
189304069
211893411
164221343
123430023
35242426
93683284
63211216
19732738
266087642
9713345
195888804
211573836
4959131
87895246
29484309
208181130
79989588
254131084
15761066
8218223
139271485
60609503
214303293
100455837
202849304
118653782
57448636
207868325
267954174
231025766
176936628
132612784
137893719
142204566
88549347
229271443
68111006
54360878
95746496
133504118
111413338
163794360
130118818
172329498
190505292
106083678
209685456
178608856
160344423
16968560
263788478
204174800
62767612
112189400
187640248
6732388
138278102
248146607
93762887
39660630
227455348
17481344
7129820
1184683
169280948
1278804
16893717
129373277
215284808
23732657
138553921
61736788
144762521
121910647
191890828
140183871
18787931
81550433
91865494
248249982
224382785
90354722
114151790
123354211
134814818
130121847
10513415
134020178
199643827
33917473
187090831
266149048
37450931
225806388
97019049
225969251
37403579
216768247
58222833
195516366
193746874
86154648
8023243
246181357
103330069
221674380
170189864
265482044
254104987
110740669
80170000
8226699
185729317
193912935
101334785
85360076
60319218
61208421
46631786
153200852
5126699
190901800
84308807
108931571
208338994
256989053
130418774
244101392
97452842
249967560
100586133
151050785
154812178
116634441
209497118
166078263
234302596
52601434
162768332
16357128
22534114
74418017
118095281
138590338
5255322
37744005
247315028
252596930
57198067
252932313
38729198
142312243
75506321
151574687
61046640
126250422
157532377
150881773
95835891
198119739
150264659
94956421
30655522
165042065
177645754
25086959
99980793
232748491
196211763
42529637
65471646
196739670
52996788
16956646
250359342
3399339
249464816
239214448
26295215
22259977
42822047
220864607
9060070
130300961
82567144
233808445
173048466
130778121
208554167
52129526
146990712
146653164
177162347
105592486
57066288
61004860
218043371
91157410
12272118
139157595
206035656
202426480
95333400
187104024
6526616
136479621
198076126
68461059
38730970
194019540
172266620
72307288
55450455
91211994
70137438
167223085
3736421
232869375
54010629
10603865
128471283
170300178
257920077
160109121
168474743
236353075
18193885
146980253
46207154
180513629
267002129
79360398
260001620
49945413
170494493
186071422
202254178
150677345
77968856
100761437
234716631
253773916
79829205
165353466
208059411
177993373
149403003
64889108
4436414
93439145
220811828
122468382
89692378
232410181
46585650
191938188
258049594
52248070
6904607
229793296
170840570
143066572
31552289
71625408
247314209
15135597
18329215
17407734
248323424
172723386
24983020
256822138
94562308
138777487
153539326
35042973
21793110
138905685
79262360
18036491
192931800
63600412
54609728
252682744
40891901
140275492
187315496
67397517
195130444
135340754
222110376
214270660
225846668
246334876
146702379
236079614
191149068
253239594
243049254
247246238
593409
199154984
145891470
128110753
153045497
68524104
103557411
220358401
3940696
166883554
19831640
239506867
172045809
87105189
246982061
177232879
224638957
91014581
133447044
62702002
78781983
261580
228084711
171136830
72828731
96573217
258040197
178247480
100998507
236899773
162861443
57320483
30388812
225808807
63528836
139660966
140664571
39742721
95885704
39972774
209560193
67869613
101668225
238718242
74168424
97270054
18868381
197689798
31388071
37764571
125273546
194510325
116412021
149503787
240901064
169571273
197388930
53873356
191455886
262876005
40035240
42028460
100057045
215146475
192984475
57976065
171625262
159679537
36796573
146243164
240392084
218680629
48973017
123849096
19327570
65982244
196257642
204162680
105188047
177302053
40499297
159214223
205980983
216004721
264581643
78612639
116355937
204050334
204528606
111910679
120544273
72182630
34927803
65328248
6497570
202393036
133381630
63685912
50918584
248506425
63963517
82869550
158721366
61914010
111203224
180209358
23535840
230058488
102766167
19931748
28839401
249748179
108068172
57899662
10740753
72778494
148190084
239154129
128151303
59299463
261526222
14034176
81439818
84310728
1975081
141676293
24168342
212301255
192269106
132656089
197286333
83527535
111463956
25456115
117406324
221764348
13806226
2640932
112035580
184078677
202908654
18077003
34474721
134060444
112373081
238795169
40018218
135720720
179710832
123536403
225133659
183977757
122898244
25925511
219204640
99254825
234432600
197508025
249701262
31754820
23595479
122837138
241226639
124505621
224909409
151874639
54832512
35990085
130688021
148974637
60840131
215344084
193600880
198061378
250354281
141565941
812800
192188010
146853896
218723670
212302583
116359634
104239440
115237311
226929914
205951262
224301236
103051134
264441602
49991782
29906662
35125120
82252909
87671571
15057647
64131670
26736308
99455015
262385731
181840666
108490719
136917864
87277087
20203780
21341011
59289327
267742690
121923910
57827499
174630675
96577231
57238183
212916852
83055259
161998731
192031487
98022258
79182827
259994871
129246564
32586595
69021114
10177935
156897812
187854641
32088526
164069313
11281222
113461725
91308576
217303426
259344259
30611260
132896380
33137731
117253040
1735458
57825304
263288091
259945525
114276592
65703469
124322658
29380120
119798842
228311417
3122826
60948105
132557585
18798389
217974973
194811365
108205503
129366689
249580056
189190432
52705515
144461907
139152102
232112044
14496478
138587959
137791652
117058821
33470549
23309833
252806359
116710388
103171150
250137124
194280325
254520580
220364043
109014954
220600154
146674386
14569730
187929162
93330909
37765283
194536719
225728118
64020048
212225768
200275541
1016166
235643694
47501248
228975753
141535901
120077997
103217502
211939590
48108397
154331141
9105739
210399533
141935268
244418263
134560801
149127835
248496162
235350427
70925596
234675986
156876047
165129219
39351307
219846170
38911701
246297562
265430967
107283069
252689720
36260316
231058709
178068481
183158614
43438409
98796775
129983460
170095997
3548196
163581210
254868438
160956953
100218452
183082564
37373835
230205811
250770686
88024172
23780643
250498897
163001835
194464399
44000549
230034046
53243522
159741332
266531194
14632442
263294259
183166067
102176265
244518574
227418234
223796200
186285103
121380322
97857519
48215142
10980862
253456246
17168391
161537310
245651864
130039505
239576635
6293920
89570465
266179070
173048548
237046586
63534252
242905362
131783436
196653653
65224400
242418847
86628792
17193769
76897772
244728801
53716068
235148485
233984837
257833171
179254088
239550006
72581206
196402517
3892031
146528457
216015918
35772415
136788304
80629683
145069942
197036087
70958837
114350927
36757743
114702384
19059250
134944822
27508052
109367001
104415347
179469826
59231376
81983293
19542765
77924533
156687427
238953281
246629682
85253861
43776538
76248402
150884032
59816862
94440753
147820512
3791585
125822216
251670033
150167689
3111063
2478540
149795742
45569322
236800376
235601993
22054045
150846277
24608995
120744727
210635996
254662255
75286364
232658015
231208200
66259059
14762258
201767064
53836966
113219733
155650087
175363456
71428576
168809862
259506485
18132083
255509693
131873474
48921854
38170717
38086257
81007723
110152932
20797566
170049656
120680670
138972444
109170376
73185512
68274381
15027017
205855092
210909492
54604000
155805007
27463157
49395390
190641688
117943056
209838376
34224225
227075476
240129997
249029227
122407414
184739250
8755710
129000814
127034034
91033610
218419834
216749107
151711294
89248447
114557015
234533935
60801083
42720987
209021897
255438882
222270733
6153040
184979609
234826270
168406132
106810102
176498432
249560218
174380928
48642423
214180590
237744371
237648603
144746100
194166259
205228552
245236732
155988642
11735647
142921303
63888801
5523263
173403777
71964094
167838078
17483902
92562943
56905414
44924941
186293995
96855488
117210457
221198984
208519908
77599486
253434261
179235797
37717728
196289195
136566122
62986792
265114202
128276001
263848399
126514844
173396677
150360482
73085701
22845714
204295033
160955935
48499899
132980221
35201720
93373531
213701192
188564604
76968360
160131400
212243217
177861823
126881874
15875013
164263662
247209641
70348397
87622247
29305577
109529445
220154001
219048930
87250714
4228549
232937141
231577945
99951303
24602301
24276614
38090112
221711607
242070338
196605277
26398502
4331713
174425123
107042843
118273800
97751925
32281374
180842335
82889780
20565492
202834980
17282993
217254078
123539600
57764953
50985593
260323857
27053552
216393411
127556542
246933154
177599029
260378076
31618683
120730344
186850371
42535263
33132521
241535451
17062667
59623416
63755804
173210144
192907653
80144072
117484291
242017380
128448704
60734445
58255313
39743614
31320553
126592292
145120016
6457566
252948693
67337532
233603442
91967183
228071970
12340885
24358741
51748794
219287697
71984277
238289166
114258629
116688209
256767272
150438917
116906135
211912396
54571673
236493494
265203837
264233152
8511229
260635105
254258319
135525889
98537451
249775137
72532557
107691547
15554389
141742582
189259726
208957227
56133571
224579954
203197207
73850142
206401168
81316081
257448320
266739880
241654688
167677276
226885089
60939376
143841582
195894760
166087557
88835670
21365545
38178732
80929721
170539055
261689302
48220710
150342975
9666934
96451675
112308753
257400103
226876323
162338732
161279
149492866
215166624
16084055
94162643
248392519
141550863
124934950
208078841
18464524
176718628
120443846
229303005
194346018
56206716
248190290
34069325
170891897
113091000
69588221
70467161
203336144
210390475
172818755
174370141
181018200
267025870
258222944
185596572
99088514
36284993
162181921
17521140
238649582
146843921
21715851
265232597
85614065
225835065
4211355
7360872
61281918
213486359
35481350
30956802
264564201
120079592
266879602
127670735
249132131
247899679
131562553
5972664
160223064
23598540
26993899
238683791
224869921
184031520
74602732
35592655
91396300
190543098
225770683
175373918
58032086
113470948
178514164
100526403
261784125
211290880
55819250
76333319
2747881
241004223
228996876
92138836
171041376
251715958
121885294
192946245
209556241
172039149
267735680
84962374
134517023
47153398
77544314
33379429
568131
59525173
21125713
159237661
211724739
221849263
254563019
33706186
125545862
258702
79886924
249089159
223105612
171249082
263127195
234987072
266736129
23285170
56081595
220254216
253053060
26727624
210085898
90806062
53101566
18168573
230198656
108173609
8525892
102084299
160074346
24387897
169221443
133783935
246308922
113061124
50022318
28598836
122070276
227800338
194704139
205619382
125297890
130780935
79169819
258757068
88044187
248827314
58396566
53485202
248378596
146929630
137087084
204227284
250819905
132764302
210341110
243560436
124365879
168711588
129735687
70826783
265897821
203434312
98250935
210580891
138752592
17822926
77239181
77853354
54932808
1853238
131061959
53423304
2473428
22633274
191472303
268047808
258173535
139020600
127926485
152746061
37057770
240292350
66406013
260867804
55266595
169276641
220751164
190026803
114438746
68544459
23593422
205714131
180978016
7199140
112099379
31157794
140157686
146366106
233699782
211394035
96103078
179110481
6279846
43955847
173859456
50721231
118848347
78778966
226017927
169803819
89766073
50944933
146240291
92901570
107082081
53292036
224792101
116957487
176315254
254016619
128374587
151354402
143936847
61156821
231405312
89919862
76781421
3826481
82829581
8859949
134931922
146228974
229905301
10710162
6909503
167289443
29881913
32225344
243673039
197894474
202636815
46431069
76666124
255903654
29042390
262780457
174606939
166187469
33550322
205376868
79424833
6397606
184898215
169216559
66712578
227814876
218190148
19869970
143106231
209954456
113527434
145914619
100338807
89017716
155304284
9661770
132554200
223736840
81238151
2620436
29460416
210417173
145614603
256290820
76801742
66635884
77602913
79861711
212476235
261304499
67054422
121414949
53930286
34616480
216398060
53610758
134354079
91514146
165528373
48300988
171432106
34308802
29479611
181194799
227838550
231473000
267041653
156283049
10200040
221428514
187335823
107226921
150994685
205250067
103070739
228157371
249630299
214979710
110963733
214236183
7006932
168278261
75230915
58577046
92738821
98842283
151513298
31856800
238789924
134844987
159440509
74881404
35037572
201767430
63801067
63202555
88444552
112700609
207545387
13817875
169168674
20935957
205190439
96652049
95642101
105283414
8980379
72890297
70538804
155728754
133777646
195867808
215083174
240354770
225173840
7697286
236649285
160496872
89332022
68997972
114255332
838060
128860263
26626764
241515347
212559236
125339527
212728984
252109177
194183856
119714571
121003158
189409327
190925445
120868010
226095288
88790230
25408775
123962308
229314781
98174864
217298289
256499904
175305515
96729787
69337999
132242593
85212263
62947972
50326033
209076772
174911255
102840504
81445876
265383112
179367470
162263775
31167181
164655321
103360641
138705728
254879042
108078262
247556329
262805778
40863854
261857329
13393504
224237215
51666485
244731601
11446817
153427590
160872353
18090588
151154096
48753453
186121222
68235911
79201475
229697093
137193468
187214346
267077310
105325386
37305698
147388075
73971248
167468192
17426065
67758755
68429386
187059805
63726986
27615258
122836817
253593971
174199374
134299619
259216663
159608542
4725802
150904599
208169603
159442396
59331815
67684852
148946538
158184968
254764384
249981518
188703590
8434730
212859004
225034376
142357174
198936280
180515213
213271333
260173936
955878
38191043
6001217
71495008
125068728
199659747
158276195
234882219
257009258
101213963
162398698
27626903
79330040
94842460
243761026
264981385
45866352
125342571
241109164
239078361
117919057
2625930
125115444
267367467
166883188
62957634
147511195
30509631
235278577
96029370
171632541
259443468
196402072
214438508
71340470
58108012
78877669
135182052
157444343
173443032
202486133
126027286
6527548
134385422
82271226
155766264
3104761
63407683
23551013
261772009
61142068
264501775
145708697
145492947
262696486
88241968
20729479
23004094
203823130
214063042
241815135
29636465
118500388
206267577
260568768
261189004
142226921
191144125
148432377
95471929
123367882
81262535
227409270
19372288
186728365
249513578
182762619
43961038
232697625
54456079
118457245
132696332
224273161
36829340
13592949
55143272
13876047
27748986
101219102
165381907
157439293
69675374
5133673
45567301
259460230
100851943
241408422
76397129
251360005
173163104
111480088
202501311
241326150
43558058
250855593
50201911
112636764
207294290
96327853
246195925
180211351
188821991
191651002
213598760
177409418
175218004
80992743
212888618
90741316
264188009
131820698
104175460
265645955
216435
123810490
39644883
55228061
60904196
180433516
29923754
17433759
245551785
217673249
116471069
166359976
224140314
100694391
116208428
82097691
124055789
263335103
190228724
219504460
1031897
266988446
219885848
145717886
131417948
20743375
13320215
234260033
202451154
143974562
5777685
195789909
5210280
203476588
172692312
162662340
70003611
135200356
65613516
70571088
53255444
105484427
221808238
60548877
178938466
70515129
249520523
99911486
211732728
266695933
40372022
134513275
136440247
239873267
263551953
213960494
4999597
146703102
63936218
71923139
138064562
135465303
36847803
110523178
52743127
130261273
48500680
179074566
262608322
65228658
24371698
262791130
4682678
45492447
19629816
190398940
201383964
246243357
239570083
91275391
147108626
150086424
123226340
143571370
58170770
137756896
179298803
194343072
142290203
225665445
144785510
172015637
114389884
258990948
236943739
143198049
204062781
226167089
156669213
60371134
256578565
67580891
99237231
175077310
15290948
8620258
171240528
240107553
154385048
240885904
80951964
69615573
188411996
77416883
74041648
162860842
191518767
93724254
22908830
171439285
33615217
191062969
185860286
251092819
116799706
241303843
155900875
200362677
107602223
107705033
110267507
177727348
184767971
196264962
130690903
233692349
103272843
10727032
218600992
173792102
162083154
26088766
222165621
85026439
5949919
53671595
48800184
142468108
192412785
35097265
116390454
193364360
130560884
89003669
143887749
246325623
66322701
238792488
211293127
210602422
215906815
170230265
19926508
248661922
169190687
46996246
103103805
8639211
112298279
249247623
243664883
160685374
81797630
216774516
127552272
106091629
45733155
208542244
170710287
66296980
62348755
110064354
75901055
184211693
7312261
198874088
153043890
9581401
115753674
42977796
227554724
1005334
60463564
80434410
14785746
261273170
206099214
167095991
74714511
15394611
123275750
158192458
83596970
135491298
254407842
100424400
151575381
85025438
238314385
156448205
14802286
136083334
161347640
4070699
146135537
8559936
214464107
262145764
85981912
72071242
57678163
181703608
31070438
90651463
229246398
244580306
187690249
233765531
43224906
93699052
209848258
9255412
120322358
232803459
140730094
134129100
775778
137637758
148721808
194691271
102570006
152692615
65224461
212395829
157567973
111708477
32500731
54542589
267098079
217320613
211548268
120778668
25504872
45410488
90300722
169698056
165390886
36178021
178322453
2867311
86429558
118722953
103775363
260738647
46938685
118339059
201524093
266156760
1998590
137558975
92757049
120021825
230174260
94550077
222612767
56856951
158537283
36362694
85752121
14658123
232121021
183412115
3634671
27537316
195344844
191342816
52685006
244571477
116609115
54975962
16216476
201436308
35023334
196709751
234218197
179707376
133095543
99631637
253728983
153738020
46004623
101328984
161623798
258833375
195209367
83778909
95416830
82749845
231267918
183307710
17767308
97335542
191975764
129598970
24985709
206805877
75799571
267830650
128174430
103636891
221156071
74828571
141935970
178415853
191793125
87588166
177693113
69131417
197054911
196155449
136319236
179022743
43214191
160831268
108316021
153662666
20125494
208730970
184510363
192102550
265575721
67165919
106124742
8504585
250966833
61561012
216439256
254285531
262287987
120775266
254935686
141388388
4462034
17154680
63920341
42404255
45743390
227001558
138251311
115364738
86028005
176691036
106672877
228747328
103018868
208492132
62018217
69361155
74744256
15046531
34612449
70900563
34446506
33836049
171800482
221888049
104373430
193621291
136801937
174892644
54848111
207876750
41330279
250858040
26708436
138332040
109384344
154127556
208069157
16770153
42565830
267173707
92160017
203080374
216425906
138589585
146338653
184903057
43327598
259073944
261192390
33781880
55518744
102542841
27853052
53707369
105348711
78206072
31927768
37085433
208772283
161711036
133904071
171190090
146330947
15868806
46444085
211533854
149967769
58415311
170491807
184017668
134696354
228036557
17520823
176547748
187789849
175265917
115132967
123231290
90743256
1706226
91981173
81206410
254180848
233301524
251080400
61096016
125694753
186367704
5313660
106103658
218525058
262671535
234189203
261012060
250900405
20831485
210171788
254886481
38442103
25879781
141571275
243282826
127999283
136250207
15417569
70843070
80210553
24262546
201915688
97245767
223047204
68099607
141848188
62458063
78117026
24452431
135471225
80940142
43337600
86883405
105222753
64398216
195290615
142712514
171241786
204735741
236991273
126039798
108876965
170958168
71023273
246956191
15804775
21345613
156468783
140364357
118968459
44832131
104226761
91034467
92693238
144550601
145840720
203474055
43430338
244521137
168266750
46909412
183131495
100073620
194758678
176905786
267968897
229208675
117013566
227253004
105482718
206963153
107986102
115741719
159852198
213505327
98135644
56125390
141417876
171152487
46570018
50462765
114054025
15809461
216230608
171844193
177049667
162830443
122810337
205687197
117512458
229179088
75038032
82487540
59629301
234626215
96521370
194852429
114478083
47731949
248721581
208963247
198459894
118170695
126269308
155283721
106823431
111340352
209881078
151622014
24257765
159300564
257890838
88875480
217188935
26448422
6968991
158607868
107812343
228700106
156118352
102960957
128922113
96315834
206857076
7968271
188617925
118200837
121372992
10522949
120110715
1178978
167200086
145708921
138933551
27814293
32522154
78170465
53168727
16107443
6084816
141994757
127162944
206150230
125147209
124257539
211717850
53687421
252157950
111570844
267052736
63139202
183098469
242785545
76362797
238445724
207356739
75038676
177907657
4923280
34848764
229445646
47708878
27371407
212897933
93373962
159285318
48168004
133958437
143791102
163597450
89028385
14817234
241719569
113208875
264750501
108781794
182350193
12945720
104937581
248238089
177503786
80823186
199483010
204637247
184038752
108559681
73364773
3602679
216362568
208569445
180985170
40438251
246741567
130137205
250992026
63492247
175392841
23901864
44805640
53292320
5516608
198367792
194167901
181784701
144133953
129223601
12515797
83261008
126333483
41390964
115477301
179372903
229184971
19331538
108792659
86959154
251308571
163247679
76518911
173955167
5645707
81906504
97124549
258226516
74634749
254933948
261512634
242669144
16437581
2219316
243021206
138251927
228497534
188218946
11844101
199734551
87418210
105557918
27805428
204989370
21659996
16891610
246863238
98206601
75916828
234333857
43120866
38150671
6518321
159099987
10320566
100368496
169275938
234773018
129415606
55567018
268369446
203599610
75334060
254461729
105015659
121425709
246667244
238721769
182738847
112991221
28671145
59418638
209248609
81560641
212755565
236506977
18220852
123337481
86867028
190748897
252412480
137198203
230920348
156893913
86850480
22838467
81138036
217992607
63458967
181348294
219871632
195445103
67408715
151843349
143239399
80874955
42158461
15019387
144071476
34581668
249650337
114561617
34010348
235308311
80902022
217962981
246299991
12848005
53561057
120215691
21064789
37858065
187145640
257872013
8662121
177083071
1833137
248571021
153818276
202205708
40641752
247915303
167931018
109383191
98624653
219953963
25289733
204235310
68599251
54542112
157611122
42361393
205281696
80826381
257885673
65941386
13669172
247642285
46285154
103217534
232698497
84549859
168750595
35090926
153354786
117868565
58400672
10796486
182235701
43659619
219832348
249034278
78900003
188835994
74132234
107375598
42726039
34024599
126429701
238069567
156046433
184076645
161314096
108454438
20968788
124945870
243048202
197708304
136542016
167306558
109021881
39045961
14786095
171409811
150506784
86301450
43031249
258905937
35528139
154165378
107640063
142546343
93959078
135895567
157162894
246976646
255423865
191565660
98909744
105245806
3079432
105621207
144917570
119532399
107571941
111742741
33499556
109889482
58279729
2472382
187073789
934053
209591271
157578939
89018059
8359814
183977266
197998577
88539420
52959404
147157733
111577271
73060172
52579290
60474378
167936284
21950924
176900295
34616763
144382684
4342682
34637140
217765039
249706573
195167624
237194212
72682775
187251276
79846699
118987376
34071243
74287596
79200565
16282988
39332688
195058309
83871028
141378117
217980075
262326111
94378560
136754941
157261896
149573522
50328137
179969374
4803662
185806234
159957888
12325144
130863728
236739510
22934717
267567912
253891778
230444870
264117027
2347605
232133521
129940872
186951181
75039448
177249871
116517180
672644
249607237
248138353
254900986
144054450
239122225
53753345
37686009
98882632
235888936
244009654
259518813
197598692
70463725
16133526
234314431
155970479
210570557
194625627
82203214
1814634
82154911
141571923
224129846
148311674
64296322
122266434
19023030
71050889
46826843
39762000
21662752
196790276
190006983
232360314
160133804
8420292
172208719
44768364
189931474
103173661
134418098
64754758
108908780
104458551
212582594
221023792
96822648
118529676
264609429
159553256
160319156
69249112
156125754
54587432
21287012
33210391
89025413
122750713
194532711
71889625
233162154
259846470
36365216
66427488
253024486
34151289
131974022
38911549
262639123
40670443
243301136
65370205
155088459
92150841
229680572
264356649
94694987
62166946
23926617
200270254
31371728
119559369
213623120
213467631
184887899
250867319
258312527
28511643
184817102
187045375
120031773
245223018
70560130
140566058
209454580
130008749
108554606
22934345
191977499
44966898
86146822
264353556
128292043
53083958
154684840
135530715
56732655
221441009
102130782
26468043
163567510
31086224
110714749
156979712
75733862
151728451
35685207
255591612
147217042
49756938
177582296
63996305
202737531
64819367
161646158
176235487
96232265
260283017
213277829
131413388
1595860
109440909
247762091
112065771
68095802
199756627
239056548
133515935
146701150
93662818
41196351
237016236
40806494
245244511
151362203
140573843
207495570
209713747
28183756
136271937
175865372
253953260
163012030
252123706
100018947
176173603
188933052
238053976
181425565
131509938
76697820
87617244
147326657
230054961
17332206
135606538
140036724
145255389
58040304
251676541
106840443
150450480
184615332
241344040
225456094
197938475
86766397
111018082
192213706
99150423
62249426
85322709
109811631
189026622
166837986
56249993
183828787
181242805
51822115
70133359
238362545
204929655
172376365
156090412
212221691
114979255
39650012
152881268
146088005
198851591
6170514
67316807
239381859
71990107
248578419
223095682
240617207
112669987
226935246
69784376
170721526
125319356
87546553
131712073
77355710
200304224
19366988
105942034
52157028
147231907
164970445
27865977
104239586
113595387
23236667
48515948
194545562
121614282
129460601
241525980
52325627
16917630
170635047
161400738
220049717
32593740
215318037
239801500
235486927
36293093
183940193
218448952
244678502
207788927
30414556
83478269
122319622
89859896
78885150
24529500
116097256
68028473
163911904
186761267
32749997
234541649
56801640
110683388
127469171
156079958
35199358
195208651
84163225
138167780
53822265
191434038
67067806
250721924
238417708
216175507
85706797
121515331
186345563
197413994
92804914
185208281
170905797
19772494
230049062
214296882
221584794
253671665
251854659
147043080
7744664
86669022
174984837
16680302
108889461
89835849
106439873
261234857
30314839
34741816
59679714
82675265
242974275
28026803
262173436
163678007
149327563
243832961
68362907
243321967
37706172
222981309
184809675
136441225
263840201
87791558
35624799
72443846
45607772
45529616
52226438
232351766
210865408
65896669
111996401
137047406
96313217
163009040
100372374
95972212
254842913
161015702
260552861
46826939
254481681
237132745
174175643
253417400
163766515
58014916
77929643
164846378
41537102
188384864
68581877
241536004
211914772
16577930
98318875
178311519
116056004
58331196
118854117
163180578
240005629
186662342
7873779
262132452
100366149
87519814
177012903
163595386
96529918
260338810
225019013
49138429
209156661
71809331
8254222
40778055
234374447
53384787
52319053
264776172
210698251
137630792
233240076
184547146
175944106
30843897
13873931
176404826
139146845
205460484
13178598
229012472
225617097
183165257
32607514
120946627
209772180
149477708
116706050
81701589
66649908
88967885
137103574
142402113
91854673
115817093
261120902
220488323
149323734
45717909
201966790
171106653
154076054
36558266
79613582
263693466
162893996
201254744
255641867
5010825
48414559
251609164
85210936
219952130
100702377
74167897
143835461
69585392
265146926
112493401
37846474
222155135
88827764
58553597
94955618
175997291
216535303
80405015
260454353
53173200
87646216
231631880
251810262
108166228
268087662
121188879
227535698
157818942
44045648
63123874
1678007
60141421
782403
219152558
3195345
11011639
186310956
194251597
102018233
7491190
150223346
90986807
202840955
60884940
150097977
208918114
226090282
81172856
41390582
236851707
115815624
94828407
173178167
29072090
43083110
82994712
132978420
19471144
217487948
61828057
129321617
147339641
6495064
108768234
210688806
145772261
48922108
58192497
71394981
196465097
39031381
236652583
219971563
200585853
196931575
117880933
233971273
266416684
226133259
128391349
130383061
79191411
224827992
235396757
39303179
142485557
141731947
28151473
219364405
130335302
128129825
194529803
224779267
63550696
172945043
153566117
141941293
44760530
41350698
174019285
213360359
118782909
156150211
123679057
66895515
110436720
219753015
184147998
5062137
161268172
19227500
41535297
262449336
236733265
34346211
140764264
105467932
115455708
165197429
9089027
242326722
140348303
202618915
194763655
224127892
201611398
98123736
66902168
116979051
119869993
87384379
24330375
158652928
228440739
113059159
106884807
209381913
139762819
86952056
140901736
180409287
254398467
243704104
225027910
58578558
65939312
72246501
8222561
123712057
71500856
182424943
85190529
225609831
166251680
182515936
231062832
123987162
267344309
61956958
182916000
184096674
89677355
174837306
235410968
191906520
179863322
247299224
238287053
121303342
11523705
117939134
155808107
53172574
16484255
163395267
87716929
237928276
35362795
201740445
4732839
197735709
29250997
222078663
104378312
13437866
263548972
239637310
91358775
68310823
201002034
71668260
252421972
121843590
203636448
38831898
46140704
178916655
166318292
74969792
260990760
220246479
35429026
53467077
203195357
58441184
124972656
210955342
46577566
69603120
263117913
259088060
3344830
88866499
74844986
230545459
151714759
2243915
156245949
116501607
238410923
196813932
214609857
201371784
155338250
234787523
25749599
189924668
33136909
216448059
245349270
127059672
5638957
190895926
33422817
15710828
159901884
3786944
130525652
177639305
149963172
112679961
201337400
29238936
191134502
151359865
250991255
186409100
156306400
37848688
257404562
232357816
249946260
237492202
229040240
121152804
103257878
84809480
17452324
7470978
76576279
103002620
96695894
223049897
51368730
49644289
259186311
161148119
43270908
200449009
172568452
205694455
212386387
4560909
196141003
124288958
83014162
136219199
48763974
244222906
205180244
31425415
77534797
208927068
173421999
139886773
39209083
59653591
90601416
195996990
30995453
42942578
235665929
197028747
35557371
140921473
110256376
217850735
9097695
110612032
7782422
56909935
170915588
224304255
209179643
168222783
148206806
109297664
218472623
259518637
68134884
29648765
246331305
221463493
105669391
107812034
38840690
136507086
255454701
154208077
155571274
155576653
268041671
104398227
181020105
106167691
259557751
158399832
176327016
130054536
160948959
253425274
193290830
144368213
76325823
205697076
140320730
65601879
30246876
91897277
227932278
84023395
218771966
162424069
255350049
221160462
185415065
42744973
238786446
245402715
150732874
204095454
4853373
196472951
191230563
134429214
181330952
200354697
262736802
21078774
121756918
220036501
81225305
72281186
166665344
104644058
168979999
129721449
223840154
76079903
20666527
230528466
114838759
259026801
220608770
65947287
166311405
28323774
257034455
91829240
108996080
186701707
223700808
192776964
69475777
197962698
86267178
48617941
62696815
200458380
128212928
230477568
251401011
15734073
90022944
214684799
178876543
130216324
161813294
188298794
57146857
221278864
147198084
217963067
21336614
93444040
125531112
10850128
266879260
70340825
89907570
203488977
240392074
131062800
96947426
57103004
49259908
164283513
254110062
84904118
149169389
147539504
65160577
227507903
174504830
216784644
150115132
63775428
200288574
41620669
176135399
100031615
36429782
69096161
265901904
88373387
143178902
136384553
160880412
68058728
18198630
65135053
55263142
170905214
189538393
242183110
83229581
116431649
141072896
212990573
108249716
63254285
222734008
102346921
65784154
227873990
166222542
92404626
36385421
257669793
211786692
161125083
249540249
238823729
255006511
203967374
219409916
201385195
38845884
207586562
225117327
192725136
199322670
64248258
3825650
19880870
118897387
120395167
13198779
219697222
263769994
192214554
248580674
51131806
94725423
196425578
89436253
241563473
241071263
99674076
76974654
167233142
85140609
30416370
113360943
6749397
230198215
123395301
92659135
36262332
164341378
206182872
82808496
32824650
183307823
122951590
111268810
193851020
21804074
105179148
238509232
187275976
126468978
118712626
8911150
16540702
190230773
111937231
32083473
98521649
263534793
237835702
114644981
191379521
243209868
139471012
194838534
117937041
96220658
26078122
77217480
143534218
261510254
251243552
175588636
104179077
260246601
129964561
57491310
111579970
16337595
203370647
45125685
109530283
98493148
47554843
220813919
1817041
11770554
251743437
104650129
71466465
170163339
143745488
89995242
193386564
251911507
250412068
129138493
30127735
264772314
133639632
38335149
239829240
112016225
38195777
210664895
28565212
107856893
14430702
238520657
203150759
87107779
108895553
85042992
148064436
67558370
77526512
221302557
74003293
185761319
195421881
17463368
113559821
218084292
63210498
44952089
38710289
57858216
122275499
99997230
207935565
249885860
184928324
163380338
186676877
217941618
198591330
48609395
230425280
47127256
122370208
72639719
13186720
41428346
199310719
5075947
119832910
19845313
89633678
163250854
245754640
47765725
193710723
161436724
170846140
169685723
171505948
130445894
199060807
46723912
242566758
234183472
163136569
219292777
252527597
130126013
129411623
154590808
159238445
147346725
203934684
246827008
211786429
173682521
4187913
238089037
56632737
13287874
19920599
152567612
159137065
175613124
37424122
97680036
1358346
245958583
20721111
33808927
250142474
194675277
171674820
173260105
84963473
198922568
148489361
41975698
133461517
49130169
130943104
192983763
34727299
60031525
70577502
50957430
209586450
174723444
129790272
53841269
148848672
146273261
68667796
156186408
90136649
258236734
85066543
168488379
25384866
163213643
55023238
80837646
77287174
182491102
154753480
152361802
237959232
106008429
50542254
14971193
144949417
86831689
68708260
103158770
249297687
10084892
96362622
64270943
100195639
173634048
152052573
151625388
192065985
178342024
39137266
124318331
260097738
200640953
237362139
4182695
33173372
216401554
178348997
94795129
171723144
169646886
181760544
151459292
172940819
178977860
207629357
218073950
265492753
63156810
260954331
97839157
220185341
204243871
19814786
159293968
224573739
75587136
132703130
89467215
130935312
3628221
9905635
13192299
116189477
94003541
81972626
258513847
197569496
261338652
198415761
222597763
48116429
260623943
188965891
157303728
182118051
14651549
179865078
39280188
240629390
163104805
119316610
216287260
19830275
223387127
59601354
134532803
204073679
88548529
161426171
84987421
10887291
71621040
170501083
246681564
187991726
249808990
255100868
171472566
135465276
18654309
26430348
22889761
94873866
185695784
181680426
200965520
224415779
18338685
50433131
118350995
105092575
82755948
108019716
141773719
246731323
139007501
165356228
73156813
204086745
198057242
203740869
61552449
37027196
222114679
183909559
61393789
77887952
169422446
206189830
172210665
201283376
241075977
158835724
204473692
206496397
169443318
95248942
66149618
107332362
140472850
141788456
88400682
222344581
204440249
120488572
122496423
175840569
210448897
157081434
176528969
190365924
234867106
112178205
46043253
10837611
225378124
53018881
63320668
154869458
143497668
196340823
131645352
69138538
238974600
95987799
133029678
119288923
91126186
216905645
25356446
257583576
221706491
62094233
25946358
259702648
50686246
218635023
29831153
245783175
177873123
238741173
218080614
155771122
215335687
254731373
201721858
121256160
25488282
19730370
225451804
143978633
136433063
60906325
15200111
78400867
132304835
167879893
68350756
238224778
156923982
71560375
256693423
211577061
230314325
168120095
106509102
84470797
187525830
82721130
49741489
121508067
48007242
91488335
79152256
133744480
218953565
65955333
13756208
114274601
12873421
110780655
149749789
219346651
106865070
20497663
142596458
141827331
246567893
107088193
87261319
128890342
82210488
119065404
138931373
76931018
203580154
213410690
219998402
220349545
120632865
80050156
106186897
248877173
143654312
129889142
16723037
167868916
32079413
173841412
140228006
218878996
192910646
213023277
20168280
65087692
56767434
52706830
219902944
59815521
238424686
78366031
183049637
131650204
153963957
187819028
39198680
180312285
244497306
194793169
31167940
79941950
97720859
154373086
43908879
30325333
66922238
71481091
252749394
165009720
261829891
32117183
28997297
9940188
77083800
59633913
12467978
170312354
266542938
187920133
146295225
247713352
148114111
186259055
150005917
111730578
86038085
266946558
131402449
217363167
158159486
88740224
112771956
242295096
82510696
154382369
109554759
97877446
71091595
71424788
151834044
194582580
244240484
85884373
98344955
252127733
189309623
185297045
89833978
44121026
165866004
48616744
96502537
68450646
28124954
28291748
57831717
207689725
141897488
45459955
30496425
220349006
194761679
66502880
228699712
70503611
227007331
6330899
190616071
215787868
219807540
15725616
124671349
79183067
20786294
36540435
233044036
187394428
166160473
90633007
188192833
47389281
232399073
214685783
130351123
150589636
181556293
228906873
36719327
78376208
117175497
23325939
94207219
99061441
1912832
89093300
188942693
69412014
40578821
37511465
112165665
144923860
78362806
226927691
73570836
30391708
130507455
244903429
15660272
265331564
193745583
251502984
190151419
115271878
122077795
263806015
159463943
253480881
75311230
170945105
199369089
25435858
206867653
155967552
93720523
23413440
235689048
174965517
241205878
19422109
92904643
226796176
21040854
252958847
233574041
183125660
165483311
197612255
100272670
167191607
135159657
194301328
141163053
231908774
107600348
198563890
260711238
31529694
42838265
132199474
95750127
159716518
233724103
177212986
150904659
73454824
130854070
1956587
122132243
102189384
175294234
162478622
60697238
4423814
165414598
28503010
167703397
68642114
161600943
13213272
157244782
162490219
137797850
66848677
36724496
253325168
129480265
37677892
103863151
174083916
86594762
175859694
178571374
77434928
116190423
114147759
29250382
179336939
258978001
213685263
120778895
128340330
195544455
14053745
14854690
194822595
194897303
85941962
73351760
197457676
162060683
119457480
261261765
180350398
129441247
230373592
98828928
191684308
59788211
56411487
139281977
99029997
113247155
121910667
147705202
101694101
136638429
191593035
61791046
135008300
110333738
194758327
69995073
179046238
136372348
230110251
15024663
229124089
108811399
154550005
59786150
228249511
141052057
53884583
96867874
186981734
13760260
34403043
151562412
205500160
18811905
153432952
49305191
152132247
165586813
185832256
267229719
33701114
187661280
28645861
260923473
122407545
11071405
115307092
155829236
424086
215680370
153606197
140214705
89985762
152507361
263860953
139915981
39927152
173037086
305360
137391382
97196401
219004642
256556083
152203374
23740587
240472384
72529298
95159382
257898827
82912264
206171235
193336406
234555008
241456755
136215209
242101941
206424788
67131484
237433435
255526070
12348734
168964978
142046881
225238415
97866322
202056843
185859943
19194727
41329873
202137459
257244006
125289158
206688040
256494941
218959172
183668784
6629496
267790339
212672221
255667875
183392460
185654829
264459812
211940746
115341052
130765566
264404
200374101
137976286
1620037
70204202
140539709
53006055
2169915
252307271
184834402
166935817
176863102
5591249
125909413
95476043
105743362
224020852
113186211
97872515
185402014
121424139
64917406
41734669
25043965
157652393
53765131
84620183
264628869
244575487
60323327
36244817
96253305
1820951
36619110
89966755
159746842
218965395
117848791
119218900
231993887
211915160
34985323
169406968
216916916
214642448
124725002
51432934
184597661
73362715
206828476
19272013
12393162
131360203
85778113
176980739
184391179
172346731
87700893
51865178
111049487
8942470
255693241
178855246
41829222
113631922
114600881
165665373
163931301
193810654
210250422
14545477
81165963
70940226
12218596
141433336
126044776
224160409
45005961
227958988
154023921
129910579
222767099
81589774
257479045
47703780
193285267
51418165
250527583
4957953
28115534
107747703
79838043
61983713
138635759
263361412
18700482
95708233
51078653
97085353
157115020
244204995
163061333
38333706
74571788
51676066
262255185
160430987
201852023
234218383
210187734
196058759
42012638
118391739
248951245
27519720
31725362
162196547
140542055
245726161
227765805
240509451
233027307
135147051
253159227
48184600
28581602
210917128
107194065
37684318
231984554
169054880
184890858
50025479
142321120
101175030
92874305
248792655
112812753
151795368
51030781
204319900
160950761
32411360
191482741
155723979
267241589
112746790
158460504
61088104
255417871
95190018
1066662
148414760
29881043
75479855
221853306
176649113
209830588
92420513
146282783
189307073
244959091
114008200
15998328
192728037
98425987
116397058
1603940
45975940
213038101
82708446
153875009
217830491
108230378
224859024
154288012
32171841
85304051
256053289
130975124
128983721
128825280
144717012
50062663
219877928
180020074
72444969
198093543
208874514
257273368
92548949
223438257
175160969
259882042
246788513
61793648
126890284
60182346
90955188
133183050
181621198
201836031
105849810
86786204
106295867
27003141
140162541
139817364
29135915
139259006
3551737
159912951
152430928
181568160
121282937
21280412
210558966
116138576
172370054
71856468
113165918
173605572
256235111
134328981
227116505
49522697
108481080
259099235
134411149
246020094
182857930
105510292
132102784
52466534
175307840
74872174
76348728
167458777
186008201
122276823
2283443
91813239
173642068
83136917
183418754
199418305
33091763
74471245
81946875
216541692
232631822
47230786
9157328
141109203
40173382
259821819
59594611
243154548
250374417
139802432
216342108
77739769
5007258
200686949
45942079
263630825
139932129
197669503
184160450
170263550
249629475
12403741
45639732
71856425
257242866
47762048
62206987
252459502
158487494
17693158
63994898
216460438
197214202
60691897
194441658
211317887
159959449
76928405
258488365
26947925
228934104
16653663
231134719
37786901
196854931
187244353
220037157
189954579
35982818
9632438
245317164
188508315
146008364
26302048
19259637
5558819
52973714
146612129
190393376
148145166
198666296
13940160
6667032
553892
187815651
31638103
139692596
149932619
87330117
3652412
69633180
174494680
199657382
74751808
261230194
22781745
191409537
195630851
114405250
156587569
171976054
165070120
54819617
38287767
104085634
78375250
86058924
203902426
22558059
101021974
12644451
235170388
108806988
225901101
147119595
169758207
153566381
228590239
92130162
225020662
158334123
161137927
234737078
17134361
241656854
208022173
118425505
232357235
113753159
226836032
56181886
180161048
121511028
65682027
184936886
17872705
41473110
235148169
196772771
115385083
48753018
174544121
108016261
124936103
145039486
87225279
62015278
88388483
119930281
52939501
10015954
195350178
172849418
267724945
100125926
78397095
44765846
233729397
165669027
15077941
11067197
28642876
155895257
248508903
195941156
219025508
267122684
86055911
131072042
12966297
263322007
107324844
65971817
131657315
15638753
173701557
54847117
77212856
96180279
90807028
206065854
79434681
26884837
168126304
64519845
98088376
8178652
240402844
127715286
71424521
122028519
210922824
84159273
3990489
103569138
265456314
123967634
153426054
260996793
154849710
154751546
217523885
57232555
236793395
179403611
176584771
118153662
208555266
151726999
207590567
70339557
21996423
75143133
40228231
95193524
243293956
51360108
260869992
158101453
193513269
37847533
187082005
62645909
36799363
216901001
24272241
87377000
172903333
70225672
90880909
152610538
49532625
173253111
50291390
18190379
57651466
167712985
101040885
40112112
69592052
201415428
9894414
217305519
237516089
186939567
267818204
254088045
182330883
2543569
107029105
75271904
210275680
57860868
131088560
97396874
7489371
152187136
103089190
254899074
115382355
28733839
83311349
46373917
190992951
186773620
255210896
197839976
121320116
167773428
120250947
146194546
228975373
117891916
198492975
25677877
264422474
154729239
206991697
3203185
195376276
76951937
178358456
261158277
6612468
225362381
43714389
80302889
246794848
37119954
208413616
42213410
243761476
29874394
84525415
107297428
148302186
5328895
241183469
98053058
104143474
232428394
62192326
254264025
74913696
260419114
84185255
180281513
79937402
244500374
248553370
55906484
96793873
138243940
145577607
165881595
110664906
179662440
183847998
36832507
181280824
117706193
151534655
118657904
526480
166368587
6645118
168165268
51011984
88201660
210207188
39035356
145223089
176588377
105887598
81122418
141478993
70024772
147216486
64787105
256678231
67041294
72384706
60979225
118890225
5588767
206738947
148442241
167736574
108846077
71443340
226590465
66822563
192699340
239139891
37973691
225898963
28626609
125016509
172891293
106819080
3416353
42681601
12328319
97545071
161183351
112449797
200815243
197073563
16491025
122002986
189425454
100098048
115904419
51916413
212153166
194058601
163106735
219396406
745004
119321479
173288768
151357731
231079427
143256570
246577953
138644986
148186424
93835011
227250696
95639790
142482518
118824105
45242068
235612149
101868945
21071189
1961854
151251421
12078375
128485172
246442155
44652018
38802921
93587436
105310678
262341516
202125970
258030892
124776850
10642866
110126508
131701709
189382768
212362296
14798488
168183972
23401908
126428311
219482798
239929505
69300477
248337899
17293024
99466661
62789139
204005507
196175153
63789815
69428979
55835664
128197957
178875528
208610102
203354239
126071310
104430702
249162916
72484116
61775637
42489851
71781031
132621536
7367800
247017941
152674109
246817836
140090440
44755508
176108940
205714149
170602100
165805211
12569059
122113886
4997672
82269579
83237974
140352150
151184755
186906666
117245615
224176024
240191090
110571814
221542048
92988518
18473384
266278215
95709770
63218952
225284676
83515541
122266168
187846038
168584952
255103411
169336136
126459387
87822985
130461218
79638722
231772952
102453564
260889010
186157333
132866349
190414043
194590471
172833046
62193804
36610381
149219757
191624515
27284158
130519587
166617142
126791099
32958208
80767644
212869489
77233393
156201952
65297601
152262504
165752102
229491022
174613144
76645161
258844960
89596793
204412149
72618772
105641565
261477669
97306650
109978584
51798139
43650218
7958718
11916626
9652675
50834872
42833699
92707685
75445280
148394523
6866548
50935573
89711754
202117967
222956140
77715441
253800872
156807005
71161434
59735062
100937709
43510159
172745749
227239398
32233861
189686255
142849302
113303894
137599640
55312525
154257084
146398711
112947331
27557208
217256006
108419907
119569026
113004399
116260048
41429763
44292696
254412780
6078733
171450365
57434630
121164797
222076445
132683636
240258997
145651981
86836603
123676399
37336718
73248824
109716551
268226330
60975962
101591054
117767674
114860243
49030951
204284488
48467207
225673519
59960252
129216205
24092834
205520802
42247996
39080779
97536176
104535467
38580715
137993459
128745389
128271736
78792214
228541557
74176285
184792656
54994495
93064065
113694285
84334274
122725193
104297861
112979930
206922348
210909324
97015380
111931467
93390209
93177675
230350965
194025570
30814218
37816505
184783899
29849562
246177331
260673624
8952619
84017959
186391266
199674078
252293436
20514122
178720063
194643568
75108138
41155044
30671077
239868615
137975970
75492949
21067996
198413528
127060833
128469725
59060196
228298035
127675919
64754444
27621871
114822300
71066380
61889532
35290056
258158437
121677121
14912482
48950508
180957534
203354491
215472275
158268087
185856937
151616374
96644839
105717769
54877037
144624740
69558834
248874427
210933105
245373770
111589852
225918678
239213202
78919158
233260245
228080531
164732587
204896026
167524804
190891880
143770199
140418885
33986905
44513926
142016082
246182912
91357301
174944757
9509296
94523956
92802076
194915846
193041590
91458062
40521339
126681621
264592834
259036879
42836980
35930625
254813370
10126893
125494994
256371970
58202073
231202575
210072781
186245829
211741307
134593052
7407845
243330839
82037363
107703653
149097610
125140910
195689075
128635776
159681824
143734498
155252274
35616365
16799353
111607436
60096033
210953687
198698258
203460056
112163856
133826581
19427906
162136575
216350585
186697236
227804812
184844985
145631594
157471492
193891921
126679768
74119918
264647025
149826786
139056481
60406963
7699652
28365034
137099529
262615133
166116749
39073534
97873974
253889884
13950486
131399421
170577480
174408267
58449759
216370111
180495207
55197680
19952193
165875945
138694613
96000404
20381038
15577109
157877524
11781224
212532520
151627458
252121157
106758517
145455291
177511528
144668852
154388913
67955691
66913551
