435599639
460124248
486190475
343338525
312506160
445716013
300118067
501258685
280873155
469131274
482060161
449859926
282694445
357257517
378662376
370859795
348433889
338883194
348529572
304989325
324020026
419079129
442472544
492049106
451892093
443578119
533990662
294302938
464412957
512444511
471292325
291274491
294904962
299361461
309211674
407670329
499918141
350457606
515803104
481818518
327654916
305089852
494123509
332945178
520316819
509221884
388606771
335922967
390946050
361635323
270628550
284285928
459122769
282709991
470132144
317920824
282738360
278973480
399594452
306956854
282275388
378680113
408393233
298689368
406046085
519409956
360391158
442300271
474814173
419133082
520053902
374636217
522475055
394205942
518690158
427126257
389432610
490289459
495710363
404680963
391823146
343285847
476779557
319389692
419151542
475919600
481452642
327726706
454566052
510544601
311179405
329247196
362036125
411135932
425664182
477179703
351349966
341850535
410436352
429670491
416855336
342480823
282575146
276303891
295540326
317631422
300681308
378618573
510565386
437221666
381411791
453239505
511968910
406187190
304463222
424477867
462840245
384517086
473115418
522807675
415675428
355597589
310029227
368698617
446046044
464208381
383033354
318701283
314309208
437662083
406513438
471974998
367881881
431708011
429858434
445542992
321521969
390187066
470894117
403877191
368796362
404325896
531693923
343469786
396209106
309035301
495790712
392778011
532875110
514894005
405627326
285928922
293087831
534401943
456986767
379838991
315305670
336540562
335917385
338276591
342064600
338937810
360004642
310628952
411000337
272495334
459826683
309875945
432957140
307034274
521167990
393969853
532154517
315879954
437869354
387740376
330879389
344534764
351837520
413719093
352096163
290987766
288811504
524061857
464956464
342531389
331620902
353543868
272740216
363024706
279866410
342280809
521513400
441749731
339738804
367546442
317324224
385618509
396019340
290089692
322858653
340955767
357596458
455921922
377552705
295933915
293352872
425890037
396287992
500579395
520268000
528459856
491791596
512727433
328156819
430399172
360726457
449530527
279223882
498781542
353131163
424019342
498250455
466175557
470589075
516675029
375589507
498095274
295996201
496922001
521793556
437659421
473790374
442305247
269598263
294072401
368007404
333739389
457303224
381229522
408555781
525505524
324409854
507678946
466597602
310754713
300835126
419338012
500900060
272298562
514220441
318053515
357746745
362307149
434936864
471054388
532248232
275574493
337130261
313679485
358970835
505704592
295580860
393080663
376749859
535347966
455459676
308476678
474764965
284229979
278512874
502688277
384232798
501635881
276526575
428320161
283345995
359132240
410262000
459060162
342673119
408074520
474975088
533448679
322144886
321645456
479910595
372137161
409190784
339176419
534578932
437974032
508137297
456370680
371483137
316592847
513818369
421571354
355704747
276158963
517722720
362827459
385585589
394453371
273682664
485981042
446175805
444490201
508256447
510460281
467553638
524831117
316037146
280376954
514538514
514102584
452694880
276429520
353120812
316593057
490209316
346253296
275776242
488012167
393796918
285973774
422908367
333020835
506635122
409532109
389307742
371811212
275800887
423038295
305486855
395620812
380338153
409551945
305832519
473771841
419773309
459273346
453817933
515330882
389471673
443479201
310575137
406666204
379168461
536454383
317629098
289466241
295355141
377420000
272777988
369556312
290756613
344952213
396988350
329476768
461677232
490098272
484581816
304640714
519577217
314621901
424855604
417323880
361512334
367386231
405370854
504957375
362614488
417923243
332346767
493808133
363011056
353561357
393390991
462000025
523577399
332629436
490151246
493318624
495594367
293061764
363288479
352312736
490908335
336078382
426124810
399943154
498865646
508985507
329199145
373143705
343557106
279438929
365224357
282850491
378477659
414691554
398377112
389913372
388849869
456062819
436575027
269062474
349167129
321146155
509320109
277220241
422453784
504604465
494998904
509362903
414040762
419322118
337732047
401522038
353238398
501869834
408859657
499956729
333836837
381578473
495897534
507123984
503937757
470474545
322324797
503243248
285914046
351184978
429120503
297063544
440749257
489989148
449543366
433744687
458474806
512385253
275191140
439956678
500928555
371070591
276300111
431677220
519000431
419191191
483180825
473352122
387631234
442418425
284719557
400161125
492090101
302791814
430038966
446522585
432846226
511171328
430073849
334979734
487394990
324671268
324601418
356340372
292024154
339375956
499224229
443455800
382966217
408358266
334400441
339502783
402734937
345848430
276234823
358350315
363899113
453433510
410193182
478339817
434609267
346436023
431802151
388179738
304130957
392422432
333312997
517496262
441955793
316564507
499126562
384707489
536454371
287145207
294348516
500943761
523462015
363535032
390804597
420292152
300844480
431463725
331415959
453509948
478584629
431915200
525995706
354653150
491581702
486388372
327484777
379077876
317313070
420008863
505932789
304074912
314121231
269383652
507187166
295743078
399011247
363245414
530063160
321069131
272885909
496382174
320445954
331658499
308063644
373046908
491512349
313489214
287117463
330944703
336613182
505608221
316088938
510332538
327937832
425363662
327965209
406471877
289422558
402078500
450435723
339677958
424186226
339286268
455322095
407826737
304424685
423917352
457413735
289232679
347763659
419715369
516354394
391387719
452051809
301566660
511309319
409394231
510576360
520906335
392731183
441807065
476425735
273522522
455698099
393233556
514045449
271783028
524642125
346633586
394438748
402130247
400575576
373865931
326299512
427046098
473913966
492764705
485851762
338161314
459334116
321322202
498662484
508061524
434025352
402457097
305465745
308362733
333462841
447840145
510830635
487884327
291919030
510705577
396632479
534035504
326771238
391187330
482075181
398517349
273346214
497474970
311745366
344530181
510226778
431703558
486731955
352788253
510673793
349180456
388266709
291153801
286427160
390257878
373389420
366942147
536515233
347784616
536403049
444020332
388940354
454978309
270665119
324224516
398560993
418770821
282437685
410741551
365868703
343109126
470548496
333590514
466182987
419291498
292617059
350430894
304100314
317346302
328889478
326486523
364047988
513529110
426338787
317638024
465040700
468316640
344468532
358060706
311857583
477887986
461040789
370052607
343176071
464089268
297370614
480073638
471901896
278060947
408167876
488564873
401769452
395865001
395634936
409548620
425035297
394711856
516097160
514852652
534022162
348006569
480809902
276552779
417301654
328236462
321217735
269755301
337719251
480053272
451297613
412722816
411663003
416010687
420499569
535320614
276441472
441858075
469497737
324168302
293805940
428301453
340238285
439437791
535554371
269721692
359335963
446087375
361611755
394836377
304534478
367678567
423714200
472843680
446696031
505939024
430064052
280502360
376189208
386248771
474161007
387767085
454631324
475875746
455243225
476785397
533577247
531696327
490323717
323437737
333142554
364467954
318633838
368577708
431337597
268959810
519011560
530623865
485296167
526435721
535284044
387199072
429517004
321688013
336571690
315440946
489443585
428368994
533955285
314498375
269899504
503848990
301946124
513871381
444545334
524653826
332261011
438159636
279632187
488360723
387975273
461463718
306679220
366334170
337630387
533843601
515466226
443193776
367629664
444613487
404262663
503878887
535030733
362234943
369621284
522509747
365622218
321191616
419806252
275102259
381332199
354112911
309641574
285322957
462785869
416134431
312530892
320132295
390113384
286093531
484243445
507208176
331888727
306042949
434058180
316946165
381234137
482036202
535284808
363986583
358296636
367276304
357684409
386816122
460993654
338648054
342928182
507997845
268808144
523956678
425376727
305887216
513478132
324168954
385887327
397299914
354897789
531462604
372873909
526292398
480779923
281828633
312051095
295248864
430535830
350672650
524952099
301693763
283167893
434405196
425531050
325679210
275800621
290544161
285110767
342732892
338265103
411645612
520662808
489948309
426009333
363664546
530920403
347567312
369937571
437035940
408865394
512862778
496930212
532644588
288842712
474460811
446926648
420058896
489992081
345792366
422190324
339779702
450132967
437189744
475413210
406389248
274102800
387826920
315728803
385375766
448189836
478365768
453487663
344396518
432618235
322747705
480442891
483049121
461340722
292136021
371737689
396908423
415690773
481066762
394941851
309038427
535399543
383820260
527498389
388524266
451807783
298389812
466505935
365990712
332632394
319667565
291475540
278391921
387726358
304349211
489614825
429408481
300156588
461473945
513351741
344670651
434278768
523033565
531102743
428873278
405715897
453058079
307452639
375785172
506605961
319915809
527424464
434280575
315725564
328653882
471874188
407260880
499851937
419257680
302755366
308922274
382765282
413617698
508794632
471356825
361694302
508805986
367673194
377059474
507113012
338948590
430547572
337481074
317935520
289368284
399237851
332791627
349672789
329539726
332309119
379521982
353164059
439758245
304750848
509036758
435774512
531852664
273830292
447425349
398558779
340000771
428528761
501190346
472618474
421359455
511334859
529564326
269253853
300053365
347637483
278614892
461535968
395831139
444677904
461146413
483980713
445923409
289387435
415193405
362754008
445425446
458450789
439904480
441258021
526898740
308664060
282797705
318681084
434749351
487431332
459511384
513003360
388744185
353875972
378130261
400796280
513595623
338194753
443657800
307772834
399893652
515944668
367374448
465905743
500035754
326762318
374643688
382320743
394368562
371129330
446513234
488915387
536053905
275458684
429592286
427413252
334862656
515117391
415751722
443532015
373548723
416269847
506452312
412188935
370849639
478861477
353895439
421470906
494160868
296141775
518695768
389540399
490065645
381220358
304917237
418800057
421489596
309166922
420127649
337458558
444182519
493691823
323996039
308044605
510407242
363835616
326689112
483416512
434735416
510012112
530468066
498279311
403342230
384547332
317881323
499031742
524771773
485187577
428802347
332611823
288387117
297804460
478911982
534424620
360766014
414636190
361399770
471885842
383672145
355228811
406968518
328793157
478692723
441522745
459383585
335531749
507604304
457566453
533491225
417874555
309175291
395461623
368589099
345278056
479937546
422252525
512189544
292407103
381055023
347149780
504276639
344846737
313367834
480630629
532569920
447875558
344378727
410271470
500375458
331977714
517924525
402073034
325783052
313302049
532991711
271022701
425837289
323543489
488123530
309857503
278578149
464575190
390639278
518932091
369188292
436732109
379689495
449422400
436846554
386714160
360075444
531558833
282956866
392340242
334390090
429142036
392489416
506721258
395719563
373652951
302868433
530375140
351920897
465116993
531242354
400741192
447504344
284311341
430042824
350252883
397248533
518917757
382889055
383266897
272675575
321518864
308570116
451216369
494842097
472710674
410687200
413079063
404859624
402111072
457408677
283397040
461154392
344365688
531696995
391762786
332522126
428899835
459844754
342160544
396828423
483712804
308283136
340273410
437478306
476773984
529988932
458729597
522078602
492877878
411141971
334907286
345009167
327508778
362253822
424315632
375995739
455268100
423441331
426195340
470605606
523703455
529141345
463733104
291898128
525282314
274773535
389487165
355052521
409183032
308247160
534799781
318289300
379227171
371235585
331927284
344106697
483966855
453374352
462550413
535688599
436999708
409887253
352950725
380910157
311322369
269076995
285485123
342230973
373670303
356758517
337229764
350791171
488055560
277290276
470906510
515478996
292559467
339638822
389285599
505028685
365270468
436190034
305507619
292512552
518799281
308527116
480026713
269417510
351715842
436172180
278787460
467724347
390860829
368121543
479818331
311455341
350053474
536671887
423426883
436730706
411254510
486714946
341170487
489465796
342275955
306277177
398271166
523961166
451633244
516874862
488593355
294879395
532511916
363056676
523225015
333436573
458250137
475521478
357362867
371028286
362480466
371436371
403884259
345452821
336437427
375432242
446620633
519689955
329796373
307752263
325462143
501636238
329836427
366952565
286934243
365927901
354708310
473128900
495622310
443088282
352087479
492047745
404894879
315870486
431875364
468388835
369269553
344079860
535884609
349301148
387556638
269261838
535408266
357693340
465670042
453826568
438165428
330855499
379542316
484444178
320107532
282541572
332204893
422679625
424857827
335010614
453966855
291290805
383096552
506599831
361086077
386579643
481089096
390842569
486169152
395930789
509060147
428374898
387533204
495498087
478264103
493817834
279774196
351522882
284260263
453637418
520848075
285392252
394701005
420386666
394238109
273882708
385703780
447250020
440940719
409849474
275152068
330031507
525663701
280229985
403580337
302564550
324893343
352086250
451384522
388131347
346072884
381283062
361503229
448380321
414907292
481323853
354896310
318276627
283884701
308954596
313464949
476721101
428808274
513349793
429985783
426548859
438795279
432963217
328375405
331928014
310362952
430372377
396066717
329114746
455736669
333568878
473445214
453120787
271506369
373719189
504462085
425450117
526736717
521261904
521845851
521145821
376674402
411337797
355446187
449763086
395570971
459898986
291287581
477120278
359316537
300357497
379414583
377796551
333157381
445571858
397078911
424197075
297003270
413395973
318461565
491164924
308685473
375443711
525027345
499917204
466590948
274692408
347168051
326816646
485653741
509669735
499329309
359015750
367151207
501967658
409138528
485184871
403195665
429240910
430530677
402730417
379365495
350625427
305543323
491121524
377404139
449358514
528427471
398125552
359630727
452653692
446373721
459561818
356353636
519751311
445757315
336929758
413309310
383702328
468415288
533580506
323600862
486923742
479828409
480185799
304487653
355769606
428391882
372146012
357174722
279617421
436960262
304380296
482669852
299849655
437275896
459335144
387142289
383399326
492431207
444785279
443160151
415842676
522981355
337712415
483430953
426109273
507483834
457121103
386861691
391372307
515855477
366692045
395575246
303550628
439272569
353758754
292945922
482455080
355423132
312794565
534554945
433201964
384756408
328436498
295717244
418107600
420652556
316792046
283137330
504286459
533765743
535449122
407914557
348783385
448647103
517357055
519673956
358163751
319665190
487999880
443616926
335984399
485075055
502566004
448867736
452521911
320335705
496524523
429724114
519666439
458436744
327428687
408307258
352133362
287398051
482883246
413404445
282058944
367024423
445751777
472461281
526341165
289893573
532154407
385266688
520087281
272593936
377832665
402294165
501494376
272829483
307359874
385842610
528662227
289678276
271240065
466442675
444855823
434189751
442481720
293852771
437967027
459700946
440399790
478088080
275738344
483226011
365128068
277046921
338701112
416683355
530386282
441237320
495707037
313072426
401105281
318528352
302865195
338839081
286637364
299825445
443346268
496880251
370824890
423702919
297042181
497382981
485701295
461105561
512994044
512811891
451195394
445122261
352394070
359908822
350271415
443611441
456169335
388589484
485762499
502021988
452029548
446425797
298454303
388739288
291770110
445330211
518644552
482848800
373679655
282291251
513090135
414787463
454189508
284626043
514310817
483204863
536645217
536146971
470770307
273741870
525889404
352787226
276950650
349817331
504575119
316720941
522858835
458416760
448926331
449099871
371092197
384398247
376728419
399860966
384845863
513576247
398114147
520070084
344403598
290569044
275936548
373555152
382265819
388105158
398803111
362447396
455529046
377536416
320491050
285004902
336756618
403451462
440967490
384059272
331239700
348112274
310081330
427209454
348094851
399771040
457618698
276857780
508856411
387255546
308527566
456454481
402859767
280574260
454092717
303327981
359242273
359656132
532398402
347496860
388515092
352233614
360549407
482667160
271368178
416852857
411582576
508043012
423074572
480608964
425213492
519040654
429009664
273793084
344396268
464854052
419275230
309617847
335558908
288118192
424261768
294702150
272523269
387769971
307838864
326296059
388384772
449667394
464257721
422843641
515707691
427634221
520848839
493768281
494157990
271748334
446507501
487704235
291848317
357878142
367669241
333718598
489700329
372295665
415482642
499115853
333374190
402046420
519881124
406055409
466299875
452022352
386810213
419280248
517975759
330928678
384703517
451886885
331783405
507428917
325807557
305151097
298214515
374690196
461101110
533621868
500905075
408917005
388837375
372406519
350853348
422543825
338160246
493876249
345029981
334872606
501085757
533728620
528953941
506199400
269977161
393573980
275035012
359736044
473949550
456998043
291095503
536866498
336297849
329201552
470440527
487415190
352273413
424991444
368403430
371318225
482884102
447254490
349073669
470495085
424455428
426467644
324034206
468890929
403779313
386340969
494099664
455173056
368184629
288539485
319114287
498347111
508865554
473495538
463201793
515810446
438038578
476566077
353232047
382094333
365039593
491749963
305459337
371265414
395103972
377763005
376814399
420570663
427228128
397916106
349956568
353462924
436783181
334145306
407031221
358321201
346214654
422258394
292924088
361735292
296774486
506853197
488680237
448639125
356609435
326651801
432570297
380572773
506213832
282112386
442086238
455609378
333460134
414557541
274728709
383523335
495666411
274295577
375060876
297117915
303781386
511551903
377845178
499422265
529780618
286836153
269780811
357818981
463040159
368202505
270090598
475379181
286068717
453064051
479327794
451314248
348820027
299350501
424494622
531842778
375042350
293267414
310694862
369291913
354331193
363891990
387164337
319929381
380018904
272713657
279322350
390916306
508381930
473560233
304315051
272690544
412040535
377440727
357281218
333258654
473761196
465947522
410436146
388258969
344692955
523726392
279838001
504407578
362026845
294694112
308255620
397522582
440936918
334793837
393541301
385348948
392839696
443588731
377737982
403100393
270245713
305080068
481008997
371077159
526977123
522428839
476943426
448534484
448995760
512299717
484711218
281928602
421964309
396923811
360945069
308791686
476582487
375596065
319569880
338671901
301723771
527741727
474323208
398842466
491081210
480603469
489892249
458812492
463157215
303726275
453798834
353024787
354628536
470678259
410124522
485686008
448883860
446331158
268731207
487171682
273873163
268613277
283889853
321824750
360978111
335902241
454306650
444529276
476577573
382649490
403916993
407185191
289455560
368664696
479097152
274025795
517056967
490781046
367148665
370590216
425182565
359769116
376558053
493989341
300950164
483051848
269648926
476568129
350162384
476684324
522139818
402914077
480947465
496657386
427137808
451699722
286717804
296089924
517430205
330616662
362384813
416801232
524587335
321085435
459299773
505227632
474231394
280193378
412395626
406023054
421179161
342668715
393239364
334922160
372032104
450459899
333191642
475583686
396452366
464256447
414786692
419150917
289189638
341790091
335583698
509306200
444572092
388687863
392720862
360795802
423209520
421505020
273108862
395240107
423282789
416283131
489406144
459456965
504595404
446003247
309148184
310909108
330629166
490450751
384606116
279538628
501119223
414398618
437604232
371692168
311126288
322372116
401736676
410763249
528018164
512882461
328447538
357794602
456042245
409004717
344550688
386015012
487060241
282308190
340400137
304164547
386526947
412205213
418820299
291605464
482505592
399668173
384738233
398721119
320693514
402044217
343605391
446750597
442425859
343516452
282065673
352397026
506932516
346421930
355106296
480315205
313186561
481270754
321711955
422861949
330926165
359084105
374134386
392507804
459214500
319552469
418682486
308351090
425367595
513194944
489186377
434809648
528017327
428167474
422084734
461952180
394703046
529229229
414158076
512303020
390743010
361552793
481767444
380276302
417353719
398858548
392179581
351305260
365528078
274598962
284523434
369206813
465202297
496961137
520348019
447736880
517147786
345267512
506046864
500187425
350332951
520098146
300330448
420372064
283087385
286902192
424480876
325849133
459413985
395147195
315848754
307116025
426756638
286299813
500395467
398541208
513325941
498699325
392858135
274480698
321156916
466235196
347276659
431702767
331410992
447418077
332500150
433967959
478870386
512363991
498569279
280549362
275381107
351766080
425132880
380120048
352237656
483527472
305697390
345618648
481651785
494927057
519161913
314051231
365430560
515924704
305447037
509030682
506633193
482977728
270269849
391998454
303279353
321511997
322999450
349290150
514380678
528106018
436167297
310385550
438625518
465503703
331633218
386068932
271466183
388081045
378092285
467912284
378998607
508223103
271661775
464768488
349348818
477645832
484311679
283157909
514517388
438759085
368006408
308338435
431013094
521445762
345866512
390470040
437414534
306783271
408266825
295732036
313027909
498662062
487761962
391562124
402405760
534858314
504513870
390981080
315563207
507740929
315912656
278259369
509024684
399988211
395459608
295782787
526746120
269087830
338946549
318456473
507398990
314930948
443056001
286056931
304097835
401745903
421992011
471783135
441889817
311438912
477825742
451656794
429298383
302682460
315239520
364656428
404482423
438959820
413627267
446741411
499300932
356483615
480035350
501090680
530846078
384801972
487524983
314072992
344407987
422285392
484592757
270714235
367903850
452361667
460938883
431683105
338555783
437903741
488840811
399045692
422692328
321165045
280607153
365449383
519467657
293688082
269168513
441007194
535989910
533750526
461784975
354320733
518378845
434412557
309392735
506846131
488351077
500578308
303951320
384141552
442993327
389488980
495966225
488818543
300004697
282116071
385715843
526888213
289168070
375877258
367875181
437396148
412935952
348024291
487128910
415998931
445725834
396799113
400239888
463787870
416947235
314107171
473708082
415884000
459485075
497445962
351405854
478596660
473716318
284666758
275021823
336445398
298314783
467497246
383659848
445202069
430377450
404695313
522967880
443130846
289125913
478972527
441890312
277126849
480701010
290869926
331229165
355993097
502236809
396455940
455029809
506510488
414908960
452298771
447727245
503664810
424137072
449755481
400402763
273670207
366583657
270772025
427819646
511759103
461951581
274839047
288312165
303840723
302504088
332057209
301472410
399864486
522451945
535368202
497984795
464224389
475100979
455361409
454662760
490361447
534947649
479495323
293873644
465211470
306045923
371354907
523300172
421436898
501538396
334126637
514605826
515396605
325530935
351559576
370145844
456663894
296315912
430947058
370297478
348704582
272257304
481238093
483294785
316090581
364185412
291138907
502147125
387746687
407196979
409213217
474694179
469570391
319070536
269134956
472238910
397982466
472960374
332727941
422298669
444992113
517145150
421773575
494445277
394614553
474521617
376511079
426697093
492015369
371808815
408617800
524819768
448555122
435898236
524838545
524977668
321092789
440528430
285222618
327128083
396265370
300101721
521810442
503372866
488733077
476017661
454719983
419733092
358830551
296813457
424657604
393005209
392234310
399974059
343637807
516001016
421159675
488269025
269669700
429964558
370719867
454159929
303080411
501791033
389434756
383915123
345118456
361679417
454623876
447520121
359810149
468439321
481671930
329866123
496338859
463316559
443533951
428939390
425030814
464469875
405722100
447548095
362312860
311107662
410021149
440994292
326335055
293384154
428018916
367264407
356420466
486152578
462094282
433123161
292216307
322882047
463567050
380086821
383706289
302953504
318864179
353903817
296081207
323282314
313705235
306028288
285202831
320191379
520847588
294284560
513450375
325294694
357182646
402161050
457106801
364454694
476762181
456095051
372024427
305021032
308814118
507023955
393006391
406112708
506486320
384992718
290527047
314176460
330794085
390182796
509031892
339749177
401418198
496680493
391118149
366907720
418043387
480498928
472643906
527626778
375631256
464937513
509764693
450728475
336736380
461133011
342661730
389383638
320084092
522139337
487780257
401808405
395833358
481410234
338955329
423233616
513920422
357079597
489523293
382246275
412796413
521015136
309128494
406856749
307461830
363122073
421592305
430975795
416083409
384984292
354386476
526227152
451121144
491167138
289815457
431090920
388200205
464514487
499948267
458040270
345408654
467337592
402721414
315631780
353017459
489484594
274472443
489630579
313980584
453217650
464916548
306600582
461933366
462637736
433241270
473389821
365225098
460989731
521121089
289691056
320783043
525642714
316670350
318413667
416565659
272037451
423258567
352021246
336503762
293189537
282235378
447548145
497522999
535942856
418628549
479903088
470993452
472911887
394440239
469349083
494190558
330123986
280047903
386320758
281956866
387495179
477989833
285556191
367040025
301326399
460488901
400284355
515078900
476512975
486133849
416105209
524317878
460306953
281648365
531634426
458632227
305727839
331451731
499359267
496341160
421241576
475284533
371101821
354606984
379432421
312357060
478530808
272298272
464383278
269905979
372671855
319378629
396130545
365576499
406101082
390153577
275124106
410547495
379051423
407029462
407404227
367782961
458547717
425791833
347319609
413659111
528726796
520707218
519507670
299008163
529440963
293094419
470152869
305920162
304549233
417737973
430256262
519500984
300639656
430521622
534590092
334133674
410065744
413182399
290201227
398055272
486380569
450734108
299753496
271459799
533511987
401239263
499843195
324797108
368194515
325114475
520427290
393641230
449225860
406813479
447947666
508357385
428354826
479882011
407386297
305566621
317362037
475860232
513829397
430377152
469402054
345942038
467933781
279870912
507613954
463355504
332398297
357454939
289274459
352795451
297847097
456957068
389917437
532784612
456837713
389828141
364233736
302914665
311713852
371441411
512236493
515364735
481129907
285741211
350138235
347895966
507168203
362060347
481928709
364429225
459252279
286012963
381309203
345881390
407572493
358987789
382109050
458694686
332245416
487960552
501691748
497021911
502408107
301378379
321530230
528257765
323430222
450716870
467823198
347064729
429699817
473420068
290413310
336875152
419276673
535259890
298858431
357666620
460980748
470826756
433471967
285542191
495900548
522943785
292058544
358855517
361868462
370982902
451391543
381646824
269588989
366445063
384631680
335777644
347354929
444109469
495833886
359044152
380087174
290253864
366467322
331374547
441267950
344528543
521977619
525090958
287273687
282991826
517424485
506649899
286449617
330232858
407812048
287753403
385180677
466916688
486555959
491670470
517840792
453565932
509081527
323720041
335724159
484611747
491190137
314926557
284409288
279429803
273061137
296179548
402258759
379962781
333977513
448233326
454908636
452562159
409992491
488474048
279357392
437966259
332120242
521045365
272773834
403474846
440621434
321335438
363563074
290271343
363122290
518403698
515686602
516038362
354179039
363568673
368041194
358755051
506655084
417837304
517687349
523865278
360434753
393271425
287787727
281585066
351481308
453991481
467972192
276977009
446170712
382104302
456625633
531193383
532038671
409290063
320649000
517415449
528079458
355230725
400662167
277313136
481771231
507516237
417298580
512257950
371544729
505305463
396846615
375532650
315768870
507628147
435951885
301754138
395860350
313451992
407535244
456693957
508836065
500173430
408547185
331817885
360981374
464234983
318970237
314796103
479265324
482826556
303223219
408547879
295994363
406042508
329024691
435651682
508681289
536866067
460677013
499022249
333645405
339932741
479717943
517874843
403505829
413393503
411562205
270885495
271851267
322975120
443374411
483724045
286959149
451635451
317616073
364422047
473962160
364807004
298991680
431324111
519605038
328691961
416345462
399644755
335135786
338022040
287108287
305076973
484310159
454191124
310859787
393250144
355856212
338518092
363500097
387522061
512110458
279109978
482123380
398593436
298963184
480294803
491302408
327777836
375806194
361863347
475523191
420225631
438047688
282964123
495828169
410722625
370212968
480222810
357414655
323975866
433455702
449090981
356708680
459942116
336204053
295343611
300118391
439171990
438057888
465319399
361702166
524512523
275283533
458346106
467711955
425903624
507623557
406950479
378722531
485422229
344541712
409982987
465162918
364277665
450613245
270706729
290453924
427691807
507491389
283385230
506611741
417553849
488602195
443337596
410167454
275632520
535543675
298430751
354598004
396057285
466106222
363856393
460385907
503664333
452771657
475786016
283960378
490536580
481899543
277719981
442650096
286554444
408432547
306245123
481679003
441193747
502049129
422860104
280534316
318793656
364562285
371361924
348053569
345355464
478156529
494137362
535344721
384685735
491209256
500262883
284458279
437495527
461302759
518204406
441012807
517294819
484691399
285403925
527876892
309863658
393156372
332070269
486274635
421778697
488299462
375379855
313553457
281867821
508965712
416515837
466962355
422609894
274337242
483096626
301196874
486949759
478159131
326757501
463899841
308093431
461682494
479982382
461405695
379970311
462866241
419697510
501780309
450211251
516651422
295038641
349631602
504001192
396384157
328158334
374121017
512754292
506906295
375774447
369951334
438090537
423525415
297433623
368719486
380725813
533718545
445551776
454138712
527630761
315090227
369525223
296916164
313380383
407306625
287375311
289599383
531120413
310068999
422017235
315772114
532678111
536045795
530894088
505622551
413750070
359715570
490128748
464006814
282949691
440838787
414251992
400531322
528216157
497058886
319185574
531863948
443394517
451115294
383089903
386756901
511647648
424886083
381043117
503745662
285782312
318787371
492307085
483738236
297380758
276121985
282056450
327815246
514944557
302455345
532540710
357479292
366019209
278005743
517932560
367318225
271259714
455589388
508032552
397950823
276465512
447520859
402532338
306086630
341369321
273833744
458016643
412037095
491675878
355460546
404215521
394607140
342612995
405345106
365824234
448850766
413296674
387528777
393504835
366613031
296816054
344614667
408692404
397316050
352943740
481013157
278104349
470684578
317785104
334453480
510107638
298669202
415524154
291214342
454168064
292945984
381881183
458248185
493800393
453985155
456151405
433312494
437299561
406992671
514177429
274914690
423792863
437279426
389994698
301878754
535737195
447630954
397068456
434931178
282693239
452182825
478237656
272820347
392784766
286578486
337596888
373826662
318409496
363566690
344083407
428621746
462576546
290219548
481980203
404005824
531594283
300493595
468150268
320675056
407059696
352277133
340855346
483119778
362976513
435011224
483083593
341963687
450330370
394428599
431296114
533490842
300673243
316199988
411036060
466344270
334387806
459032615
439726534
532254286
292389321
430164689
528718809
363910205
459493198
466558613
303879679
443692314
343181507
471392681
328459676
418322752
531586031
346414661
406565369
492953172
289281095
451245897
470024806
402617149
368697921
357817406
361081874
496450361
483670344
364648620
364830119
311280278
326656551
364978451
498547633
533666229
506540925
297965184
325295591
371516365
277071780
359573487
492560863
513719218
425309609
443641639
482208493
455313459
363999506
339715211
462533980
342978825
440208699
484018846
514152522
453825671
429638938
339935382
429713764
315615629
531017462
273946792
325153128
283870000
320505962
387175049
413223508
419332930
467900819
323318946
289457920
275339900
374148878
341955447
365497680
413737656
424916039
486137406
362467916
482966664
299640381
291068655
507366230
350618651
410984275
452327627
536315936
528060801
475967197
410228029
460611202
444270077
525617929
464841671
273615970
490362244
369696232
374121417
499243604
384776497
469548381
458216578
287788219
321571152
527210698
407447191
452887740
372900891
478694553
534355826
436893746
441601793
371015442
510048131
533375149
309793718
320191172
521035571
388341242
524102891
417022296
314103754
370030821
414881929
455796535
326262240
285238425
325137777
340572043
452106456
481881963
311776905
369727423
527115736
384948048
475781543
469353495
521647134
322834426
292880240
469834793
476951976
272087783
305927548
377285778
466564433
355639996
465564589
288690475
279062190
349043376
532672759
393664030
311785456
271236670
345820056
466540005
522492833
376309547
472796753
533176760
388614019
419799798
355224788
296400613
449252983
386611443
294425329
499859959
435421487
353023572
526523485
449572689
346690486
403546654
447139241
349954344
397438763
513467839
458623943
388388556
515081146
331703704
496440424
350481607
498180336
479496645
354132169
328651824
506075250
376583574
485786335
528480728
321012493
272118254
523069955
300013609
370439258
519614618
328898403
455230796
467590977
294716271
274005897
361614250
534513904
277983585
434978961
360582666
273035900
419493734
386549470
392934529
320664524
405675592
485387677
329633829
468553318
482721550
427571937
284323264
503480870
367290312
343998702
296197518
375286494
535066388
391427838
430241502
380915788
305663218
402141578
512837521
402868066
308187673
288445643
507091658
477911976
400342339
371511186
274776657
373862459
340566322
270279946
451087678
455655854
429450667
328746531
321480897
281413901
527258490
470870713
352403744
379304150
414292153
349377605
411584908
435342593
320667008
290027586
365620235
274135454
496698108
493398509
349518515
409053760
525195512
388446066
287911958
453900667
308408556
488063204
297300920
284187424
447832374
367390588
486559583
531806379
336078691
297284301
427075417
502925427
358156138
480729924
361376124
303346077
440173154
436150424
333300218
463620397
332495685
398512568
351686470
505642770
531978262
414055735
341182177
317001129
483015703
394524831
340330878
435677259
360619349
394483435
522280391
367352286
497029224
327126655
320381058
323098296
392938923
308205981
457408249
422346017
463125694
485150085
403048665
461942371
311339445
341608153
352614117
357089806
473452557
506957328
318398186
406190666
281903318
313514203
284368145
494889258
463201002
474167650
377320797
378142115
397922060
359188721
422329574
432613906
418259045
522703843
339049655
489719370
399107718
361480271
369153885
436950034
407474443
304027852
403293753
488298510
330175939
438808125
327872195
288945042
378915738
346640782
462359779
454773640
309519720
386450738
278750531
405757925
467491397
335094803
536257534
391972180
496680955
462920877
351484362
277496870
458999461
415522091
335932460
354356865
452264342
339999487
399114739
424675579
494603477
526567300
484921319
363290887
317556158
317003609
278481193
455209556
442854167
501640665
333542653
504421730
494904492
388002356
450051297
483358915
501622982
450955126
399667600
469720902
334142256
318265201
444132131
522548640
383334976
451292050
358618672
487313503
531097428
307842994
318974900
297198244
361523697
333091301
277787273
465360932
306193636
505345481
319414389
474636355
337006000
365489551
455684355
309193895
373856033
535689106
412135477
302055781
424053278
478154958
487365217
346091918
313898484
324244453
485581342
372285950
305076555
306000038
448353234
408586901
426940806
451576210
439756055
344098299
477808461
447698845
504584279
336080501
421888780
399680641
476030984
517960459
519965175
284107108
306049057
503271872
490609427
463334529
419779991
385465774
401674954
528520383
373686073
388001731
520582336
404487759
502711313
426996451
280041628
379953133
331577670
296657867
490949204
335154933
402889498
392863407
453103160
492937594
383898047
476910660
524791077
437858742
268848995
340161678
294629886
418869964
454210107
443515759
372375869
481062189
485828971
288881345
392605568
494887358
396155440
287992031
383120827
392273159
332702513
498346253
270318079
499960785
445247919
341485082
286244460
310826659
423738591
485234680
374878431
347201563
412383139
455521240
372484180
473873820
324772316
497868070
446302768
429663892
317592745
339757961
424118613
416019722
306425345
279544992
377491711
436907095
359186140
386550142
284520020
285502453
498034526
355184722
514860747
461917449
394552872
387214351
327267523
305855921
414481971
394999955
445763787
401179126
275713889
528802438
341636451
528655275
435888021
312848230
355889025
483425962
329076203
409480555
449895855
425790063
500482644
495930591
272217168
396503228
278495333
481261098
353980481
433121981
334436439
399824215
486279804
522189292
474106316
536389306
303833086
427699765
308862510
511236711
445051173
273832754
295653726
300715656
392243024
311641917
477283013
468356322
486582374
536030292
383226692
531799317
383150481
274843607
490610015
512494532
532657367
383322506
449527686
421047968
454506477
393788608
268574549
376691651
506751786
293264282
432047519
518949106
426550911
436577340
387271439
432641184
448063750
414181441
414972833
481590282
399052164
523692845
422746458
509871004
404885660
309060155
498028812
356882594
290454816
369795715
521032180
457830496
326984259
517978302
353884221
329796100
468895056
489206150
305989501
460985603
356418611
373211660
268834353
392213001
448783110
372430921
347533738
431910434
432778174
477812365
412792781
487785013
345257495
354668837
470332178
508501929
323962973
462018581
403884341
438985353
508029597
465490136
475535400
400337195
491399089
417985623
430137318
494188396
532231225
360189279
269146291
457479518
469307779
492249929
449837339
333919784
402504396
522713103
509277466
388106703
523994165
344513174
489825212
499896869
300455502
394354751
310562829
347790779
386612986
531534612
299026482
309721532
324301894
332780296
276879897
460730194
409233771
481337842
435945226
471991898
346184859
449517371
275143594
403697407
364772587
418606120
337107185
515857886
473370459
352826896
472371151
425513477
277786462
400612743
309934583
286199330
458945063
468063197
321010901
510902908
282384659
461469532
290328390
295077007
392642426
324757304
317113573
293433389
398269293
483341612
368825040
419831083
463954712
314349681
350831840
399847147
434430008
517528290
384191124
516384427
298150898
436450613
286104688
360159701
412962871
308566734
302493673
432140174
473546936
519368584
529513703
295426241
381915835
479583948
318770861
468856559
457868018
528732334
422272152
381622366
327555394
519101273
459068837
277052726
378175361
513188046
460002236
507877030
320723591
376547926
390047031
348620245
453830353
382245982
321283855
436674788
419349325
358106314
301812158
370604156
353205188
456380126
331324191
339583766
373890164
466045828
302496685
347083968
416697838
313243691
416960122
294403551
462163898
369797842
416010387
431391199
478762345
404004109
331840754
387735776
446298781
451119535
348115714
513778959
506276268
466332308
527192256
400480135
521688561
501573496
485195356
363076058
367009168
467968395
536174502
337818717
307098372
440726153
520456842
476390215
520328127
403175576
524275755
495660914
329525406
268720732
358444863
325869351
373140411
506051648
358896552
466910523
359169584
339028121
368268942
282417692
489595910
446778673
366029054
305040522
465194474
374588336
401061764
419376018
343652252
300680737
336946808
380984150
506519479
269926651
276389784
298650158
374097150
401579371
418002810
363334897
334149809
486082661
300883780
447182784
467159813
307258720
356050260
433570975
470189326
427047272
362019087
354602177
356220070
376865233
478600430
281213879
423639329
516243127
510104671
303883607
462044626
458566921
339261655
269754870
463062008
536792587
291669676
414361131
423354608
436495593
394818179
423624290
403304124
458870286
471313039
390187129
501260407
287276973
447509694
502002047
433334180
413040645
346736072
495763131
433029507
371606999
485825451
418562876
358700735
461809502
461373643
416901505
361950397
335162947
287841916
491958075
533684045
381984970
504014920
461725612
420671708
523698352
447860664
434478471
415192356
411631003
517276961
439902684
498944491
285935461
492529057
311888447
371804737
417346635
320198946
434525641
425459441
536241556
268542922
521183752
313311892
527892267
417646569
374341664
285024922
393720068
334550108
405010107
430198254
335585486
456329437
402456310
447347867
382073287
471040943
279153669
304172658
438734720
491560158
397011709
418103610
467953658
397421204
527821720
459815590
368655259
356447200
365703643
491513727
446890337
390544758
282787778
437954737
283271466
478405213
315960131
434208868
529974845
301044319
314193887
399460194
395554074
459794296
360772199
378233030
410624290
437839066
480482826
424435396
369299218
496551959
516544659
515310785
284162938
335392449
534662793
502520278
487548487
375549600
413941824
364935031
439981364
305939485
277437512
394120189
371311778
389170965
465646427
471767233
371191061
437295478
414091738
475013530
287676595
367418681
309325835
456450465
297274450
403895236
405405703
284138127
296737845
315230314
304867915
273094835
525871815
374300173
353130132
514308141
370847868
387922413
363191471
314924316
523572202
358979014
360551612
401767238
280541857
509574137
512236372
383661108
284991669
279708856
268701249
354012236
301641139
408203357
352943264
475601096
463752584
321463889
281005616
387723761
466105398
348536662
425696283
303730049
277786199
303629304
498758910
432720918
299547685
468610209
478084685
325752780
458654199
459963066
445234228
291740835
322351160
453392994
482252896
382932273
306184304
442482993
523184662
311965197
504391462
321468637
343693672
303141480
390251862
276292295
282095235
474948943
509645635
348911632
350277171
437916410
407963703
290036067
338623255
491326776
398535296
434003422
380305524
275266876
515633789
436986015
505063400
482258123
427301550
322922834
384445680
368312292
336799212
439788206
507705114
466592617
368991868
321813113
343267307
450687856
458385980
468269938
304623658
324147456
381974791
289791907
377041245
331930716
291744337
345555350
336317618
389345274
296992135
466728434
398594852
489633971
369066774
528953898
331623317
527215763
269010745
508363441
525361200
464229663
421695009
429930208
271481410
430982409
317233230
360816961
335217412
317093867
308952727
485733963
511168300
378081648
328801085
449966353
282129530
353696255
401634453
414630652
497968184
461518171
397627432
306151374
467499763
319329710
474257767
351864168
409213221
487778070
431511015
306990415
310364867
427864726
333030529
406713972
331790698
347439021
335796738
300777737
304637313
481379309
461136711
389810052
435902197
499776766
464332592
336540704
347851463
437930847
442711204
352072941
460964491
363814745
335538943
460760169
378830730
328223667
387826699
339513230
301228946
311337688
307389172
423045833
527159426
417979904
491868286
508994982
410247846
302975969
432455688
272528601
441936923
431587571
277816969
405138097
271303234
276045774
325901567
361998662
397191186
523224272
508216051
342004876
422356885
533096579
386538141
314194565
504846345
496823651
458628440
501190075
287474484
303727474
388777597
433919923
434191481
293578745
513090850
497510885
444148862
458052198
398515821
521804652
315546521
283814788
468690010
499115732
533846699
421211447
337652564
324970652
321670944
306180542
481912107
531007595
507795699
400903645
365298808
394234851
270748020
523391503
471497712
449766658
303405303
531525319
480475568
465293459
288797596
311438033
376502683
503447297
370462021
411288341
441341319
467978392
415410527
491980347
391368665
357785056
340898908
522010918
416562078
318379407
418247262
278258737
526725896
418078255
337112242
449767935
440058343
355022269
341957661
384119928
340955495
434930629
369848351
503501749
369284780
405880541
449240333
307918623
425291902
363424906
510646755
383341992
394639872
436025116
476484864
299900677
427432617
374340715
508038429
343614204
468914276
296305422
459705203
409351711
285209312
300778417
432665291
301406063
272039122
481315989
378904523
282207234
371344035
311132388
356601520
507125542
440480720
384190182
400399858
520681811
478300857
275003020
468365048
400439893
344758473
457870404
393114298
449428983
287505025
331207927
285751997
404203131
429518341
452243533
495966432
324404081
507437424
281604441
301377819
474065210
517268007
326832934
524241333
316197700
295462460
501460516
486508776
436324122
505273367
421213750
518817018
293907674
332097388
517301256
454110382
301166947
383652782
465580038
274121144
355647753
322729597
428137058
394706993
268644490
497145678
357944450
491974654
268780304
314416898
352870053
377510391
306972138
339439477
362318947
328394832
345870286
454002414
300414269
529487339
490641039
480952270
467860615
321699162
344140688
481699259
361571570
488508964
356847335
369581612
524556346
278322786
393818703
319090809
478570588
285613524
371471689
286653287
527560140
424020023
375460675
534803776
527624478
447286162
505606188
401782626
351198230
346971425
297662029
452615788
446885291
402478665
439802423
517657610
448595167
468367092
420033482
517161491
498331909
318947138
437126726
372825244
439345062
318042089
490342569
404175778
364972902
524110973
535383429
477052908
480732762
401412378
394684601
375602732
479925639
485151601
382746346
330507421
492746162
461556219
418676076
312604193
479710665
440552341
494807084
398442713
339360700
295484811
438883449
416846459
426109007
399490362
293701650
304253126
365248347
428572184
492164432
382435063
356272278
463450449
411629148
307523424
295121788
355538123
439939555
401941528
499838467
434282600
335609418
329926463
369959378
367204476
352787209
518833921
270238815
496141031
282319702
374090763
432279325
440349294
524710598
487128100
415106381
459579434
324997254
367890629
307256386
411829689
306207341
377204237
416438709
434764913
296322745
536472169
377883829
332584336
530681099
460026659
402246723
273413198
287105544
486453478
484600968
408168735
512171445
376708937
277376653
482187133
433234139
305545468
356035338
324061438
302983284
399383355
478436741
528991051
491654060
523081925
460082591
421282601
277440183
318350043
512458413
472979349
433896413
520621569
330889234
379123595
473526932
377304038
481584741
503410580
337970459
519705803
407983382
309518332
276569432
318919153
318598534
403634701
336508214
524550819
365560839
521848316
403947748
293331553
345164306
314136992
458856014
532087948
282616037
369071332
423332876
481989252
485143880
536435681
387552055
295392571
507765364
303603799
463812793
369750600
503450234
398233538
527445480
355701537
331718042
523383413
417630745
425460579
456007627
329307750
425843158
383768302
387721890
489896302
353709168
434669023
279102794
342420095
517655601
334378240
370028125
294044946
335531941
501329779
347746221
529620702
480607075
481515447
366909361
445435669
482846322
490467091
314474656
275992374
268660815
458324158
413885442
533916687
286607131
271875302
364098969
472264886
513779909
442190059
472283432
367752323
492971469
491201962
487828647
488336074
515973848
359499176
345078781
310000341
325497697
306490135
413410558
445773748
471680582
349138693
448348220
339892062
401437620
414276979
425670294
416655855
304542470
328564035
483152414
505974163
397776855
380601591
468247251
534657202
448467732
512350342
500245788
530966717
381908247
328044030
420343055
300629850
409863318
337902078
378297694
327176476
515607737
280499557
276563269
346825686
445434140
416897503
358530550
284307217
303532707
427374972
439833565
409411202
487807006
401288429
523708708
388707263
405521742
399610492
378007009
377312725
320325725
312320975
347811058
499855232
271239639
375242343
447601533
400988484
524329002
477679430
489163826
459897089
349882040
324584626
437621213
363288861
331158117
393048349
431328815
361477849
336104704
299449782
308868405
433091183
382624312
457899822
352971703
439547414
430377050
394046712
519401947
394773798
337725316
392803730
351563839
516218453
515601160
337518602
467570981
472588336
338138699
475354896
410749002
513147331
438699579
534818301
435349265
514756396
350168065
514040322
377660449
530738207
470609680
376375662
420476954
479367581
410864358
514715354
428943625
457661217
511630725
523183946
417245385
281648107
273470134
413004950
473706440
321921471
417163037
487022654
435403456
465301632
280679030
336520800
311981528
463719270
363352413
515684116
449851456
348926714
434681547
451957098
292433714
329787894
473447685
407013425
406854382
326650984
273302987
311851939
474901785
363191592
497152208
476037423
474627184
297734106
521133843
441014456
369732001
345288713
381761132
453883528
477535233
300507018
450229642
319938276
505833735
524033126
418630710
282782695
403292556
349816686
371616825
321444524
353310243
352739181
417472745
303033761
473393774
513617357
273171995
355458516
431129148
533070064
499132999
342402015
274181528
436540004
385569124
270644893
464345284
471493830
516135705
486872325
291277150
326488950
341180607
404416511
336529523
425890922
378695164
352929149
502564807
354869814
435034069
518655688
464020571
444333753
355910162
445410762
510912097
440092369
285238622
463326490
281848988
383218358
319361959
350118275
354277967
334343792
402868312
489455834
513924609
386643364
436301646
535671383
506002656
402685274
282936638
455334623
388520020
422310551
302600825
301954748
498176180
279500467
397812401
424839466
364242325
380894432
285584064
357560498
311787445
415193942
521801503
358371773
278257930
290467378
366309676
406455897
270650506
361467599
292492563
535100361
339015403
495403986
325730949
488340257
411523339
370561457
490224417
418984423
513746880
368760921
394301762
438437548
290785816
421961345
518100800
504785938
475347751
505479849
500675159
362876931
285774452
421523308
402046170
505061937
322218890
300091627
512585808
502207108
473431047
477392551
331648129
372160770
314794771
530499097
294133099
472625028
416722780
384627604
393454945
475204718
319454775
275627229
530289393
499752482
300525965
386150648
509649543
413914943
503108322
509668601
308064609
527762506
329247253
368843594
280521803
325646299
278380562
445894341
338207071
270490376
392408504
429454566
430537407
441935977
455754705
483331892
469270135
333438505
441205563
447226365
527590959
409488458
433643077
395599646
307907879
284945920
375667280
342651064
490511291
356793898
453510436
372388641
450431547
318476551
476670154
325022834
489336055
506095405
407055992
369990535
493483104
362872832
438339263
420014223
297383444
460411978
488479225
449559565
363761205
283108710
350385457
440711374
364144777
306263287
324857724
328228667
436639825
453533558
387159461
316470650
408769377
276181989
336422016
517166945
533522811
433970048
320898387
512780519
502154749
472232959
273854745
506098442
473864886
313682691
368195988
302881913
423165936
412215719
324679421
274412842
502448505
363259998
458512587
437446190
320916452
308092418
517759275
495336828
358683924
436341117
388168558
432745123
482327801
360233671
440227441
533372546
357164703
334966541
449071956
514889295
439047950
426179966
398904645
358716484
505024182
431528550
535940215
478481768
448738800
374694459
443836237
462312584
332705402
296803506
407830240
456066771
467408829
376003676
527576568
303206739
419862179
270715596
404780694
475850825
269357552
379957391
529968341
438909917
527686146
300116414
284121483
344676878
402929565
390534803
322518607
356817991
466601984
350380491
278501580
518523763
281441670
411616356
335124941
322318082
311880798
451275467
280963964
386080019
291831637
416380089
345000733
393706805
393168299
479080318
523446329
414559975
318792523
451231833
287783480
331167882
312979127
407093494
401860852
359593941
491288175
303902622
358784181
392788153
321385535
296654530
405886694
294056691
440369957
387205517
413691697
348497779
392883882
291918563
309893907
372667647
411592413
434126994
464003798
417592955
465481284
408608914
277311532
483338163
514625765
498998393
455495721
307673453
502451478
527648382
384676527
438176106
492045864
368241871
316011546
463277095
446977770
523013978
282676771
444818349
399164443
415973205
486196260
417857822
520895555
445677304
375927483
450861304
351426024
501972384
477253472
500715653
280347944
288863698
280244719
393588650
364429243
458768279
349484048
489959090
300765913
289095564
521128973
397170954
370253918
376720474
505561914
274791664
319233926
516013543
526008605
472499162
459968254
463028556
306171928
345303049
467905412
381747487
306390541
447648275
526276550
516910798
437027871
446901700
535378975
526401601
328277600
508193681
465437092
354513067
517160987
473857282
389251609
514819931
443088040
464327821
473333158
502614479
270102758
307559171
292426724
405615292
334043529
515889901
483001263
473583193
490710595
375768781
467902747
345265687
389249315
473801750
525754689
348028751
434322892
477367330
401315348
344158948
338576887
483959373
351768117
477152432
286455036
471385905
457856342
415484502
448950000
466977982
532921418
480541730
313459695
395334641
347638229
302625868
529300506
416937619
476877618
301500150
516905795
269033473
475438028
471045259
269647683
348082625
459633362
508738582
405791204
415640875
334123100
534080855
377617955
522929205
400562008
388478129
531857639
377089435
342051470
394335203
419482107
367009712
307479935
338175775
453761160
508058189
407713168
470545014
527779089
516785156
513410555
478000161
485785436
408102516
372839148
411320340
455859307
285266931
488615182
458732427
445660954
505028538
464124010
500926183
388883438
313485925
528969683
439110830
446004431
319641593
314358013
507659539
351172587
442373957
407561972
303807176
345518201
338250989
321723181
489613152
348523317
412397593
321401306
438728049
457382047
316149413
481176254
529123787
441809662
497496674
532950040
293690828
524724367
527552750
399325017
311035707
354729479
459702521
346909928
340777205
374491212
395541119
462034635
287403832
310012571
348963874
277290685
428414152
486286369
503774996
427932540
363615377
350282424
401824953
355778905
298469001
373912589
535935241
305845819
434903789
317468742
270718390
273273465
533786072
282167004
319683260
516263894
324191555
439229496
306406770
528679679
489091826
273232306
416967249
316508192
399341440
428329201
375113629
442562403
284934361
416167697
316863063
414837657
357497471
501519097
463202110
344440970
411676607
404738279
356737593
529847360
416705588
358585690
276748640
355154724
442683837
375354911
331039092
330746320
415126565
384930929
407524570
376121223
319318923
360398398
382211370
528593836
487127253
282212139
477988299
328706488
481871362
280970800
318744411
375975726
396109946
481469064
322877537
294012235
302177412
323160515
329298980
341791237
269192808
320895606
274584263
500161249
301292720
490116084
486558650
534601718
307427819
474791619
397788575
306132271
475567735
387805135
382775693
381918705
484987407
314250194
456853764
362713691
357017223
281745130
303474418
368269561
321447009
349005302
487343273
451660451
416554461
403300139
497931637
320052266
365861031
341119166
333960870
397009196
323126946
299537190
453339514
348845162
507386729
307344827
494701794
371221578
313221452
433308007
532325713
418939499
315791238
304652966
451720158
337283051
288933708
309382239
319536239
440395227
473157780
436508813
330560743
526647713
516988211
387035772
316054649
536592581
472194554
477254533
518355769
445751051
299539377
327913913
356762903
316001808
475561132
445118298
484942069
320798638
442891662
476510757
401097512
441202023
468059246
459364135
362381457
345311288
417330309
337868887
309255704
363632644
460328250
306150394
378545466
280887246
518631858
398100642
534511312
402932994
350686964
304801367
478726217
448712543
370474820
529822418
306447160
416765805
504496144
332398506
499635663
370476619
361210448
508061635
441210657
384032589
270619449
379391754
308344347
532918494
405473717
414844062
272787496
462827946
377004202
489584288
371704322
383020030
287952988
381196272
514111704
467510106
513322347
338228968
352833527
331840450
326671614
466584309
385734028
431984799
383930910
348420250
487946240
344040929
514969948
463207127
281226714
420630230
492290091
529679842
525298147
311754009
454202821
515183165
353665950
466127153
396015496
445386247
458283137
412535024
278022697
336824360
481800336
515462244
314967781
334675846
410763427
342787553
532559510
380558217
445274711
383559033
481201038
464472940
531174462
410601609
303977156
387745140
453393080
369867326
328423418
295918805
297971807
271009121
402607930
441268380
494275897
308047711
503519099
363561655
287192713
438035952
320914389
370341034
370031224
349594827
331487820
292481920
395514239
456511602
313015256
480859051
371404297
355890428
371800077
433195770
287620088
330135816
372632580
341301183
346873390
426524443
493066196
348435863
463577831
309627114
446555608
431759599
303589729
385770240
464422547
452840376
513378762
407109477
360058032
466638898
460787933
291705724
444101908
453235555
443369495
328976817
347781340
394352432
495829545
399851497
349209344
511977506
409437298
291850263
385907230
298425856
362688915
368923411
347529319
521737357
423115828
313287057
430489460
403663932
302447987
481183976
323552424
438636809
372173942
496099032
536460547
367349348
325367440
303838243
354025462
316764654
378737495
320333211
340620498
486822374
421673499
375448000
521341850
501543704
417956499
449204559
505195450
468117266
513985671
321647339
447382509
387941796
376234248
479362787
437503462
493926515
316199581
448878133
274636093
324496079
290103006
468685420
467948473
369377234
499734317
331431442
528152208
361674071
435035321
321275319
396410888
420316595
345069253
424735039
444854184
384514813
444631674
480557494
340663588
445136108
414134890
502853819
501738400
319326680
327798705
287990680
496452164
423127309
464331318
332389916
325448345
499236125
456261155
377774983
382523547
339233909
353184338
410477135
381898681
332664397
478755669
416039696
463521519
488585996
477066084
516510988
312487494
522281532
445292242
489388143
289501806
465772768
441926500
303901700
488666329
336638342
274947044
275391714
515023027
412990819
349950217
381793666
391720199
455504395
498522969
354136196
435264547
529361415
279987212
481589070
397944507
535231355
409104803
316203617
318490778
478726326
393588326
364408972
453809240
342927943
382304293
333928916
293781941
346507447
499309659
413688788
521728002
416458347
383237330
536737133
307032781
502445634
441625790
503766652
399445460
437673924
437404386
454031680
368801055
492023049
346775179
378085751
363810425
466435391
533699988
393882214
491597540
390220171
506725071
324244851
284586541
359778102
507581083
322319983
462521373
517395417
406621894
273059897
389371717
291776094
313646033
395149603
403050106
515468880
515706303
503467535
474475342
302560312
513584764
352603608
317120475
472734110
373179138
341576493
420016332
395237060
385522217
478951329
398454556
463826444
530290754
331490875
352150229
391559398
400211168
516068284
440994778
280702913
474694098
468070303
527254077
455128773
345893312
285840781
366928304
520161054
369819986
487650593
416313507
313315836
314684292
349867792
522482873
482392334
309134888
436309039
487077589
286054933
473351436
293269221
439209927
459076770
368139641
364192861
288983261
481973401
362072762
525317664
531027949
466537443
501183347
415829265
352571763
528161670
403411570
385489287
464149169
479444906
273717954
478668277
401567470
351138801
272762516
492745753
353701464
270952155
438911721
462564575
479211868
301011414
392330888
473410704
376169459
342596722
369599315
326470749
403642600
378771476
494951806
309190023
445516930
463882742
487407478
526082814
379963844
302690134
495108445
447843391
463231128
532821859
486373018
318847284
372990658
320049820
387027162
339919762
452473430
437834908
286466919
402500875
487494673
447758426
517732187
505990661
377714967
334021687
334213337
442851450
462751831
494204307
338338288
283926286
395730177
431127885
402159470
409795056
302337814
517218507
452220588
348294654
300241635
319779460
530372811
504452605
494867888
505269663
476103287
505480258
520310446
528790998
509539004
279943662
314425898
499661731
508452735
452016974
511809700
449955242
290221754
329390733
415035311
305544411
498851149
508180545
333711709
414339269
297667549
464380049
303701153
289849707
449109390
285798996
440868027
296826037
383339075
528807662
330849451
530560451
521725438
481658756
390079690
279961996
342731097
368798991
423798078
480601725
374292271
408110599
315486028
449537070
294797381
469941422
340198173
319586974
532784097
300187865
279923351
315019124
496900279
469544901
502804101
387960599
534236578
468357889
466965314
309429833
419093909
432688778
279685709
292655080
406221639
433401258
528351927
493734369
369143511
392864870
312491452
360636335
474589900
352768602
420266036
490793188
357407764
372730906
372074588
291086000
399156999
400850373
386795886
502897027
336347158
509444701
473358480
372779520
386601705
501834483
450996291
366940205
452788309
336648531
421058158
419620581
355838128
515691528
321747484
491651596
476895322
293912206
373871046
347811250
378738373
511078139
323847951
515846132
517406570
477095674
296837092
505625408
287897751
529477371
272743594
505442927
408790491
334576991
386356127
311684620
272653175
335022501
515698624
277972165
329421140
403985031
268673312
382954162
528010012
396631246
454833114
359778301
524428491
408601805
484725272
430247271
302189391
313420020
337359506
449293083
525760301
402214171
408862383
359271343
427846859
429461391
514145850
457200266
380622179
290907855
455817339
389932479
322742732
373577819
499851595
464265944
344328794
529845647
435567785
493563722
469981042
487145213
338240666
403583376
346012991
324691254
471788480
519318616
457963322
431949179
507658881
295451613
484214379
509902695
477017037
507117681
487162243
491963792
492251104
514212593
448664477
310886049
452126007
279976178
290951272
309822933
457908467
463456155
340078837
273208138
506496596
422248239
487716296
310470806
375776744
489013244
480970619
348946993
274164242
385120180
522150293
335626533
495221782
479969164
337291267
516312763
520575318
495036018
483557119
448614398
405104346
401173926
504810265
320170325
486313051
302405715
492302793
462749085
405107253
446040848
291360152
470589753
473968013
279044877
448102750
332278062
388588743
318641362
421712156
392075170
270232072
457387889
305430446
473741736
458818014
399246653
364201208
354853232
429557012
323295769
520935943
510995205
323154403
418916812
270758422
302682148
325000557
348462860
417603638
370793527
480298407
366968145
404777203
383445099
388652160
385544772
408069323
522613904
521028043
521151099
459773505
477198556
486933792
352291625
400706996
474814820
311086538
330207736
322960770
326414707
271390521
493677006
279958506
302180906
437635468
338075715
479761538
372569947
279306174
296453956
307317787
396060358
289158620
452991761
512750657
335252408
532390954
509356367
363009197
301957830
369456782
493825910
318764821
535859828
495295528
501777162
424640640
536220992
477287716
355127719
499131787
433116368
344273129
384849304
324799541
489702018
307227018
310081637
374996293
520840988
405356880
373675808
352705087
422200686
348680372
417331258
482554306
270088051
387247199
462353449
356738500
269279240
431012702
404187338
375260565
413089529
431089387
413566573
496583112
364189586
380511568
309269955
479265952
454984115
488108154
334023095
279948647
296487344
356881347
452840733
511757676
447032975
410778337
331531777
415483706
523017743
283465697
345114620
282818505
306238829
503607941
373062288
432065023
377936582
415373480
332256382
414480199
455036232
477869712
349906518
396907397
412445944
369692810
501537875
341033998
370001361
395840394
459277193
508151857
476108862
525519532
487415059
456141452
340260445
396177449
444250960
407565505
439932225
338797823
466115919
488182661
412068532
462973700
397768365
516728726
531535068
510163189
369662767
415629839
455340910
414810265
488335213
480140665
287731894
293239400
313244718
312502429
281138698
513621317
369721776
396390377
480972635
324177216
510812526
395643910
274816939
303267899
394419588
480418255
363867170
434760992
281407144
303605950
482846410
379381298
319731364
449303410
345407890
400175272
300366368
535342078
284301884
300406744
413726385
343025060
423917991
463500214
394056959
295980758
424597622
475431154
405238591
524278416
282605547
412786140
408327286
396382995
346331527
476751100
284967230
340779063
485733333
467411958
508311504
515903677
421311115
391109235
407031043
383423250
338388595
362030964
372551863
270311824
523873425
323388458
496426986
459281269
487344036
293351464
279443830
325367644
281712501
399668378
269466231
382884458
514421543
302813141
535345182
438929062
393566350
489347261
518218624
309787981
487641116
445922693
312814079
323668417
404880288
367193012
324204240
485644569
389671438
521695091
528029630
423341199
377070447
353731059
459151116
512685129
521880509
473434210
276909585
364481979
384794726
393864111
455166391
406527231
535461865
307889144
458451648
457162938
505320855
480614939
352245262
468206563
415789791
306442003
471411414
415382789
339612576
324906906
364038048
408310559
503303586
465728526
472066736
475482165
492491849
444555652
321801234
398431681
332432974
292956154
353915609
310644636
430334644
321983475
387721251
282015745
315637089
325150901
303756571
431244874
510637114
496381269
448795574
511975320
426862009
336861693
368833534
324190079
460817964
418961363
458839098
299370363
311458184
490893560
316748778
493628692
453131659
287461235
398732677
370820259
405423579
327151954
464301362
500102498
418726603
300034302
303727300
341388752
451910124
515116087
270914986
478555735
468643853
301979949
301730492
352058563
533026436
370964626
403510674
372706961
323113933
430424861
274079308
531781651
350035897
500011539
301223128
359919877
394910103
516285844
273924863
479423913
406026791
393473162
463174862
519318576
530227845
390956207
297996551
329724594
322602621
469132828
462520391
389956843
444598072
298855640
428231428
381849403
292929373
303310153
334318894
400096963
463958980
292441631
454489565
493204509
358036015
492741660
402519667
345037578
282613677
506532419
287515569
296953564
419582106
293640174
532090431
476741343
374533482
528084981
462787979
346699943
405799557
364122615
426516192
302599930
452766364
399733976
362008949
466037059
488970116
409148445
338354151
301851377
393561985
473108393
310316662
475900140
305303055
397379115
345791572
460611041
506569902
408486566
339125982
528082715
313342750
434658940
346292632
507341629
434240659
437608046
514475636
531356881
357935760
412148862
393452430
274554313
514866821
534930769
454439363
338203239
397205706
523318422
278161898
527692278
434581232
511239039
399558885
412912595
457515405
464843013
500887664
482557852
420671413
294515378
299693667
376148677
391429694
290496424
370693662
473131493
294550823
497001152
290406343
523748509
528538631
493156456
461687143
463240988
424158015
418241205
368621817
356926155
295215487
308443200
338574148
322624063
521615734
347114043
528741198
507052385
416176933
375351908
412668734
514433872
414117528
358227482
340630177
478755769
403010451
312194140
451903498
515943929
345247464
273140133
355457943
428197001
490088999
495033783
433528533
311797727
318651622
412145719
274798221
445809784
323383012
384587971
342913665
399805338
296687944
377925403
463407408
484857267
512464138
302403275
271036383
345087996
435947430
531185777
308159035
311591699
311335678
408776819
478985664
448600439
465197746
372162786
507403336
495523764
512749565
315636307
438339945
501817556
471355082
500955042
298021937
283868410
384560459
337910282
494921053
461318855
490941890
359952548
433615261
516904323
518975346
498924634
365795521
293763917
392490383
466006509
379478193
495554877
366524084
381630729
450836296
486183211
392363570
291319258
353012583
374260722
364767663
425423325
382622055
390316721
510808633
481645330
531512625
338671288
337048761
360148891
468163416
355582607
407145132
289570345
485097767
425600431
524792555
293704356
464135368
475661172
469330844
360762600
398369721
446171641
415228841
379976861
352846125
394829933
365213624
456262797
501173684
454442304
444434575
436894307
392763216
309348574
340647780
350083075
488435606
308227099
436055139
377343920
509415354
532509118
283428832
434834087
366027783
533152554
486211032
329095768
488180451
310202096
467527975
329136400
462771817
414529410
487963691
461368227
301730860
437392222
353259496
399426006
355410293
450514873
447451872
416399286
430313271
464738122
498301567
533342957
334184407
452857130
367793145
509748646
423281598
535092589
309631823
314592732
288769804
304712909
474479751
287401040
387611029
507006094
419836971
323146177
434254599
493728108
486968292
493312136
518397785
470804834
313893884
446080037
367898444
473547793
529346295
334532054
280804458
332167301
466724350
389397689
283098366
283164718
286924409
331028764
408208007
299716431
370273634
406632273
366394919
411422768
414222909
344215155
532561386
474384573
389216765
418161138
269323717
520725178
276975060
374235594
397519228
481530647
303261610
500617501
453686499
373908110
322403222
512365088
358342732
279717798
508302276
461647439
486530881
525678822
484578157
341821752
279245318
281794424
456817149
393433336
458379366
321490806
369558420
500046509
308325132
445496469
428249885
321916668
307063492
487647184
381844727
399335010
484398479
375123290
368286174
525308090
446563309
530285410
364921573
430599910
413697568
309279430
326354507
396321494
364419460
453299998
319416059
420113157
462861310
371676495
454216597
275536302
379028237
270306000
409261097
391954608
305067438
343925929
479633508
390428091
421879554
514673302
458914562
284604332
475801581
268691607
480599904
350354627
369853931
373965362
298992079
417018343
293930708
345692068
273086975
412488937
502300131
515459154
371867972
481806392
315209471
357730221
486967781
276278210
345679668
420794490
392516570
401393366
482822082
470158225
481798443
338375386
529336741
475874364
449927574
397214656
391520425
430744728
499161142
403871219
349937641
330853530
499824043
438949019
293601194
455570230
466424306
439539370
466323448
272079947
382715116
463186122
348503243
398571933
487094388
472051901
339337506
459990805
464226874
426624761
383686702
534199633
535255590
526621071
517530445
401239265
470549381
448923794
358789334
288425500
434116514
295461982
466283866
519333047
437673913
328994896
432720760
425906531
489243675
435029951
386367176
394878634
430152142
491063698
396162604
376182933
496637258
391637072
491655229
337948637
514679631
289070468
402536049
429652120
292537887
390598136
344924035
298201416
501443788
272197662
438445304
444272985
314655021
308641553
370428163
310146731
393293370
314794269
429449356
432425733
293961008
520334363
306292115
519103289
445594908
466440626
331155459
430406040
395020125
311613646
532745097
444977512
391208154
452258783
324987296
536743448
487583671
496659686
526733269
281187746
400436883
372387277
407896326
381457688
422929617
366558273
451951905
504877707
327933836
445171336
454694609
276131809
288969779
387509276
516144262
330424111
435044195
343894494
506897024
379898668
358768817
268965273
421067139
533058396
366633791
524027926
444499021
478477606
426760317
315098058
272182993
503525659
341666397
451783064
412436051
384084475
343575723
275229523
407000143
404283655
490315169
385559149
499180017
306210596
533579671
409545087
325255038
459611309
492980815
308232897
379825427
404021997
341846845
348477775
467199143
282509228
412241853
435349023
318242705
502510193
523562281
357296674
450229633
531417582
334358796
294848652
453357427
331431813
442716612
495339466
331803779
464914833
338028935
495677188
325681814
484965889
307812082
280728804
401713178
452463516
522981931
373263977
303760069
474588279
436516513
438486389
359014537
514192213
464791411
518078910
497934937
417284251
397002946
503424116
478520591
277850817
291550005
484394198
275813371
316440411
285700795
482881796
419074499
505664388
506886062
451527761
473323671
530515076
495959289
447864534
515755110
320359317
394141449
358949560
414893576
299587587
509686764
286309924
519727329
523912713
403338831
339591148
525089781
321177632
466716761
448289568
487406413
365856912
281929703
517778307
456361923
453706958
399290286
304608562
334833616
431078570
341227507
464517303
378757384
443887935
487375825
515395004
323276690
372442148
292577927
440143686
415785842
418704650
483817071
451272836
367544626
354561711
433586386
317241123
456678608
422182069
493821586
321995957
361572022
509904137
470964004
389075801
343622089
405429918
361093256
285408742
303098995
392170711
369370035
443722391
391074762
394182302
507755170
527689047
303377159
487869439
513225664
362080241
270803002
444461730
351329426
498274816
505278507
474290070
512872946
527525723
435475529
483456511
343598998
348611119
414723908
301655192
269426670
329827909
375743395
301094624
359389991
280126815
387335720
400002196
439374439
379583971
386096064
483971460
520417145
464807411
403184457
521573468
529891217
515963868
356464250
508041654
327929737
464820797
533003454
493467399
406816329
503450989
317809236
321107249
406442632
391557778
333086540
469345617
448685751
454751736
371281912
403266006
314028661
471711306
474703483
286114151
396416081
468526299
320443007
494047941
430840813
352100485
370483347
334068994
501432005
299752972
415043140
332168118
480474524
368852376
410038103
285912042
474598958
402115223
377375759
331379155
357850383
269227918
464121414
437064956
406028402
342986328
423855317
528312417
341219014
458737628
516702718
288825227
454363608
477442669
432912578
309286128
502338599
386077917
278182240
432143112
504716293
457623274
404087102
453824212
469788212
397973747
534304804
373968282
296247863
319477648
279368998
341522567
509739441
365173721
419577908
289945095
366748755
513283933
348471339
293412823
351427405
370169913
390748368
458596077
271600898
480607177
527501722
333275302
528577521
321597751
421433672
442025531
316584296
463854121
399104529
342972753
318210967
368344362
463598559
405445969
369253291
332244656
305084132
397107534
445751748
316134060
396084946
355777191
419250637
375786280
304713354
352855046
360944753
278967498
377263273
352735716
457064900
406942101
475204010
313750163
428764748
353390801
473509339
272977763
489492706
478523678
323241493
442590243
360918161
467361798
512823536
477111085
284074196
432458623
385996687
377610878
490755219
439553133
438423078
420814183
388058671
440558372
314659210
344075603
419856479
349681505
436826261
509506768
362297209
525439012
445547516
339789162
325989964
289765964
451849591
410462475
502688805
360426851
426931238
459029730
529509784
304729500
342708357
441737897
534044823
419381299
360428605
388607727
523723856
484521600
515451830
441044778
403881806
328821698
390134203
518297574
391626586
346313769
486505889
304747112
279326594
523182009
366437799
488185426
289710367
278892823
437431911
283335324
438202228
420635425
412709627
280761587
271034351
285190769
331177383
429405572
305681063
438123993
456947880
315969199
465836427
413176838
285190247
374457106
314309911
347555960
496747505
415490756
397580301
523500175
347862361
523504844
469147521
494882148
515821411
392127046
357491081
367089670
299207436
390811909
347331858
396705830
381230084
483111909
410997064
471738561
472326737
365078092
468829565
281786739
408069730
497559684
404305853
510780990
390557656
360975883
298481606
461935907
300103209
449551451
273423067
347214592
273001338
309052307
480432463
527466336
435180767
314663530
520207388
510782121
361753105
414516782
524588162
483498254
344113534
383642064
316247289
369933707
500931043
340108323
458475875
500171541
349235824
375039027
290467903
359089284
362046725
339589170
326601871
487293877
433672581
444046518
386697487
417861010
309930219
322737656
484737610
457356844
533006885
506186334
310943535
284742998
371291251
410686228
334453712
301100359
511559823
421470172
428510393
424044031
498023113
430027130
375934454
284213467
323384661
517727304
422604750
277706495
415717318
313896791
400530800
373556445
480794972
270665541
284033242
284700440
294716419
393735662
390335566
395017025
315508331
349648901
309399477
356900599
444451638
477112793
278602414
361703579
361971647
516783686
510619277
507108127
387625788
495218714
530478749
397565351
290792800
507673858
381721183
433083699
296420861
452325955
348761902
487987466
463344911
528086005
474985620
527547584
532918985
403922859
293529960
463925244
280289727
284598806
428078024
392932330
456423022
487833774
329607262
373926447
363922441
434517707
489650782
393697045
381771906
481349773
375765597
318589294
339049608
535927221
368949695
329011382
411047731
485797711
332919626
279166428
486812338
510972422
273950398
486139770
382745380
435540393
490122693
315436150
275897167
330479575
498617091
440364649
280780240
489688965
391971402
352997725
273750145
293226221
308309891
516380613
467209974
295388910
466026855
319272157
409415620
312785588
521195417
508705988
461246008
472707893
492458201
383578198
342747156
400963389
359012289
309214898
380952639
464332988
454561336
311652747
461920915
389410969
272263517
529424879
330924232
458837532
504038998
315866292
364353680
370126491
291500243
315810164
456964626
452065635
281006291
275165852
477622659
420557490
479144711
535352938
497493987
314552499
353447183
406130125
418007498
298764531
378651462
341649212
357278624
434310076
433849667
293413152
484399888
389995602
289363334
500716866
367754153
504856981
382221798
380970656
406160826
348294013
358125625
431232835
283311358
525236648
495070769
295583607
469935820
332135935
316535791
297704221
333755900
403617162
395927951
434578571
374697404
487971455
522895701
331241106
404412394
455749824
529785810
350634586
516324935
492215582
337721070
399734134
443642419
394252473
468321533
339313195
429285551
271011298
421175899
448365675
509889052
279921226
289431442
468442286
482095252
383852781
433361865
279262365
509489197
311754811
372793613
391534508
515304214
505526057
483930387
492652041
278955945
381030857
386841692
444750426
323972613
521222696
364140156
330533078
397726224
441043797
417618116
345102249
272803026
498818431
518767584
429407431
457815014
532631257
344514185
396242632
400209745
391807735
414940662
326036103
300440523
473665101
383820133
401091731
355333723
434815839
532527426
366862149
344494193
425099948
518080689
524445922
379598142
373368442
532021537
474065931
294594495
503589285
507553356
431483420
291666376
340701009
514534584
509821009
459120336
328696283
509907035
450496576
324411993
532403105
439903273
322369012
516455630
459765265
507321823
474235126
510238212
354964306
315698295
479675861
344164725
283587124
367949109
417494347
335723500
444436098
369462903
385367279
344989289
477433858
436106336
298540758
419912206
284698541
300883396
393578195
445594080
391671359
332282153
479256466
456379603
443064502
416458997
474536515
454707649
278770649
487448079
492534251
510778918
370420588
496885762
289685072
420429804
398945515
501601919
470011797
519372235
438597436
416182830
415881278
479897737
339085328
390037493
453252528
412419245
415292139
342060208
299620569
293280440
490902280
414409531
306279897
493039829
326177945
487074155
506978047
528334142
438120451
431133841
269537898
358102285
315141947
447308980
519629971
339463886
289771323
419880427
365724088
289868019
322720761
487793000
426721928
401852603
441023993
418480346
460082856
424751551
323187827
339209290
334971559
499300227
479043004
307598271
414499925
410673462
425762024
488155732
433150921
330567302
462226449
434274024
318252956
386265434
316431024
406908402
413852909
288193497
396338971
302711100
292143918
440364669
482948722
497487688
454631793
409831237
339328429
513614451
288525424
327202047
297774600
381752460
426255297
295794425
532049132
475635293
439411275
467469885
524320294
434611797
381335880
452138261
374774553
470094553
321497542
342420573
326681299
405173257
452222025
455861990
284561862
386409042
503212677
382736068
289871565
530270461
433442834
499615100
370793235
423952824
508214866
435796716
527711545
474614626
377159631
361727985
314311349
305901883
535010549
376483397
292805275
280899569
281479619
530584400
438293701
370570664
465371401
478028858
459548398
453343426
350487858
331990361
483828323
388499934
418381271
501172267
427986310
421395746
361594032
275254591
467588030
462851031
294559581
350021961
293663930
472326629
478031887
313104833
333236905
430481806
363527524
512391679
278667476
387465625
379364226
272643059
318456026
401425444
505133346
301146877
534758465
321171375
502197291
421767569
422175318
461413868
485982753
393078721
318679165
273872767
394862026
321804871
372860262
