39625510
251790414
10584221
38902046
199148818
78248671
203612766
247099577
17521731
17250172
93783521
254683872
2699270
75487328
116240868
64370384
94773864
236692357
149068552
263037962
57891098
212013311
113704303
255873502
200556811
141407104
25306350
127617787
257484186
26278253
146672232
47986980
216372262
45633184
214107512
155409046
110205191
73633316
201260011
267559562
99745028
106343968
168963521
265974243
10890098
108245588
219896239
3570104
111904409
188671663
83111537
252920487
106134878
61227268
199053186
238092250
27363071
34819528
255037736
181711525
4608537
138299231
141912704
263576281
48251076
142741051
133423837
230709178
21158315
251777897
67768767
116540061
238316696
50056570
226334207
34377036
71917487
266732300
111036737
248310606
200006179
205562772
79097870
22628101
80995377
184155650
167960851
76515281
211091556
102688388
260560144
47159154
32163177
78330762
173536360
267073327
239502117
82805741
170840279
37795320
161742084
104049171
200495291
247164498
77893789
25370681
69589314
118211159
30959150
81141372
112081232
153900227
254566112
223675721
44080937
266287030
54073922
84247365
117395411
267798058
62013245
149114911
158897262
42448105
209959835
7730087
229178725
14949724
176084607
146859053
9770869
71131145
234605048
40875901
95181463
142895740
79993203
90415077
224908873
192786439
198587360
60547412
160069544
205727191
52063035
264525354
158455271
108449761
48632706
132564160
15137409
205767252
92423742
48172195
62175838
228894418
47097664
120737787
229833998
241512367
213665167
108472007
13075351
221122856
250565388
237269767
246607232
250215704
90127863
140130472
238022027
2013515
124818659
117533662
3689364
24448394
180267316
61211502
160878867
178611801
244241879
266545429
165537345
210700069
67868740
169808118
111368001
84621080
13028130
248029641
23557756
22165468
253923999
164561230
130621526
50881097
130125846
186729845
129340734
3426467
125580380
79153478
103819155
60391713
186538189
39492221
76641792
225358557
6240595
194912567
70228753
13032429
144159354
252516447
239454898
262112408
144251916
142709769
197704729
88661070
253813774
166074343
264911944
252412070
111375932
242571636
104126299
224547114
38658179
46558614
153591066
137288981
8946255
53575974
175213049
194200985
107428033
10605717
83305098
249130769
268196115
139031625
191443444
243677833
247919304
240840040
113628714
118476619
202618425
168915833
28257239
262684810
174331363
110798557
249777760
216485398
122427496
117967386
146437648
253961114
178113344
26586934
192776580
30748147
73364835
84491368
264398682
118230214
266791978
28870902
193818582
128617399
99882158
56642008
90866918
108522048
41821915
246476471
28031480
132674222
267147389
35526945
252754262
190948707
105701629
205788026
239132086
236923952
99052141
236551712
263745920
60144350
259210417
199674936
170395682
163837333
68717180
21887448
65562164
46704325
194194976
138820817
123100881
108016976
245592593
95934537
253934506
73691144
19828265
177507546
205305807
49398366
217580053
53092745
267351329
42985044
224974210
169749840
141038817
68878395
184689407
215416048
166771707
111852756
161643523
76929129
186630267
51998961
52095663
60372655
246317319
160647601
156454522
30081326
80528331
80529641
151596807
175797276
111218098
74788538
232212914
112258428
69671419
84532620
136339119
162234031
193153599
189658752
160052277
190690084
261014183
167403580
67844356
111858439
264680475
86014006
23869465
192285595
34188188
179864315
226321562
244462712
119971907
181982513
234964209
65406409
147575353
97289062
255329340
114994787
111241915
183057661
223447635
213790684
1182441
210007067
266120605
185761628
259286397
187888204
44886499
239888497
98707230
141496210
156155764
252227311
136978805
242867069
80214466
115358931
192373521
210488940
250201447
49789230
173439955
85223755
26397002
202414774
215054376
43266623
245986039
45750428
118674819
29580113
202649684
155717225
122596854
224377251
119446789
266231921
96711716
186803377
141357489
42569682
221191102
89472745
253729234
13443712
78087987
17086407
190123091
137953785
213237842
123940824
17660085
60940157
145077225
83428980
124085655
193243193
185322800
88994561
122423172
259508868
105971111
59541051
198213209
32515983
85911627
265329061
45604936
18802162
193531820
241107570
127004487
36577832
259444105
133554951
192647388
45651592
50492952
68384933
201701538
175482924
2693022
50666247
88273804
58030087
246805319
172867072
180819473
245175838
34413316
171878844
193255958
84218721
65282862
83080727
27786281
69672304
202330207
123192996
90176019
83222202
190380770
256842429
206164821
124937190
101735824
26570415
71376562
35696374
151137051
62849083
99815943
71677793
262409628
15478233
185196394
230652806
52820287
84849193
219798567
171459882
1172541
55756647
1708423
227276397
39476100
158562426
203993931
103685554
78868493
179825081
243221080
28697130
20705584
258238928
223956989
8706714
223291329
198686074
118056474
140987269
39245715
137661831
60855880
49383614
234742032
19977743
166266752
120754819
81309410
41713594
10153890
150856957
144530130
194850219
116806039
203838516
209395224
53190520
208788785
107441399
74427844
121446061
132718486
207459198
40296697
213569939
167807727
85123499
163347132
196167695
173931836
190916174
221967082
160752099
172999788
266491526
87669740
21418029
158459503
52286568
199791141
126484012
98329584
50061167
167474185
14619631
233553149
3474860
257325959
133659557
150215204
65205182
143509110
120001000
182283075
41798025
257697327
655986
28220666
262809323
26289525
178304218
9944595
169756976
262901668
194400956
208024929
47436286
157024253
130678071
23695879
181750685
16083540
85061617
40234957
134599265
69214339
102734914
82108047
214407388
34750318
227130093
195443704
178536928
128833911
210788927
86042780
222237419
58322548
253659720
241134808
63945015
23478598
231913819
150996266
135524438
235057597
163027323
41005192
9855716
96739487
6848480
57976298
91873929
98009853
15707713
223493544
248951711
225762660
168174799
175289514
254659226
193671701
94442383
140128113
160746920
206201597
80854621
101428652
203174422
85314727
238902298
131831162
87273056
215447336
246370110
178324293
153932926
186092492
125260670
144352327
16988526
1296917
67631504
86760423
133952042
53506703
220583884
34270966
63201758
100976450
9526218
64337776
43757009
150350194
219091800
2883699
146476760
90188519
239729700
140177641
11880977
232359
202764172
201593842
261144954
181919895
222266749
200394420
266740122
157583684
134140214
13590056
174568312
251400656
131468487
133667801
169674964
81833195
90304609
150460704
91822921
242708615
52279444
17191279
230420437
182641389
266585607
113077991
149662304
98496287
159671507
227753758
167914370
137491584
227358808
30230556
96348566
162612374
63073250
176625035
206027648
95351554
233616793
28158948
95130977
151024660
220403176
103777871
186494049
150077206
220270304
160319141
47438279
175291108
74669117
75578017
28399761
97298218
141844267
198120542
182010401
245518883
204902948
56957822
247681438
141214189
192356938
139846148
214944924
184306977
262351488
166170862
6156306
78128
213516001
34032180
115663492
95146759
216824745
65935286
260943021
259267751
66929806
208380407
237363928
134598514
255523257
216742838
215024314
74875763
48868395
139781514
121314760
166949861
35556699
126384672
145742316
17284490
50360049
169150833
172119877
167151556
192208754
203959051
109307606
21831061
211544885
121867481
159780446
230280169
145800320
46216477
24512950
233113168
179918462
217708759
116211429
20638664
84395296
257463846
15190534
76573502
246039388
118493863
106990083
29163797
4717221
136374597
48523714
3796174
207904425
107980479
208777720
120657209
48584564
252697632
242052657
217124781
128034809
242156189
17888690
239489098
110390776
200977995
173449257
118483216
17724081
20581352
163268525
192945052
149840175
216947381
210563477
36028428
264220585
190552267
51529907
32202622
8662543
192693430
104579732
104165043
144698960
148640532
60719113
11266913
232584612
214279221
220770737
194630539
196308147
95460160
195682472
106682548
159524575
147120720
128905319
205311419
158559674
109850358
61745912
194391375
251272096
92030829
57265767
11697657
178405324
77200858
253756253
125705052
77908877
138631857
263654649
74218314
257406336
228958015
190798688
196988129
240198102
29024869
253129290
112015749
198946365
191394335
205023199
64373328
43339479
140206304
98822402
7757193
130942264
87340028
81309226
93100658
59699834
179907302
54842381
176841250
238962564
160918414
60364081
147577817
207506368
132604758
135533606
211333791
95679999
131198918
91371609
55684082
13659432
229840831
28018290
245226880
228918880
121297292
175895198
127181148
203545392
238791924
48051351
129270057
116547414
79164543
127440212
31850945
132081217
57108214
149956712
153047174
61824076
117744691
9113856
22511163
227095082
209318092
78772141
216300014
222771932
40378377
101232042
120109174
249179317
172311884
182859841
153502975
132789979
51010569
173912682
171067966
140400014
228334609
11679626
236420518
99508376
150807036
137288381
6743827
262937559
221582892
33103395
8753304
137973470
19869921
197310488
11019510
120881769
192580572
39707589
218236150
131301028
56235705
183134866
65316209
201326123
248768581
95263134
72775221
266795904
220217379
245404010
32058944
74520362
125888337
248932608
193826587
241414931
74396925
265342511
214762948
127038043
181550527
191430927
16918792
67378120
98660707
98172335
109554722
228341115
95330320
241274354
163357360
105478101
258205693
146842482
68646521
226604472
114319600
53142889
234891799
54576390
261702263
222008112
133021580
120699861
100285374
147222525
223641658
134244139
103331197
210818856
215390747
137350409
192108116
187339946
51130647
144620629
264183541
112905380
191770701
208307991
193156125
8551310
98820452
118292805
15424810
40745454
254956754
14140447
112917576
19360111
55635704
232711202
176115078
64463095
235253994
12323143
149435098
56134704
231482493
106256151
84074685
60178370
120129513
117261859
228041343
101566750
22312543
108219551
45445725
123229969
50366747
183519232
125844519
220897022
257813497
162372644
234182896
43875508
221144688
25166458
40261478
29462835
224253703
101155372
156142277
266163633
266201408
94561411
27556316
44627301
50093162
229852504
78691842
111678122
224451472
7793960
176383118
110705748
208924560
72912594
223348868
130354858
219512830
81959088
198535936
146661364
133142817
99925439
49665212
92639421
106879824
145985038
163560857
150343284
56921988
201959337
61389394
133097956
110917943
202688693
45400333
245090162
98959013
47325863
167731724
49004372
200788751
133620126
29107702
23550361
57811469
246181561
122604920
106382093
253309030
142024286
172657242
88860520
33899841
128625192
183638988
103286833
188283224
230654147
146342515
257531196
178911047
165755556
201223895
128698547
50123935
161710113
177292270
91019392
118215121
40873755
175108695
209695207
160243191
175909521
59723537
167760774
123824801
68815592
188137995
251176669
240431686
10180565
199132149
61460795
196918524
30397417
262248252
134869383
68350349
231942896
252332095
81111965
36549384
112575770
134186382
51609354
130343154
268291904
153058325
189498611
232315710
254956313
81500345
218418253
44085743
8180205
193221543
217691976
79483082
5499364
25217132
58458638
211847011
96507608
200113155
69500590
62631325
128205035
99589060
111652566
175865779
48161828
31589201
16181725
220536942
267329930
125171378
49965235
131469415
259755304
254065856
121965400
85333964
40370326
42652194
59030238
60629669
196628419
207439038
112852598
228520630
67276874
183470966
126353453
21094289
154039154
170256744
242739564
88457878
237049753
252929710
143729122
129786058
24272599
15013446
14421783
212303472
140875509
14816076
254153320
197876404
224332717
229692886
192542253
218064863
41129202
245919150
29800812
250949786
79905875
174118665
123782595
9173603
191641795
198351824
264808505
75144300
184759566
110567721
91291190
22075222
143257792
111863852
58894936
89708489
120200708
80286751
229471432
231215961
134932541
112013320
128784535
146306119
173647020
149850860
76663179
6267268
40406588
97165914
96860197
97708130
70578887
75369517
93879522
217927208
250871889
185977673
216586343
123380281
165658151
25772081
16875730
18223019
180216990
119552693
159896470
17323669
32393855
67666313
100669739
104994032
169237481
209366441
145903969
248685796
250732256
86841589
5382381
57311128
63726955
915031
173597079
103245295
9012957
117602264
231509852
184463994
196873436
186042118
13257026
123386557
246135728
33077000
176209766
79598649
229340191
177016490
267239021
13784594
259938887
80856667
137061114
249593146
81199910
87431410
100304445
39636932
170879809
95673714
189390263
152133983
163285677
127936559
178141849
130384564
204167027
40276911
161756057
23987589
133847058
68234259
15623259
82002096
104452757
236431043
63191851
261274586
87828471
92370538
130842554
168774739
136183600
27634165
225095070
64909958
12139636
90573905
179362075
41879529
3650785
157946102
130917471
243531736
22506954
226016165
81630235
168991382
142744726
117011016
41951174
229469189
81279089
169459999
160078449
204438000
177892078
95076359
141995103
52740405
103768671
240428172
99746123
248409690
216970
242363901
156602895
91981120
113974237
187218126
162269308
64126842
109319552
197993880
146512604
207800085
194248174
117569778
97997106
193243419
59323257
149201155
220130389
18126378
246770385
79226148
111456159
227980260
220249044
82187673
197295619
142416385
150746367
55466577
2853003
1087955
49616100
154966394
71192986
258246147
68675939
164749165
7492412
234740063
175680842
46935540
173073261
127634275
112368787
2059689
258821513
32322695
140524895
239407100
152396655
21137212
55385825
64605945
158654159
3007415
181715664
167253799
206127172
143289804
217073421
57809752
214412461
220621400
106803134
203907735
156819956
111649690
230758078
265361958
69724769
42552192
206322317
87486506
190434521
21743789
122780526
182585102
258345869
224591625
88352013
42729755
106954887
169494376
125807780
191099257
55512933
80382799
160211225
57509613
140603574
1809528
246500624
213845816
254483380
129639113
61510473
37461130
230246311
162373759
3866583
266463619
262832583
35292324
114924230
29577252
91687782
132532236
85088869
106088221
262940571
32074780
33222898
211652671
159172420
71645199
71401306
266964168
45887324
204357031
42301530
13295083
48885103
229269042
37011386
54161826
178334299
97124562
176522211
243278234
95278989
265695092
254923624
116879864
149022221
47519440
35043180
250084234
60216159
258535987
160179470
200191917
61011912
264299149
45641417
8834495
181208204
210681575
88835157
205750820
26983884
7332399
92796309
133155430
114447111
254825686
203198470
221457393
8929118
187955069
194303055
84440000
204689859
127959458
213498433
65367535
217724214
166052525
254507683
33311349
194859880
241754301
214281295
59081118
263910925
179822880
95389135
35784421
188446674
19512699
151720345
74223056
185134346
38870869
252552164
240958391
154628998
192515266
118373039
52295436
82126752
225158844
149420489
19025217
8849789
241484603
115709812
236961655
95744275
133873182
249629704
161709870
20751431
120814837
39674544
83491376
21184536
226119222
57674792
154102185
148542575
105810047
216986443
83328115
150732212
239525789
177530120
210182400
6473209
136698549
30976499
203382838
216913891
114076300
35615698
92031723
57740389
158227963
131021610
3809008
82918186
91445854
158435750
238772732
60278393
34426716
112480746
73459515
145895909
79132280
242096419
91977617
21302075
127762088
184594852
240646776
256654015
34490887
198998786
247776937
170379902
57209152
174941766
152969152
196306026
124066397
132869576
159805857
20938391
77156203
48556185
172249839
38104511
237529943
224550774
165898677
45173035
86724367
182736033
179094767
266710760
236234020
263922908
230221502
255331346
29531454
62909302
108390947
63791752
179044868
228610332
266586865
201080926
32429325
16447168
107885113
165836997
42383950
80354630
237056721
111838863
184161415
47410705
117620105
173543597
116790068
240687887
15749568
29146255
127076870
135692906
133095354
264609130
47445941
199323359
110173899
243594263
147466630
87010806
156205116
162797767
181916623
37319211
121339457
241994212
266783986
159499543
43159263
103927163
85321409
32413757
218306457
223867106
191217916
105033065
81726059
206717648
79060546
100129600
88047664
165908972
146604163
164366854
125919257
234211557
45018572
3900691
23279865
152196783
66117706
41041539
145383036
239728622
237863716
146322237
146863257
86696262
102977232
82140722
67152336
252091490
129236555
152462540
186550472
176951032
179968459
423291
222912517
257739746
229040473
128161232
222313090
159249946
103406007
222910644
240932333
252760761
151725465
52107571
26569348
168848790
177585208
39525028
103022987
70498105
155101561
126172328
216647232
16022116
243288535
24586797
172547694
81731645
212566476
153540744
20714521
41093918
146895296
268422010
104838539
124730910
235495719
56059296
74294155
95143157
191483135
80747486
8156069
46088379
90727674
176418465
187548114
140554832
151401168
138233205
196843842
2882705
253823355
78841175
177240538
220003286
103102371
257384616
170933966
12635553
251815003
126560253
104622065
249387129
242754347
49516891
122599896
93110007
87608279
6420107
154769837
125334468
80152404
217931369
47622926
58775898
134033644
191646203
101422228
261190391
151501951
101083752
152278290
76918967
160795605
169340908
201849046
213972849
236986890
78298151
17404058
90166617
172601027
114339647
191545216
165219788
119091303
10728153
207535199
9632122
29569072
197121928
241536170
214702602
245451876
38843578
214960103
91964316
191399857
232453180
142721400
262031468
103617146
118224513
104264528
226236543
231340046
168938207
142493457
60049919
86111072
167093982
74128113
42735874
246991341
267094177
224014467
115686136
55121779
146307863
251563893
259696717
93241313
36982723
198050840
173420366
217322128
42930413
101641859
27601993
258145176
89813124
207200426
24769814
265926519
198677111
89919144
249785859
206091048
257829030
155544916
98326290
221819285
174689162
166208023
172797367
72645457
194457358
212505491
246958807
63722473
50504144
42087977
181085080
126523595
251616338
51575327
145773709
73556655
60435127
225690903
128140356
130197058
95255913
168400147
22758457
75442356
122679184
79563553
123283190
138109310
249857525
207074445
112443578
267834383
224774860
265480502
116605874
216198449
199300604
1059534
81581788
55791768
80297359
276941
218711146
166043378
247449753
73358551
126769954
124606727
100749139
116279821
220007865
159609510
134749628
105971753
177448393
251150582
148899448
263350883
164274673
10360548
217874071
108076234
178312687
194984410
25590269
166406806
165896811
25607768
55353409
176867839
29329225
138008995
77890497
251431635
160148062
72183236
259356030
95327474
11414539
3421661
116042249
185508548
231703363
39010235
122744374
48472859
54461096
89432412
260365300
187796126
28212982
14909911
106749547
240442780
109910658
106963124
69257966
197389777
8648322
223389625
14740663
41408549
185856778
96203168
150408636
35446530
184458349
172219153
54228272
225726592
142572603
106931147
10074273
30675678
209711903
177521816
211782197
78781131
16317945
214030454
101077668
187817836
128994358
86336448
170077458
139072755
104728804
240190854
12520151
115573431
216891931
119168129
260923499
38378821
152486804
41292714
106696850
57311729
110711401
188343898
113278651
134491126
217077082
235135779
209506997
20545454
126934406
242662309
75483505
266675499
264240876
72986690
260961082
126540259
100219483
6542193
68283552
205251855
68512080
140563579
227287405
126757519
101204603
14875791
102569790
132896429
224107773
266772578
141995152
156340874
13415704
144908183
158792201
93020488
56828590
143697814
151205994
234259311
122476466
131175457
56401791
189471425
216505855
47810938
57364821
260755863
12253667
21434921
97166667
218146217
194311684
242289423
124615123
267251030
46269829
78603488
7231609
49230185
61968706
104549481
92185275
44750696
262665880
54575523
218160903
17446817
35112421
219706589
211824396
114657360
15893804
62219369
264429021
41278495
171795333
178962960
87659033
10702240
57876715
163911025
120773475
205345514
156577933
244903495
227083913
26000980
139087998
73569542
107009240
181764090
5881030
238936166
69699716
22142533
95481075
100335274
54662045
58258739
177042926
8194047
157138812
74438040
59137355
203955340
70542951
226939902
201570025
127570507
161180057
57388418
34224160
200319498
180755796
113488990
254507902
246289532
55942615
115108760
221077862
202972532
57825918
5059699
157069238
162619399
239549349
54557563
118537774
64400845
225698798
128852108
28991515
122085637
8971868
181189385
50021791
35086310
133373209
63941937
27204974
259008551
201510413
213269628
107328050
84289250
61951111
21534135
129023617
94773028
177887366
87195067
113900496
234840277
199551586
20257306
22336016
2563934
221848903
119011038
80146859
118848657
236389095
259994631
153613796
106081912
238655553
158632772
24485508
127329851
80003793
97798030
131940546
8903808
74000471
105528326
131223598
6085586
203158
128003698
13251235
150515757
210063540
38824611
261622954
201931563
54210115
49249457
196343408
264530756
212555147
97860298
234380950
13964632
56617287
209567957
96047684
159616610
53376517
236448254
50820157
56399689
27635502
139110322
61532295
114785316
47124132
262210724
57330319
63091831
23904857
25033719
238264627
186303659
219309423
189657569
65501516
95364375
4223868
248648322
245117827
23737334
19800909
161498426
103922478
150158309
68416403
2872183
226907353
5095107
48567335
161717917
18536805
37142939
87068299
97932816
250551823
196569984
187111034
209598365
186498641
84683492
9315896
81444310
183747357
98754021
45550269
175384854
169298229
242066313
14267160
208487488
148622206
33275252
28546610
88154277
183973142
215354341
89530499
19551300
48543552
232338021
3402533
13442655
61673761
85111780
201095942
2066311
169480180
134566810
230341637
96780451
103879349
29028227
247439353
116444785
91456379
174521944
25976214
117967349
169064433
11583376
54397447
57836435
227276344
51374739
120442479
167761180
62628463
155194823
70319468
183437667
134991243
141234010
179996785
205525371
245619500
242412669
241307076
3529424
189775124
32180177
75070526
196881777
245403484
64392588
197665126
70766301
226546023
173386237
54362407
35467342
192598617
197522633
63022104
147771549
85787962
224834238
5830556
256430342
83507603
69110609
237629390
125189962
249006997
187343139
109028466
234738640
153747878
145221684
200071189
241815399
28552373
51000859
128009052
33737434
200503531
33211313
187728477
119155628
44617402
204598689
944745
24820101
180973445
56462630
205077454
43318715
84411800
162079021
5633850
210138954
37071404
216660625
1514240
111235305
234964699
199761224
15569637
242944213
51614071
253719164
94532790
190831918
83656616
107409615
25368329
10091455
67289214
116677524
201408015
17815064
83822535
199527417
6430144
223678785
63996886
215737605
78748256
70308740
260914990
259031453
250712670
74428555
135730188
215645104
166617718
240986032
45971496
203206738
240316180
34525231
101022178
225979822
158933808
7795649
251666672
237694355
135648004
92416977
97424816
19650665
223427598
228842701
104755123
265425886
112378467
206585029
127505342
239099774
159368575
130160065
77981968
42986869
18873882
171728710
185216965
34141978
19637220
192823648
27863552
243533463
172745634
56013249
152469458
168648254
105252290
96388585
118270839
192788171
94237502
222642007
257309461
14134509
141475025
190539770
151719861
147499227
188837089
82785322
138649056
223909778
37598867
14383947
190403388
151876728
151960746
86298993
163354864
251573779
118761357
131942495
168703419
4213199
100481265
44933551
95786983
185687553
90696681
97505950
98772576
208333582
30385424
72473735
220710701
252288881
158819987
128976521
58568529
130747625
181109461
72081689
176004310
98071760
49137673
17917867
253594950
194872547
100032632
200465662
130079381
30233574
84156401
199062381
153857033
227597295
138244304
239679393
104466939
45903462
253902552
224491224
238117749
180914402
174279394
193565553
26196415
108560672
34915358
153751561
185227465
123022088
79651691
191507490
44600427
166810399
117003098
51364869
208893514
22013646
120859734
64057923
47922020
106717512
91484778
182895182
240484140
214178559
135609918
182428452
14880433
239638446
110504871
33594765
44424695
26244866
27240067
89241123
146681985
34900267
149891430
156304278
215250093
164352296
48199580
262958049
98932804
135410912
152280216
111201507
32115825
63388890
2928194
234257191
159265529
76925840
260336392
230971175
74613702
216065749
22836382
45869693
245329038
135895071
127142458
219206319
126040079
161712142
10564009
10984303
76134504
222175995
227985133
89823455
26651628
127451051
174087506
182240117
193445495
61636941
105373656
200326683
163964527
145906431
199915552
31921110
83995323
74057301
100564747
188023508
46959565
192220055
185968354
185963977
36605799
170569792
195415004
83443585
224524446
249901580
45848756
83530563
128480233
202437971
27044148
137283881
252933725
157833970
260370861
144148161
46121773
155650761
61105129
97706506
151104457
76873843
154841249
74502426
184887917
206569255
28057792
158119725
209781643
29107816
216930132
252342740
157893831
50041008
258820091
131954073
179812678
222855774
161525303
3549087
60175168
240172094
6283645
66504373
258654743
180788283
134698479
146622598
101708221
227200986
81067717
233288504
156569754
142510541
92962480
259986260
117067211
266604380
118029146
151783891
27540413
190708701
52741350
186913297
10388080
138745197
87738046
70997521
191231007
68372025
18835987
111061890
8685421
83882274
235436458
51567919
260445474
256594531
266255387
225093749
149980832
153348603
167596402
152755775
83525750
48844737
85530763
25416174
193748096
140225700
115761272
36963200
154458213
52010457
134836522
69647761
108310840
17907661
29360176
56811212
30583790
249418910
105002501
171512630
258396660
117942282
59271893
101429532
84409744
208108833
29192409
72821179
158191313
223156782
225257746
122669055
8813701
236465232
149671300
12922850
246717498
121262668
242629132
89552670
231457350
83386980
7466759
121120837
84463421
158483680
106772123
103258392
11092039
148688519
74802755
122695387
257091008
121155937
197814175
213322272
243978819
44508613
233316470
143636617
196505638
3344719
68207301
208144689
181637924
75880690
119640935
90132683
251982164
111989131
15041673
84150523
1803099
192104647
92382651
144502245
118029275
179441046
208234762
14344143
201445478
161436494
261474528
202740879
56679885
226218370
13467444
238671394
58776644
24741590
99104229
110410090
184611599
140159358
231140030
55118323
64548767
267757075
70070205
150053601
20410940
173283004
23265794
247647078
20822396
178654451
144763899
70343574
120857700
116238159
253495477
268232371
105851275
69805258
126577639
7347343
253018352
235132309
254671736
213429217
225701457
149583106
52068277
168480213
129998427
30150350
67951454
252268585
16739846
143576811
158690761
240943911
7816633
254239489
115660857
130765877
20101241
20123406
219245109
121284150
254052239
126741773
179633140
120410072
213404847
49685551
146348157
152487334
67732638
187113875
69991482
214427064
144053608
154733394
198898771
196463741
81088187
42733318
145758636
95549390
118381950
231173454
246383298
63403296
148201597
75540318
198380423
128726995
10056287
15390225
246025899
222732833
234744830
86082156
9515453
137343183
169961170
22034750
265528554
184220064
162289335
73057459
32182611
239545525
133156578
30731904
228241395
923972
128291239
46193626
62317877
27790027
209761444
30851914
256171777
1227091
42401141
113034662
147353133
149642150
216396976
205379054
14920882
123306009
79119737
83947907
13055362
142786738
243315751
162578280
15100644
128285571
88623822
54967770
148962558
70944977
228356273
194915986
71728094
77920973
186127318
208846952
255711573
70241767
151611942
75515127
188930533
230250864
72936255
39195673
18638913
81314076
186394284
157693609
203265962
180758075
215046435
27274900
122191598
159437267
8669377
146691568
75600094
69873117
249194909
64723394
60374796
91808475
20286834
156558293
43765879
26299079
70604562
114030955
56807996
123644625
37927002
188283335
93820896
183720823
219923156
94472292
154460836
18437882
205728645
81491
263667786
233109649
59085704
155090592
179798625
78547580
101252290
80851870
83652859
46562162
139189621
17787707
125413061
140160501
134548082
3918320
223010256
51900087
203272105
172300445
199067882
138407684
219266629
266702533
7251058
54978658
58820881
40819108
246748856
25862086
234939253
203646494
25211322
183285274
179219482
165544791
260792753
229270017
231711850
31921315
106344568
62084733
200228118
185109005
198235609
43836832
100218891
1516208
82519314
261534066
141873720
257928131
91590927
231910394
192976838
198712213
54845226
46256316
5123670
65122482
255311402
17837927
130450728
85982721
147431020
52419641
251792659
83855943
116902543
262315562
157700424
173817792
51501223
80866464
56639017
74863089
5944815
226921834
153465007
102389395
244924813
23269110
267837873
149596640
159459927
155327493
172700742
129428853
253495770
38188140
15340797
11443118
67179733
180265250
189926090
257690844
142872286
109872623
10207628
116462580
166240898
196003102
170688538
157209277
239737568
206823511
230401875
133159606
60297753
120201628
71275476
9115529
153505098
12360735
4031172
259975715
94275505
197884185
241603397
219147469
68285305
232175508
87469256
144534478
29279230
252686120
128533274
157808239
90179155
10323546
180521617
167316900
255310643
235217312
177418872
213669545
110076448
65779619
46555926
70176783
247145202
46178136
161063601
203748978
131060651
211596945
186573509
217147365
85240088
56241614
158977246
59535962
94508525
218658829
56039225
15442083
248422684
78902508
213343730
85329989
80198627
95348553
193325237
27500311
244539521
19717900
258189154
256664171
171999738
125251566
76901236
94964797
111875382
34601898
101550720
42040047
193398758
203401485
238466329
220260813
161551887
100795521
7173847
28535750
267117143
127845251
72844743
116680200
14995951
74162073
263780701
49245994
249702578
268079236
103971006
144359909
158389242
185669652
131753455
99943844
187806312
136056008
241607882
29770776
11227242
93769955
111577907
4101439
1807817
83656256
97102106
105178148
24269799
105706102
29786537
189706103
21659050
116967320
263056388
74070047
51517375
237032560
184538397
243845274
177526040
11371612
78394509
114815862
86608810
259759297
30333481
217962429
103845558
167728131
56653470
83564207
52151882
1530100
132381756
21004990
233070383
137184944
186618686
204656479
142529150
177055272
42477692
223753618
25168805
70973836
214746417
227188654
259778228
187876579
216114333
227233731
197082362
239339433
265614945
222128976
190578220
150953638
177168160
28826156
24130190
25266372
232785580
83687544
174779828
177453648
167299468
164265760
77386208
144637775
260868147
186397955
258326285
94337996
93121050
3305739
23580093
79368789
140980688
144750540
226611549
194961524
130359266
22560834
122001652
152069986
117176563
255775253
52081096
187575571
147863179
112631794
96825565
209522182
111906736
191235306
248744742
101178032
34875589
257778379
198190740
20303284
36318301
162885190
4102060
70598212
245732969
173239496
147436373
112263337
214467288
25419404
155914373
141970092
57579107
160970130
6767543
119864828
190106139
232758290
12889787
100483343
8612926
94675483
95402918
251394518
187043305
106414189
85485258
216388835
188633647
243126110
202706345
222067882
201259532
23648818
9399307
92090829
180329667
113050947
247481221
108204182
165262479
23152411
212658536
167773871
34457621
8759153
253444155
8413073
256126315
154835588
258799653
199825977
266331797
117321737
69187685
152303052
38627152
147848449
61840912
172806051
7747969
12874623
189578301
250216860
67823759
16992257
207193608
45708937
27227449
38398739
20385252
249290237
161359614
35386784
259073179
27968539
193935534
220230723
222172722
157868394
249893351
101207987
15903615
28727513
101516758
161384844
258345331
162679201
143247979
118651232
45281006
84876100
196453254
222922835
316809
196382740
11369059
110048865
239299723
42907087
146206517
139731760
202713781
168250048
135230124
268057198
233913202
189241905
118878000
237205280
96348229
46138389
240505841
153791042
51859638
35231016
172412901
220284591
266328083
62286515
4726152
260186254
96159290
183131720
243602666
206880286
171159053
75520999
42838425
24204038
152745543
156189870
23804393
2479146
177493238
133211086
15617326
98652082
123626750
92305866
106726797
212143806
16185060
226487164
231621906
189482520
183837228
193008293
2562085
151927761
66530698
183280460
217202751
26982237
205640682
26794986
76184930
23340916
127272899
193389540
42275547
166762354
149310933
207781474
219872310
125518576
27689392
23482085
72245986
253492314
178771673
256879906
27086430
173755211
159463054
107607506
158324333
164936421
194051138
47601636
94909431
133103974
71771198
45164415
20342196
52764123
50311288
112953825
259697979
1469113
84847149
145154950
207043876
79675744
56040542
255666908
52241416
28026394
160233069
211377803
195588070
241833128
26728356
18268171
249062627
13123573
30853870
220628212
204623799
237136535
60998315
227450339
113232627
250550774
215633645
133585806
251817917
119815981
215003505
16285982
98191928
83886000
198519356
142350722
244629719
259262472
179882435
10869039
168671803
27879418
193553613
123641511
159282898
110605446
133944659
161348957
37443412
46783188
10359701
259325265
56044629
179253713
230669310
172710797
99063260
96042339
176945883
216021803
9141971
161475680
216004052
195941782
205012217
139894709
133872297
232327424
172610178
188175311
39901263
147246768
253907196
143870673
2985608
236352930
39028683
238498915
188419491
93122436
136357186
9787876
173474193
122635812
137273928
90204772
153225797
175648657
204783618
86229396
173935988
1278887
68630350
143554527
26958445
82301378
58474245
120364367
42125502
72938570
154833019
248101566
153233140
253099466
218263826
100851423
245718159
25188342
84922752
154776653
182706999
255527581
210705993
205045738
78004027
20074772
64608970
21173691
242961948
190735862
121326388
84948497
52697869
191986425
16328625
134196795
45495090
236358228
84133789
156071855
29108886
232043833
20982287
44351057
140865134
18522851
225858720
143274684
228073912
247176590
38963480
179868948
3419058
165881591
118022251
154272706
67427672
111551865
62408538
177897769
248598104
6007319
235272710
158663472
37747796
122830755
79406457
59427618
159193881
187611238
112347816
204679636
69564978
247284532
170520134
101116432
63566064
231754942
176332929
87527123
139643676
1524827
184140459
65152323
209537759
212844832
34525691
227059311
262815100
148572955
234443966
177096066
140346268
45606608
197983830
207620495
110003363
113629561
128203474
94011077
216742392
68336806
260238280
223838372
144353832
91069508
179164962
20137630
205942557
38057552
50728910
17748755
215096056
28956967
64576191
84318668
58171228
61245904
231374640
229027205
252478945
157811727
118730264
196609695
160095645
63119936
211262587
191423845
73712023
204186532
45815672
104321578
131507904
152530832
196283599
261008309
186084890
211059498
253002229
63697025
87739960
71567561
114332221
17086291
20510653
94788544
207001838
2670325
29944471
257584030
36109330
58446929
100942301
266293775
15962776
263603408
10082398
81126048
168884148
96002230
103519930
131398232
99171929
45478885
101205652
1140873
197577732
45885323
55557576
189410193
199026180
268060673
32812453
21368641
163854396
130364916
29296842
159957037
162307341
188545647
22039390
63709417
212743115
142380673
128206753
251575931
148937187
179862048
108966876
137646082
141805785
168787566
14122558
181070349
178460106
227437023
189773696
83541638
4232567
103799556
239128155
201345138
258505894
173767313
258172008
237923107
99297235
23610070
43707042
115586591
17998506
251957013
265296550
7322392
39235755
247811523
185128656
9643215
251142475
243025689
55708433
218974076
43098030
173180246
186718991
45548897
202556804
50374927
229074520
71777037
182393706
59209020
156229765
26733822
112435889
125651511
118682695
186549132
167906116
144852486
229150700
163981246
125427818
243863747
12725320
243019126
150281260
72870461
215830539
261557057
147476794
142964951
147374612
47776301
74974557
66805808
175564063
38209612
1899090
264789722
90913617
11930601
95665408
136820012
231639761
155324013
151148002
132322281
63465009
79563781
24629197
166320648
172168487
247633331
109673442
187889815
14907955
267653488
159080636
242116635
108463474
179865412
189597559
145884786
22360086
183960329
103493402
217210650
160832594
130036612
110344575
137260853
45594404
138951422
208415185
97951694
156446256
66638447
232834372
173730281
74044493
148103177
127368535
95246116
24658853
194792112
220718902
118691574
21431756
35887333
163530981
145377941
99809945
89243322
41947512
102181158
140649764
231848598
104031883
227895074
95367593
229906882
86576303
260257209
223485981
92949817
220932736
112021252
238978659
138362801
7917540
19428111
147475834
235910487
149591095
154184055
171680964
253946846
121892741
151526312
141036743
219729529
162236104
122070869
170194851
23233929
103881928
114412255
111437312
163732110
79511623
44599837
154009666
12045850
179945112
72781800
130973655
71929676
14362552
105218252
127830405
74274745
133191068
23405733
245600977
239036887
133812634
195377232
220537614
212804652
195262083
94828984
19191219
170411326
13672345
80918343
249656019
144310539
63652087
90871132
264177974
93859347
34733084
113169690
29432017
41719025
213836029
210909597
37884067
219082482
7304976
235115840
102158184
141455256
83744500
162270234
112651121
233733031
213251810
224543945
114301362
224170157
160072387
153568857
68948323
1551899
425026
14589879
245766763
2436956
175137990
169001068
201105322
139378398
166981489
21986917
156611924
78553666
265291645
121168822
16668639
85426961
261927604
210962286
102563413
158519206
216740568
151871680
106811742
187742385
139977133
17566521
74193542
11529477
47724954
75860507
175071183
53288723
84745317
240369774
167553524
139687837
92132713
187193993
153181876
114577744
159465645
148575621
185796435
53994143
11225270
118740604
226210704
70167
198109622
136573090
170522933
160252418
106276147
261632577
175698171
58789677
75708534
152254116
194454914
246488327
9878721
37197946
3698142
220165480
133886530
48501530
55157072
70336
241702243
220645611
157283152
152365868
137809328
253316507
253748171
150249496
64546197
208819190
180026607
169619131
54794477
191223198
136909044
79780493
61487436
10216851
217607979
115211340
142350178
176237317
196048696
258227473
12671025
56291100
110909492
228556443
33252629
10099290
200964854
161988412
252002206
163993900
193750193
59902563
141229509
14527824
10966197
249436602
168557614
189671000
134971732
26249690
38141988
154159760
243377287
229691010
33961344
174472371
42474527
34416289
164727608
256834829
120312341
63990175
78755123
227223229
265798424
148313316
68023718
136606221
211448657
223240734
110431646
260067431
150227684
92272149
223033335
27839674
64280190
215551938
54416252
245651324
226500490
129209961
183409800
149197539
203903624
83579110
219760872
160232854
26137296
56487008
194627970
194432336
176085596
163039318
239541141
149356375
258847399
161229173
177117983
265110214
113859744
193474661
53915280
36058660
80936791
22369767
154282260
114777860
97908044
184046060
247240958
120226476
181287885
209795124
230779612
80438885
21184450
116896613
165191035
140147024
130275970
202142801
11996919
79862104
151877582
239151774
151263399
216460442
244523709
41420196
143062706
83211378
201789128
73865907
93527001
85247875
14712020
24428689
56833723
92752014
223986487
62312076
3737674
9060806
37702226
69371532
262116881
124539903
168549247
102727175
58778253
213263510
26610469
12318501
9142679
22988933
164522363
243943283
128495439
9673674
230944370
134274039
234974449
130232446
6122229
320282
145868988
6226040
35647651
73517292
238921695
109282258
156110667
44326639
70706942
146217140
1040891
202298668
3800552
93303016
258542451
25972654
203890389
61497473
60632115
239691797
245111720
135887936
32114210
232291641
1991445
229574817
16129537
250308553
63781184
195979032
113670805
190311664
154404429
51968920
145988935
236127545
67663822
187423307
96871729
46040329
228172050
128185033
138411709
227191670
127822939
236635669
75619799
135312315
250372654
185648669
241532726
137313342
154931639
112682660
156316036
2615945
44676493
113160688
253161217
19796189
181399351
51178342
62509413
189299837
202734829
188966788
50795495
16770792
181941461
75494341
146291501
216179893
63279559
41784002
224773085
188692668
131354465
181922100
148536029
73733937
25733394
181142982
181893146
72202875
79464743
72859424
28904833
87761836
151888457
59917895
83154980
162993826
97436876
209497718
113569874
155771600
139499316
200726366
17758625
31839186
175336434
114287669
46715954
132673425
99834192
115680499
227075362
33772714
8312699
224658615
88794973
255163432
125483245
243787041
73814570
78900358
191776778
39160654
249327170
60753388
4079517
165124199
57729440
147624107
218489124
718571
168063995
122322719
242910248
103967608
172166065
27843267
199093825
111169321
107259273
201852914
206883553
158797516
111935000
150177325
78157889
207130942
52609057
177372352
121712568
266040809
134344097
200313738
157895557
148416825
121670569
44364412
9317615
128750226
115219794
121448254
247879976
107126412
239677023
166515878
125753876
111834194
188816549
119340033
262905407
190076627
155126805
232245995
8964406
153596944
254426413
231812249
60501744
91511133
101096029
157364247
252174417
116716510
152479776
219720791
110017553
233829354
179811002
7427859
30278317
139830847
184282486
34468198
144939541
171942611
40854346
147821143
58988731
121034340
120720394
66059978
218687959
83517967
8163311
31005342
80161768
195593758
206873803
34987939
242345611
256636028
248379734
222650640
237606681
253081383
159393312
175883378
223488784
16633294
211275523
59912079
263274779
58732294
144528793
123198793
12244453
149670728
38384628
13215293
154774308
24095893
225711362
51482246
141732280
83449312
148388586
216248154
198524322
242110479
61258735
171353494
186281917
184237077
197165360
19715038
228772785
67749522
164880027
29490471
136160825
96235325
193405438
183690958
110123422
247526751
231584772
187839088
74933371
106008088
136212916
234091726
166765222
238487144
49716649
108750098
138860619
28072527
266369665
252687349
120543608
102736325
96971624
212851315
187531709
229591476
173010923
16727083
142266665
60088416
150222267
141903408
23668379
125011075
139789105
26875328
115428692
248122328
222433069
29798884
138582906
126618145
52176576
83318858
194284680
207691023
218338876
22369785
190197736
201751899
240586897
256406878
71169520
167906037
33599248
66285878
144142606
118702936
118784200
58011033
101713370
42807333
234201709
236308846
206537894
152453889
211922559
124107898
108104114
143860368
151438130
110726410
238514485
30577624
67405994
163612686
151267180
244934650
170345663
2354540
174737962
103456995
249343679
257915785
198950058
17901304
178781978
226001075
59292251
152699787
122831061
56451780
260380619
240627854
26652303
214429512
170516734
205495668
158438257
30677639
185979747
41218246
42130499
180354634
57692963
249052392
138295348
175953121
207325992
66439168
160414121
30306892
215375908
14282854
25231205
263956950
176224698
43529978
86812962
119653261
257012298
61469454
162269140
173192178
211884695
8367544
134596374
230358192
180648777
198936634
210633216
249512932
63338873
14703597
9589252
107987592
110393350
129534649
197678148
253724430
196589132
253490134
177512447
91197251
115934882
182290070
25003977
223528502
237683636
142058384
101596248
41645697
201597821
18620178
18174300
223994642
106429488
201197279
227436673
195706228
231323640
164959096
131603191
232576498
264846263
199540341
132417970
267652843
197568374
65891061
174502116
123019090
17212387
180165999
211799985
221438931
114434073
144782917
219261284
121882266
268236494
242337064
33648828
45695143
131300766
134415587
60570032
131392671
142167320
163514085
14141785
94118478
6905350
175448393
116745451
104062686
212174331
226581884
160167598
70494145
224043642
5077666
17514401
249299025
199650052
240705404
18549125
18626898
95710696
125695304
8654743
267086292
139926192
165085007
13759516
206126824
158279546
15124064
198577030
154446349
177308735
157416594
120705017
205629066
78826368
230900358
24462939
7649706
111297838
18158320
42496009
22002606
37808390
214356163
65995490
194600108
132397552
24887203
47571122
237865524
252638714
18465011
212130026
239585819
137587847
28714174
3997139
91075063
217580003
69728108
252291660
190285164
55516042
62863825
6051105
150763985
160664999
243966412
25019181
65281488
196341636
49607396
123460673
22964590
54993848
147407783
151332682
152478933
101939732
2340490
259379908
128351877
128507435
52138793
104278878
236644238
165375715
216540384
219152837
31696237
211302481
8524918
5277092
194453899
263071845
95174627
4915137
141927825
218345259
22096346
110906113
145501065
265009645
155097136
184025542
81807107
181275034
198622107
53389022
104787160
137331200
266133824
49257223
51808341
180517577
222400966
167414657
83211399
189453806
198689156
197074297
96735198
100214760
33365343
53405010
259832585
158064719
254310042
132397684
127952601
232869770
63167321
63629941
110054220
42727839
156103329
131354894
196636875
167184193
209803965
240186693
94340492
229525014
121335594
250551009
101394968
14167680
170955348
130780511
133956173
57145140
49540543
64157936
228159965
127951413
65776169
218431343
32265878
25531666
66235430
75083912
57689482
84871164
38896370
24808729
125134893
149542095
144516361
183488401
167170734
18425552
243577778
117538087
251439920
203916409
41171611
252122401
254869963
44253547
154805857
207839238
220799278
239342490
109592414
104995330
11669594
209399535
132451058
127433102
26525228
245490080
230127476
168017190
136836508
60313476
59033360
80446822
207546625
110993452
130563565
214870281
42772338
193922955
193637109
194557595
252411061
74599581
88186542
17559116
101994473
85727292
25579502
5788501
101839852
144854520
145598134
239559661
238643745
39899896
205620682
249699146
208427462
259737286
197765859
259373507
25313026
87427902
50991890
124767431
181622179
106265754
182244106
221406381
230219209
198729191
39753887
258776774
226650884
202434438
149971362
219715180
162488603
237931012
255293003
54512542
71528178
253365862
244803458
102077611
136465437
217722436
196258105
115338937
136120170
255877914
31671323
151712654
57445089
179110715
95277970
45743727
212687850
7006750
261636945
187918917
146478130
172469006
79453172
9465621
189729814
226731138
170256466
236123609
100338741
75889462
104480337
7165458
191266515
5311509
39061891
103482437
213101465
264187523
67438891
203542791
120692643
198491200
239065601
185374529
246001838
110507630
243723641
40258083
200435260
255852275
115763516
6749689
96942072
156399074
109544424
252910996
43389199
228291279
193486277
208589778
177486184
42297383
242891107
152386122
231700776
220273179
87569364
17694917
243848124
230844028
212271406
4298124
39683190
42609000
254776944
22028244
45891704
82352987
190152521
123081015
210624246
15193808
230534760
203506538
58086804
152638263
39301875
147190658
254987673
30654158
149814710
115165573
105825536
161563013
22904223
47585328
65326948
34433237
158231175
29272367
148849695
107899900
159169613
11448372
77752916
95276180
87593342
2337503
244402234
88113598
157013054
187394568
267916042
187088071
251808918
229294370
212079222
94352840
186157710
46254370
174712043
241093424
238805797
156827334
134758994
216425852
178329890
209908395
192821304
192406337
150643520
10205742
253204300
91326143
43423608
264728137
154935230
198105804
213885523
248455240
129914017
188934393
192687058
188185258
163067012
241000635
106224040
247931950
260647602
158374654
252668910
260330187
111049998
141343968
9823909
216292917
99370136
105866647
260887020
50336653
186983778
37964285
42970923
175845457
154276214
189179147
258668729
52968603
208711529
79537116
171628183
197034562
77277776
200724029
77315563
242134045
173018523
122077173
217307422
150096783
68715557
124349088
64984221
111769247
23217864
205211780
259439082
224866046
184812459
213120974
111375190
218681778
222931750
122670726
74191997
203713610
29811468
72495307
106788250
21674092
127739938
79411026
182282842
118686423
28319223
23721798
214253782
167079703
178359408
120924209
198608098
124377210
112016847
235624183
25495624
129974701
246507056
28089630
261229455
248392514
97632924
70999040
86116372
248864863
212866412
158031359
181962085
124001985
213638124
221736640
208226143
28485552
163525565
146623378
121845311
79261966
68105033
230827929
164753192
242116109
156493870
206813724
161153144
164783866
248408169
127308070
14212404
5908075
45218651
188725862
264652893
77355580
84928616
131329053
132484518
36590156
247003528
148169852
41533281
139830596
265624349
91796663
65759523
82473242
255609758
33372804
57565318
208581496
104165854
120770005
225502784
183945366
123719570
44929297
110497410
42226208
203708849
52218633
158543067
96759861
245361049
64547620
135769856
210308515
230711149
52182217
14135454
48521276
242296457
84397022
10048951
157027311
1453731
96886924
177365724
60231376
159686440
237905636
262810197
79988514
248015590
40967617
200093012
31863176
110829426
50481046
168946852
212170323
154679608
213425925
228141913
223424171
145405
240934432
75967361
211691436
102742358
123422151
65534068
73096971
26634093
221680869
198196210
61952817
22960517
151017897
34403453
262555545
233328028
207362180
101691567
38460392
88048514
224466961
164608763
15719835
28342688
31975206
51207200
174346916
64019984
142382499
74845858
105117044
150072749
26095544
115236877
127151662
138872675
28689686
94272135
31677199
119792234
7469995
72602536
122147206
50425725
58630813
259720534
202911315
240402136
10983785
163380313
14980501
170355585
11014858
37135123
247559274
239538545
49282774
167196821
174155150
162236486
95200782
108017968
140036674
76172881
187339410
211120123
219349724
154924876
15627908
74592878
214605177
162500625
226039565
26023335
46797455
217192799
238839759
198005393
58535726
235672665
180257767
99529142
224757870
55160481
132902424
248851750
39788322
212869615
29779782
165032832
151460931
170488313
236438412
177527023
17920232
170049538
88646082
208021734
90101268
16819362
65782563
205414934
40488618
52478143
27916894
206450209
145860466
202436381
64640251
192550400
161614627
89150818
132683426
153515591
128800803
45170907
6280321
51442564
241030916
182835073
219643272
32743145
150696283
197973951
205907087
156990758
262081552
101512981
87424187
144169033
148908623
7724648
39349854
120061437
88528732
265352981
48817366
111105051
161148725
161711533
5055558
2302797
22040734
147582609
177446437
238513250
97304269
96645207
239476250
43717757
255182331
163056472
226208939
62758113
247635929
134485212
51568587
163696594
209470858
85838499
4740117
206790963
142297089
120754730
12648599
50863895
3090822
130024516
263059178
16468100
149834130
183098557
239176425
110433496
199391405
203920821
218467458
4348836
153611559
112032962
147948638
39262868
190808972
96434142
224299160
245963073
152118256
224134840
228115880
23988989
44640405
180789355
134026771
150582524
46097367
193538487
236555049
237753064
62763596
264071086
192611918
154652996
136259484
1371087
227197186
169349160
86024811
95188390
235442166
28045807
106592730
219476563
69501692
107458103
111446202
149935601
29687436
261488708
23538420
204103930
118809305
202791652
194524183
59958130
77217443
16246693
33159738
115810420
9301058
186193039
74925620
204967493
143263817
163412902
129772360
18510253
52396438
59961274
133138914
215635512
7227164
41966573
133450947
117735362
159393770
69813433
162474109
103058191
187611135
212857811
125075490
51182316
238826836
120288367
124882901
158685685
74553885
155129366
252056850
158024483
127064882
261882167
132514681
147714980
208465015
113122103
74702943
118785506
73692828
147080243
165310449
176765225
179556802
70265745
194322892
204334603
85526066
265635802
222134489
72678313
234334020
19961177
77783737
87600985
13571136
1271977
24121401
59930211
54641795
145742420
165762267
213308611
26191609
110297133
135144178
153319021
126381636
144667114
137862077
169178349
78233772
260441373
32123315
212453134
121134044
115762937
119011822
137591747
127650975
207622890
182232757
146236278
64330064
82587139
101790417
212316826
14053054
175485009
207226562
190109186
193536560
55526735
128725640
136058784
249880495
258655076
260579127
26422916
144676296
148692434
185683153
60434612
121893347
199353925
204245639
249969877
260320560
121480768
250939834
114980478
121500380
71891752
233480965
268096708
101014388
2052797
33547156
58763602
39347900
244451069
182715016
166692267
239029411
221518098
75575772
23947542
178163136
227287622
40937460
73874473
123503619
243775533
34026768
30293746
4962607
250780781
4209507
138458622
12568927
224797506
220697932
125656018
79113120
202822382
104219474
112363193
90530457
139225883
86312134
206405661
122044575
42974433
7569677
112782815
184493281
106670373
148304107
146092829
152746425
113034070
168270625
19168402
219902153
108097562
6638223
62793222
175952575
215674699
191617975
76310726
220915502
87380106
192502561
52101041
19299757
79691821
44088716
124351805
138588995
41217545
145442273
228530550
52725424
160223239
245087276
102439039
86778
260046938
104245073
144685493
220276684
50917648
55778424
232745629
28076752
218348342
247622013
246856916
17121860
22849311
501188
31469156
11222207
34512679
11168333
149041275
264387152
40872908
147186755
176250525
100432690
113473548
17090778
186057644
207999616
216239958
50023761
234983752
25604947
260145311
234130993
6419699
108959428
144761983
231036612
146917095
242280030
257461878
240734437
41248178
126359018
40579135
146766436
220748690
267201929
51893096
104285833
74278816
206978853
101605880
181413125
63223634
35060460
138221833
87970413
21981349
73618059
120048060
98662259
211093360
125562091
134221938
167082925
14394903
210392520
261813721
205157720
144824194
97659847
170088691
193688869
18299797
215624800
147101274
146603661
224653683
232946248
246793873
191970490
217667036
161745712
194721889
227376469
224426328
44191598
107940208
196167046
18050284
233030061
119843997
32431312
248121341
182481224
40429931
227274726
241521878
103178627
61527739
207168384
35101553
80691105
128595861
97684836
82374745
176718918
163435829
204626037
9465312
203514407
154716714
42856095
252143179
195511465
251166790
89229647
81084076
110172867
126322025
134652428
115710440
201387145
91288410
164875982
253072238
213419433
243908671
70361935
225189957
91667807
169595391
213420729
65977076
95699713
178528867
110401588
243979747
206081487
202843440
74724735
59812234
27349337
145056286
89843119
74804234
64045482
97582318
260382336
192309762
263460833
64831712
77075201
101871607
206447199
160460563
174795499
16680684
268232565
71742253
140300717
31288483
184246973
240090487
103709950
185505256
92205855
240708364
34889456
43484340
239918679
108965051
29127280
267807201
117925349
141564692
35888671
238400242
97177500
165874989
33982438
181083905
168407124
221009946
118537277
178074781
77326290
117611369
259009697
190843650
122013829
225707118
102013287
194242743
83607785
172053987
104225537
196612665
60354465
20609503
230828099
171522276
97711151
264261799
146968296
65190036
129825701
46668370
231780656
50341025
213469709
203628742
267652749
116737660
174716809
135620023
146052442
221059878
48938824
155329749
134916580
243854467
125245581
153492332
119035734
87295126
98955310
110191526
123259085
132351470
117681572
256448325
28665195
250696456
26835086
157454838
201354505
87115539
67869312
18135798
65954551
253272542
37850154
160880934
210038321
89300327
250097217
253170429
44165731
206653261
249630376
255615845
70010725
150972154
47825072
259348367
21520023
98761144
207347488
51526791
39485695
136745183
159960093
113078
43116609
203393343
109371125
152399643
138702769
217270344
59899705
158500245
69153298
247942281
243359913
157928297
210737044
238724990
186857139
102753349
29794155
138469026
60665883
185677205
9677196
142632656
45110679
134852134
197847652
213711410
132019512
231960796
71545854
57629156
77889834
89754400
53348052
71940874
238621091
181211745
5375623
190267141
97384650
262358266
236384930
210836391
80218328
164012726
180229684
24415882
58695391
83682244
192006702
71381919
110264029
173012833
235116576
243424662
25800467
137070662
254872785
143171566
261815727
150554185
200518018
73367276
172108608
142493704
61320052
112043385
173452187
93932980
132553172
31289580
216644458
232401849
148655045
67163817
113108424
81167772
249556929
14773789
63048228
33936114
192069746
197834370
142472615
267433459
55759272
112710178
10674627
187676545
115377383
141381048
122863136
60013543
157492572
239909840
266352218
229306869
181663125
267406857
97819890
159594568
212839891
127347990
186080800
76397908
62671784
160605079
131377691
133354205
81029495
21022825
251135782
233063552
13747158
175282506
112488573
126387199
247587110
136265893
255409547
235794541
88527411
138852536
11710566
230416945
135476812
64113755
246943831
122144567
66852206
235417327
85531483
77059679
215536229
179350450
130809142
31904408
265792241
267597879
42597371
99723619
163381138
191608791
23770412
172926646
247430556
238633746
177604628
238855131
245668024
210126717
249354381
2143765
249726766
21932092
254177411
50700364
95788915
173358184
107762180
223783704
10146478
237152901
248514611
20731730
235131082
35334996
16892742
207999302
56753059
262365039
115491624
166711940
258854458
228912114
216392227
146490225
111202110
206535959
91706966
843737
758404
23939223
40398022
29953303
141333542
206716673
100998713
165873209
98442638
26194184
125042566
72613693
171075595
47670397
193231893
160270396
178664381
178305087
196054192
65919666
262889855
95233583
90405227
2157321
264952922
62553400
196332604
35548120
256486404
113392513
705004
103230429
63911708
137914246
203200040
50160672
84602574
31414839
139258959
57602668
189200756
85800651
65603545
203341078
172174930
199484956
42719663
142360211
6778455
248933640
26916339
32971157
178408415
36086734
240932103
91999565
72774851
160929925
91684567
16361006
210291530
41483830
19807230
34496717
107468634
18821268
259506197
5608484
71785090
199392883
43137840
109073800
5511474
42461015
169181067
35524043
264183931
210883068
212835265
102386568
51883196
145039723
133226089
206942115
206059752
180941986
104225590
73201568
250603453
268130281
99300714
94489004
214695590
155572214
130084704
240022734
1895151
57481045
121200362
226971843
58201770
59380134
218834977
211154006
158118492
198434663
69497605
94338198
79511518
230912497
74299546
94258705
215767717
53650506
247473390
249377889
244901329
253014260
144171284
83985320
29284480
132138844
264710446
107618424
88519815
185963317
78483273
134932214
237622599
38575779
99818798
227491814
64196963
265135915
72409058
237891264
130129211
265332927
17085872
135681559
181579490
91941588
31544556
250659561
121674267
3246590
252291314
71243209
2882018
257559698
123604393
97650230
17455148
16841941
170410896
242339988
65699505
68459618
192074335
156238397
246441342
89221355
19896126
74302810
59661916
101977993
219223817
35766133
106850683
127564752
74281843
249317438
117423068
19398170
25999203
2715885
91033493
246059815
186893892
40780032
138126076
74064684
221229813
261663463
95774404
110847220
192432125
63463211
93972480
3540571
222321840
91323899
174948157
92410426
163060481
3004207
228852114
192555889
266331763
154592336
229180851
258530739
214810484
236069589
85623359
229995869
26799046
139164123
255799608
84643193
63471511
246907239
267389579
52042602
235382452
197650383
194306459
16470327
26384850
146912606
75445529
160116883
237646758
172682032
239104180
176751954
36082038
57682475
152795709
189465826
233933644
29644251
70700370
105519938
266692108
130314979
27963363
166162852
90060301
27533169
127835627
164871890
79059968
13518586
147476784
159391957
155614295
106384714
69288306
14100066
212066517
244815553
170125558
175930701
109736888
157203135
71373619
245351807
137970323
46049388
236514404
124677602
223551054
209319751
102130959
189633192
128121655
17935007
227489805
241395468
231962048
209977697
182247403
156824196
98558013
26055390
95654086
176720071
67899273
241483536
112882251
255740160
98775105
141768366
37534123
33765918
223163366
266918788
139061218
67984843
109881069
162882118
211336196
139160632
137063331
247358586
262817068
67786611
124965970
163470936
236695242
162430920
33523019
142265063
27473922
74047643
81042411
255866520
176912659
262422958
178654543
250071803
235658258
36429158
165578320
169802133
145852222
267247244
225469803
129964260
266859136
67861874
143591473
40952348
152129571
208220214
60269330
167703213
65139066
6120933
117645340
212997204
187578248
67318602
123008889
234958189
41499248
181311341
1453325
194139323
227596146
15854391
13214088
172578996
33391789
101222020
216821963
97217205
115896413
234469258
94270002
145754379
60639887
32762424
64924944
81979909
264988671
179557152
184812842
162024850
235602023
32821945
222280453
85740950
142459255
251364128
12369983
246921896
16690569
90529917
242336658
198319101
71843023
94074301
247777671
135545583
110741226
63647124
77713659
102618121
90235699
69228783
232251153
202320435
175707822
235737459
74411813
150537328
259309692
198024477
34721818
111959023
2961567
258451713
170102747
153740228
238247684
211900537
105323758
158596466
266435004
128050725
29308840
257516202
59346626
77252226
18136875
51712401
244541424
70249097
112955391
45264956
243828862
153816919
132844048
231294472
180689749
12396035
91149894
9495304
20755671
101835289
225443480
197839714
268030133
117118491
165383538
42541481
132252620
197287857
210418547
49486854
127421728
118737746
37680383
219123501
17805136
85691898
38334292
256972496
172368530
101915634
242044978
105156345
200317468
165924903
212642151
258400392
148124542
148257907
12445633
249291100
78010124
152020135
21094423
158763674
223460544
30674636
75803070
120559748
35729981
252883594
172655795
161649568
44759480
86912869
168967337
103242082
125000200
212362517
60793628
201861599
124001883
262335071
251996516
110759437
231536969
242421060
35500593
207978955
54253776
182044183
220930750
150296428
14096943
21126039
32826999
97104119
59387112
125236165
110375134
90187790
9343156
228426836
15109878
31106917
212168877
9307360
206213590
36420871
145419820
219026879
46779731
147983461
99993590
241785766
82152192
21785735
108095484
199903295
128065264
104127848
167952487
261420426
226211238
187222395
236040577
123056715
166617899
217530502
69275363
218503293
97913123
110220458
251805153
97280807
192341947
130324795
158888534
80100008
123262207
236456647
134825282
71345698
196941389
133505979
137180695
34577438
8145365
150425846
2792984
49441838
37280552
227023551
181180450
149440489
139886274
71793717
118356432
121505919
81481404
116832780
257454587
54461634
61652882
204909728
252926956
226750863
136131038
165242093
8446784
103919241
170986647
129332364
190942148
186566407
263868744
191975490
116415001
71994568
914333
36303957
44085958
114059240
35767239
122667336
30572230
157306477
22093616
222861782
194698453
91623709
38616693
240499297
46596146
44602765
189644128
54464767
101084843
106522192
160676752
36437132
54123337
945785
117901856
220829907
262163932
32017016
166042819
143771199
54371431
242794046
139347597
196525184
110181946
72838328
207815915
122889649
23730279
222198304
97968656
155071898
110383076
42707841
169038345
62275092
264767503
36059161
201980039
154121991
73662630
122389726
139387929
126725209
73441987
22415531
180446238
85060920
161214265
129807177
146753856
30499551
67558309
47532948
36271761
12058130
90962237
55589746
146137941
210304104
66697972
147055302
69836560
222489286
69250066
32664059
200367866
24597867
231811226
112239818
16521571
61045713
139704259
207721467
142010534
212850126
110441985
231982690
156391071
24441527
145138955
13888023
61993182
210498088
114580451
36755168
235415826
110452154
130937686
214153552
247245809
102287994
68347034
19050821
73289670
241982913
165812176
37858234
207969050
12143681
49905932
259902780
155449835
76601219
152442237
139045592
57476054
71699727
226445082
250263566
247060833
197862225
22912728
212826533
239070135
10395723
53338464
207818611
308415
225941590
137355760
250072324
103665300
105417062
241646251
181715939
264496815
79902144
55505952
72667701
143315527
25906532
171529172
196812284
126140991
233251500
212990353
261885065
156219850
193526642
17762010
11347483
71469455
104543662
6072235
218207248
55593587
194814433
162080241
165616497
263841580
17080437
249440165
241828340
80688184
101208149
191575329
81663736
2773157
152190557
66548990
226308072
24242038
73422516
124445063
94932923
9461176
14528062
117542378
152132317
36416441
17952758
183473642
35972053
77635054
75888937
197590470
36102117
128492943
130154657
42010990
231016675
248418505
14341296
47600525
239655672
30807183
221353536
253666778
94540847
58761423
142226458
221444565
56022562
43645791
236276303
132476831
8423053
26866663
204820542
87859713
268069018
46616614
161324457
52520570
179060906
138346541
262559543
107444782
238902364
94608909
13190214
221930485
187109662
18021838
262889384
219941779
268333266
261379073
29577524
89240346
170012022
169932668
176979440
94193607
124309829
75877112
129879697
230878004
4771785
36381218
22506860
254182684
130491671
4996474
34139637
221542715
170379312
172954937
41788275
181012367
18178862
122466384
53385979
100088567
168507403
195312159
82778009
72842953
172191913
167257805
182362559
184247467
105954221
175550216
243358775
44553150
9902883
123492593
235832094
161165818
3258346
152897990
250844092
221848907
21816647
97958956
136982528
48548470
39506206
74269808
134788205
139380165
190685683
237866797
89827431
175018867
20306042
258527060
239580722
170599954
199129024
266716752
13575010
131723810
249531313
134344704
239235434
160059761
231726940
205324974
189046989
84099627
58444743
198175748
175505916
46937210
128799063
61140256
80572541
181953668
251742399
24706541
78225021
70553511
175444308
131425622
256317043
78154886
105184385
211760076
144808759
230423781
122132857
92251591
192671999
261296757
261735659
193054675
42970930
237397578
180046236
159585557
24383811
115780648
18403320
43015509
173076302
86712230
43260763
56136540
137069227
145921739
263841854
13179316
120414396
109464231
94876612
9520733
195699209
205406438
85092122
36210159
106989299
229348242
145773411
30766801
46701257
125118384
132298168
11748396
247889789
70178994
69376829
93453785
76344146
242555242
39162737
103259808
64218974
15424412
231414575
27448356
16993080
96850561
33932503
193659482
261497554
208440341
185212271
55030523
99326018
252142804
97985351
166220298
29206861
63567627
234304116
47686880
212281363
46310439
104504823
89171841
40880069
245896892
56648625
106111937
161362051
180313260
248961668
194113539
132771590
693101
122775620
110208784
240869888
139441225
239599259
255643350
234508982
206741792
43761252
134591649
180214755
232996096
221486838
220895860
150267265
247368594
90655912
207094458
265604950
105401320
24507719
227240358
159346094
14116024
126852186
141033507
119726493
251327197
146359621
94583415
163185453
231049978
236970292
31244645
9274348
61806882
84903743
63120276
221092647
90280400
56651701
200537061
13501086
1225351
182079575
33016710
89490199
175844222
29182792
114272700
82483637
181764474
225050588
228002280
264243211
231920980
1699640
144384986
103913204
25037295
74760415
100344733
151887855
196742963
93419983
258052038
255986657
207147838
212984897
40853191
63830786
138229856
217427192
251428828
173566065
59310610
236129419
260626040
205653273
256002374
256685796
138151333
187540190
248839417
16422947
248108284
208793285
105603702
186839519
146318169
248151353
100298639
92379779
153061096
71745755
112625480
97932698
219158459
58528670
41117836
263012733
159538155
6098439
151593691
140838546
217435098
219392691
161022061
58459780
23103558
264773541
102236907
34604499
37092243
30123586
234089039
130242354
18573512
131307924
114854338
90555299
171403496
12273077
202188370
73699528
173301383
229657530
198835946
152380256
133287932
150015501
72811010
264061937
42667478
6315072
96649264
62760223
145085565
161487780
42451317
67450886
157888549
116512827
190551280
13339408
11496128
196670684
29810818
222017669
21103642
264369209
43815428
239949254
153468840
44087225
268222309
22669481
194932043
119592637
247677863
189620149
122001975
21194615
186395046
78706834
85511818
224381776
257761016
267636791
18688827
92052307
81834307
225800674
133701079
78728279
56899945
187359739
30083489
82427944
219641253
67648613
80124638
171297812
175034302
8893234
180418795
252971838
167601061
50415616
187024803
242906768
193824076
16568504
124701783
92878092
17782284
150133726
238310322
55815139
57436861
95248375
106905253
125313040
36062161
268193375
105431293
121358177
88837513
161123835
142646670
80054945
87564621
66244228
254277386
210995481
111984489
254667342
46980646
202296131
47734963
191947671
153929784
62326649
162163696
123868806
204893684
936415
168869335
44029412
193956923
16854102
27891860
34378086
143298995
249831719
132720344
4055741
136210556
256469802
220525244
243918191
60706413
41468086
161866139
76058866
136157393
198276787
96700826
150977719
128653734
226489820
156512839
207391723
95393078
257417371
77030954
244145379
37163063
254648760
60814423
74146500
14107522
245854943
84642141
54713447
225688519
26845915
158791118
138018529
108502069
78765548
145410083
196628560
93652684
109599277
54205336
29656649
266565101
126540557
154124899
139127763
92985183
7757912
256453938
207113894
263129768
257448297
38830794
24316123
116929333
50553732
251071123
188073994
229180469
43361519
236315519
32802614
30945265
129615144
164560313
183336310
81652436
172706784
220705652
250056480
208441637
244287682
132178053
254668869
172175541
208692476
166549774
93614384
108680407
266873191
39467842
122784080
105955945
71185713
82284050
259356155
29991266
2443768
106226116
186290868
3743088
148733481
64325985
207355320
44908201
149580283
249379835
125583708
49699318
191596211
165814731
177490734
23820473
133969745
409335
117314419
170583865
83777387
104054592
208321839
71382295
140073902
51495341
36568396
256555910
59766668
189066531
90386420
22243858
255856880
238288006
5281430
267551124
772335
264446399
201989781
182797543
202689012
19936045
203766417
100139724
217931347
173663366
203544316
140186290
163930236
169151124
20715568
5734980
210390645
108142521
240812506
136375323
67555617
70528727
1568308
84107036
191952163
169797657
106260950
99624049
31039628
258443419
95687607
121700478
250863555
234841876
66490992
132848848
14685964
224290188
50952352
53268179
222758642
241369849
181581892
144415864
249260084
41034035
139312982
218982597
246665782
50334695
233521360
22073801
265626610
135364768
140805847
222697043
122416966
17821251
111086269
18272983
13749008
59685467
39736624
266651337
186114858
143569793
93062557
191490467
128425136
263793217
199028897
70655334
114925271
1544138
40576891
175488462
220045410
177183527
212830273
107143069
166509348
30062534
102544166
42551401
255735020
143192550
197178975
134364205
149279453
24661783
184337915
226397455
53199239
177321047
264813648
213682762
85201227
62271196
198618912
194011253
174337838
264167336
123825853
43746719
153756466
59243304
147192930
225089522
134515056
97391142
78489630
96795257
30533852
197328572
22332840
225272956
41980747
182925663
180987497
34442054
243768127
233933952
166302574
18050326
21508660
95988018
219102452
74351814
190870275
28095746
34439442
110225292
157239772
223537350
234954553
99643808
186079137
7297565
146156166
122553979
44672827
188445592
184648664
164820667
189963391
69753749
165240449
188273873
91155444
191542354
230179979
29260242
78384938
84614010
260206220
112927373
31229037
132207298
58035942
243277352
147746105
41020044
180067216
126633266
265954377
77606428
251273911
117864034
261522286
107709378
243522097
147421152
77363727
102004623
31147616
106149982
56809533
63880713
82871891
210793654
184062757
248355694
28749565
71974704
222336364
91650158
82108190
190248160
29981493
181304949
208457328
222525045
179884910
263770066
265783244
66160700
12863532
265698518
16461019
250809502
171966569
241110292
185646886
180642342
153588775
210859637
94724424
191304992
11849217
197008655
28278990
36216832
252288205
84734267
168690908
254519735
67889257
191188463
146917354
101890449
247953127
14185430
68088158
129712341
41816671
264742594
124089943
211208880
241153161
130729262
228639223
107736915
254928081
127840734
247331828
146452676
31366518
106121250
152304958
144014389
39607188
23874768
47751785
220279115
70181589
90638618
230709418
150361714
188281115
267615705
194445709
200339405
149753005
237912679
56798549
47812828
256056016
77076547
148393531
186185539
24460957
143644250
207370138
145844247
214668984
190140748
92439831
204777697
105828463
261326065
53658179
131817739
155855061
259680651
226270840
105989450
54806791
134968818
68642896
56452528
240257041
187729512
17606114
60428318
17171124
86072203
47645862
57588167
65832421
60030796
35987288
29706037
87511048
222912178
222720951
138571069
89775182
219595776
187446976
237300612
120859460
195785599
231813373
42421170
82908963
265248209
257118942
86152858
134193173
68863327
152269197
187742976
223999542
227225614
109065464
127367534
148749170
243737556
103471857
138462863
163224332
121543007
80430321
261146603
73445991
84402104
188387534
13194030
125910541
221010306
31100136
204137485
3498820
159757886
128855872
166490475
30622965
36548444
233727292
181475108
164477330
15548368
158098659
167966511
42836733
38829810
60426228
176116379
129773205
121496739
108657594
61071207
215650023
76324442
7074588
248320523
61250434
29720102
142214231
10703451
128010238
81733981
246209119
55104682
113679370
232336844
53310619
16346370
52991470
117927316
219122592
236968420
3648383
46949103
183511046
17611935
122260158
23582276
107389799
253223155
124318437
254178406
199368002
117585542
262298062
178447829
159706943
46809576
125505832
157153088
43331882
258334873
179235854
71378575
262539021
25854058
81745733
84052420
203110980
170549916
138699682
179242128
112001058
205790024
124808874
149828381
234407504
263100473
4845878
999501
6842237
119980463
170092629
202458601
60391783
107216160
172489044
245265634
268432157
41692434
110109702
117005835
63092298
258788497
109398127
139727616
59435541
26690571
175168935
42625425
157546048
245904223
114292907
95487438
191605113
214939132
264711857
65066923
42595538
25031573
131578623
211185245
67479072
158417685
188744294
90122109
206332066
51442908
148625339
81572263
230532570
197341318
186785067
144912542
116602476
126092740
245268591
29950937
237304265
93523442
157496770
259596177
142801861
53412046
79558261
149680217
12541076
134316864
77285207
79709629
172859808
117303904
182176677
107411795
232998326
21495866
27008055
117501262
249983087
33836510
112739236
251543401
80345494
115982105
179684792
109377923
72360097
107425941
120223575
45142511
72392287
186755807
170383384
45390485
168827383
257396100
123057124
141851147
201386782
60363254
125394991
68210806
219123162
81238934
111108147
56558048
205657734
72430390
257628010
85708056
111494879
164185702
241000535
138556069
205320922
187663496
39291290
147956992
239094777
37182140
250892222
106942635
11516558
4653872
166719415
31043290
158271770
215768180
91385168
174243275
50276693
49828197
264773924
164896456
210402542
264015806
249036547
160483204
19723718
49959562
109674499
207991945
151835949
195392771
204963467
88793091
65668577
173434927
94298966
222576398
256106567
7427252
143424760
211847267
139982822
5568639
21551566
190209818
111004896
70530945
16269396
131287405
58984048
78442394
22802683
84484795
244939147
3625004
102264457
252279381
210993535
80455928
156689932
221622042
255252741
203043100
141101787
66714751
32580585
26495257
29730847
198726458
159034256
121747017
81471451
250202788
44300362
241328050
258983478
13265469
41475595
261632722
41095416
4634152
186877999
55279868
239242850
107816681
97570931
141457854
15061094
169416646
109892006
174011112
72000628
69364576
120949970
83287135
247353818
99561852
247210095
266496059
229385104
2959338
196535399
194915218
103230961
210901175
78236164
106616710
162307953
267873128
122579662
84525992
152927134
54479727
221967682
143938828
220571869
26803903
150681633
154222710
2348795
207960880
110660885
32977825
103752012
62462090
127323901
58986625
155633640
73708242
3478760
237839091
140136232
241889427
75160592
139551737
160229041
202169948
163496152
124775370
139626264
21019676
232615158
121586902
52351565
224701440
159896329
75053021
238424215
59480719
173113594
35393861
62047964
215443766
30712051
226628913
240029958
159259854
47156165
21310485
141205816
216971613
241759743
170905719
193959079
125033918
236496884
10771641
138310046
129779842
128128110
183430787
22342772
135809700
190482817
66839639
110883962
31414623
177044345
108313659
265997847
52776204
191506331
89281431
110284783
9949787
117138152
2064098
80323207
134268255
169044815
190677927
217637480
232120221
248266128
17872645
111017802
97403816
79283619
204462776
2601369
203162528
196184550
158744794
87502147
190646945
185887922
123256712
118858011
250383765
223671139
217402419
25899647
26861695
158515069
41439776
252937727
43559606
28930382
232850411
94862599
167125881
126071683
119897959
103189495
245056540
110579711
116317223
262702292
10622403
36727650
134523448
79500311
181725250
109177947
72375420
25347620
68926594
60447939
64719897
100182852
109521922
125174322
160935544
196946417
173054256
6499750
166843222
215334965
256899004
96631890
159607717
254852667
239243286
201181451
176645729
247113541
102208733
37121483
180452557
230345459
60954904
179951330
53712696
154626230
2716763
195187217
164136404
119910244
141374362
209296832
48588708
44806575
24791218
237129191
33805766
214989108
265794751
78738874
215480417
28150097
117387246
209221416
250749902
236270680
216850044
36625174
143655192
121217263
29010226
141784979
239918055
254069577
216492092
5646447
7261931
194944793
238849763
12698649
74732324
122741769
84842820
102484727
213270530
190564455
55410675
137198838
140229772
182575165
167757468
225075485
90460615
228707331
106673271
256227343
209279538
179473664
147698811
39343666
234824588
159307891
177156890
174411072
189452535
65961271
180557977
175459569
249998472
50390365
266117131
36030567
18639780
254123042
133045588
10295185
172050495
146746852
62250805
259379103
57155010
174555677
43064678
692981
125392568
27973338
15065638
122727418
150984835
199914255
215596609
259729118
24710501
200630915
35914190
46732357
244155936
18782290
127743020
144058058
53639104
210480687
61726702
170786129
142532083
147741490
173444079
122482572
162049812
210556099
230263608
32162036
208587954
215055972
138194450
161978666
73258103
112318931
20779309
23244432
129957166
66498302
140453659
81938117
19920223
195165987
54764957
15375047
136466523
207133419
158191903
241189702
175346371
220534879
142183396
159538455
126598954
65087630
118184655
231849549
87098582
262460738
176960262
222074801
97518298
243617608
47901156
261979346
5574534
201131481
210796061
178511412
196393946
168301935
250169330
231340181
144231841
255782484
87233509
173570455
142332241
246337298
236739941
100613094
158006330
113909596
218241565
234570103
161893566
190752787
234614935
85671817
101506860
222181133
63090915
12852236
187868196
142392781
69769555
44846484
6311095
98077158
116365954
25128079
225291958
210913650
36014418
221501726
198875197
191066099
109361571
181114855
64432147
171224044
216865621
172137366
28567315
214598617
158053686
203024224
92814873
199082356
182916500
141884283
56635421
45226415
226772150
221589126
70083330
47197352
188710101
17151836
110576401
197037231
265853838
161387989
137346410
228716907
45693625
65441820
160481283
48921495
169600839
7171015
262902353
126935488
28900491
162907166
197427818
146776588
199463593
107250358
