934093719
1006048710
958408877
886602054
842156894
1057522249
870264125
917242346
990885572
992897496
853070438
809558187
902700184
823696561
995882871
980255455
867081714
850797618
1028809252
878304821
844647354
1017052027
1005047387
953701548
951513934
1063805386
1064488162
1064828520
875103836
866285955
1046347027
900980249
941949836
910079108
1053000822
935751751
929364237
832635121
938669871
1055068051
810596878
888213818
1020596434
871826857
991687043
1040555607
1014328541
975294545
962449175
821653370
832919180
985597880
1031998578
883646257
917858351
1068278658
889604841
889712523
1044010334
1013560731
983447355
888513844
832797950
842501303
966489260
977499437
830891157
948536871
824227249
954129080
1067374303
1045568405
870958267
876660310
1020054151
894004698
898566722
1031856362
892740601
843172898
1007733567
1026721879
1026022993
967013160
808782312
946269172
997384925
883273332
849668270
922786875
980885346
1002762000
1072079561
849052196
985215132
1063296712
1004031563
1072271894
1054446688
994999021
900163600
995880334
811830621
1047456296
1057498042
1023868755
890571962
821156334
935989457
987318631
840807515
867279868
977104399
860782055
1050084421
974226608
1049913480
820314907
860012089
1069560701
892093281
1041517751
903594876
1042071933
879734679
937989684
867176627
847119161
1048426621
926113531
923685531
922870295
884069589
980811952
1016865239
1001228830
1052423694
812438180
964338028
842057373
969227619
888921560
1034519626
990362506
1053272924
964911108
807055237
852282693
974171391
856571131
863947813
893646024
1013259426
979237378
971075919
895552272
807532680
1002802875
889532890
953298572
1039825065
946548983
862488457
812560346
991890697
995045408
923476840
914706149
844960345
873161781
823904915
868367088
1070081578
904283740
816313613
938002069
867673271
1033155527
870523049
1059971048
1059618237
1027723723
859236564
1045348227
988122953
1056656900
824884116
1058479315
1064165259
1006852452
825350701
951759840
934359064
993951311
872586237
1017903245
1056394664
843621736
860344214
1028547064
852134533
1051292091
846424392
845372629
850805332
1005586457
947782836
807545154
920230901
808533730
875957146
934873623
873942800
855176388
1000930828
1006192165
907915227
977050325
1024558128
1067611268
853586561
1050710234
946617153
960910804
823812824
808984198
975788241
994245867
807426853
931254933
805448283
867645049
880861155
1013865221
875177310
838414030
1042731872
821710135
1053543612
1006487060
988605646
897497896
1035734504
830704635
878968622
1022456193
812804319
865646111
885945529
1012916585
1044448131
864307438
835849490
1031802265
988321589
910085312
957423090
1042331488
969765308
923354025
989594618
953034777
824448126
1031919346
819787323
832963704
827924637
806869692
1056031250
885048611
1047510080
1023625426
882652150
1066337717
1005320918
822318021
887605407
976308618
935024929
846102154
916289568
920405617
903165083
861647267
1029423294
845606122
1027206737
868553720
929256779
939364194
957487819
920580228
1069528645
827269804
1013292042
816631803
993670197
1006193594
1033954274
913147035
834996393
1015884601
964261278
920831767
926558587
838845825
840802483
1009075493
1049399954
1030276971
944408861
957089962
1009080638
1067811752
964906473
944923605
1038456253
1033931077
954309883
1001612249
952109808
1070780737
985089098
1052627305
807199435
1056056843
949367424
983565874
849468307
832916076
848960737
933506258
1005989351
810016259
1034514340
920016370
1019576913
871942892
1014213866
1060689841
912512770
841076670
913484332
1003627118
987285626
901314550
931890551
1029077489
1056145702
1041380503
848798367
946933652
968567735
999330724
897954823
1005582021
901181806
888906407
978064427
1056583832
887029003
817244496
932607157
1039418980
985898769
815417727
905963341
989703088
932778345
982542265
941786688
914721609
874364460
910422994
946810245
964525226
808195954
971282774
883214179
1006766236
981073555
810125719
1068178462
1027539688
969100845
811833705
1036899756
886512401
819460561
911677542
842081458
987313392
996551669
822498277
1044392528
1010042677
813313906
864013488
1005269120
916778786
979179430
926143426
1043954721
832192742
924957609
820746271
911913502
1040490073
1056757924
829755710
961156806
880549921
1012088391
928114784
838921961
835407166
891675882
981339589
982728323
972307444
1036943514
812188076
1016999329
905838624
844021273
915912976
930878089
901136415
1005929917
1054383705
1059621747
828407437
1020913938
981764368
929695295
891801028
1015114400
916734555
857572282
877125580
958025545
850896746
894025317
957721714
997687057
909852911
962776291
848290408
928408405
998464773
867774827
914797964
812738114
814920426
875667507
812105486
1031304536
914036304
921835413
820479314
835526969
857016977
1002949741
896517039
928426233
909954099
1071825589
1033344742
1025078703
990249381
1027846777
941555210
824040730
981418800
828472846
1040418732
817248760
852493305
996135286
1055648614
818590482
841829342
930063338
851159687
809880516
1000519847
1034978477
968220221
925767127
835909482
829182945
888431198
850228987
1020064816
1036980450
959066671
1029255794
1053744178
916715178
968167308
818339915
898209347
981284655
1000930847
949646713
953742612
922462517
1067162677
950678496
828209602
902774592
821967915
811157322
814773720
842480819
1037553013
902869603
997501611
909479709
1056953548
954736956
1060542606
862330990
933269013
1039580679
1037970292
1035679578
969236934
827548031
1004779668
892060179
1043847227
1040220374
840928120
890336275
936616276
817079495
870140594
856348416
903007376
1022237860
980142085
907337089
971586522
1027555931
953610855
1038209983
1055595642
848453232
931703307
932539690
990861132
964113307
1008487609
1008096256
1004461506
1029222112
1037014670
865608481
1056448943
1024083829
907834310
992976508
820495745
841250558
976040108
815912350
899853585
816927512
915002196
940969063
893453107
1007112547
843523377
1009475675
994224201
1005104231
894571201
987988324
968233513
1049279452
1053042863
958357208
907571881
869487600
971233362
923161420
896450098
960464052
947713695
988981874
967717158
960449666
894929175
958357589
1030230496
1026598820
1015807476
924247495
987583802
890038621
879371925
936553222
1011287017
1047233818
825666515
806797694
854315736
808818223
886331426
843041105
999441149
894594801
892712585
1053520947
940793254
1056484336
977147313
1047707998
995548377
1049540846
966838846
935736488
824055337
937878661
856564083
944711670
990587965
888271963
869477175
856486658
872132143
914633363
1031821756
934154167
908927546
927457189
911145663
806225828
924834660
918945048
993935170
969111161
901352968
820270260
907444489
814421631
906710030
1065270228
1004638408
928393163
1035938871
1047212638
1033876340
806578016
861253159
1032418225
903293942
926002152
848536305
813226897
1033729918
1071853337
884695952
946017516
856552150
821976837
923288555
956550075
933947486
997920851
851644714
964071358
832571066
1014861084
946871644
1050406877
894548486
1011461493
898407412
961728825
978658237
989320649
968146255
922860048
1021740755
1052719205
870282933
1001179901
874280182
913807650
862250988
1063724190
938917224
826379267
807250212
1053286830
1060845269
845039351
1012797980
823510838
836092305
908841440
978737999
829685384
832330192
875427093
1051405287
1068335761
998924653
827858340
939674230
830938371
854185675
887935408
899872427
1072685350
1003296325
998018703
992028762
943460021
868585560
925859981
817896360
819357229
824272521
1011337424
1036161087
1071132166
934729574
876040247
825808068
1030454886
1000546833
980453141
909023608
953438959
901912363
895608194
931929851
811586525
828979689
1008096896
833926158
951108304
830182598
995864764
1034826557
819283764
868518142
810399729
935803497
1062108740
882906563
873860161
1005490234
969402698
848159354
990836938
951670090
1047489749
953400810
885830947
826556220
973366542
921134115
902307138
848887702
866912060
964330833
927737774
979384519
937208800
817745695
932150620
922113154
1050983344
1011192512
952983259
950600248
1009341404
996680567
998407200
860035294
863046649
985740246
863579917
873680013
1028954778
964670205
995029165
928187320
818651419
899887258
1018882595
874410965
944940614
1071941484
1023885517
994130018
837578233
927840605
904801687
1030247593
1043510998
1020132543
989271769
920314901
1013817571
997876785
977197987
880386803
1062852558
1024622643
1018684836
876418045
870887020
844566215
999124633
982057887
935187580
893416636
933124915
989967045
1066866434
811048405
1007570646
1032132832
1007089639
955227913
979010189
882897772
942775089
909757696
901723385
876345831
1020666690
818282265
1032356887
1069565327
1011631712
876985663
813181405
1007296604
830794119
953996350
868609358
1019576770
1036567482
1070733545
822362923
870550408
1055665719
820979356
903730426
930878242
923696084
921346816
860296847
836760073
862337431
935489110
904772813
921783418
812861739
898458670
921423201
1056357650
890109292
977361055
888619673
872533883
832651122
1020963713
890054797
1019348295
923628928
856756485
1048025723
977032837
947889186
988982162
1027507596
873196981
887481481
942521117
872094207
921266071
864456672
1047448132
895663165
818598196
840403136
1017867553
940438702
965239187
1006218212
853672688
850844362
836940318
972828008
872894441
1045158501
1016887790
1014982013
943599475
1051635778
955975571
1041176665
832820253
970584971
1046664006
998835194
1061516203
888137827
894760996
1050247869
833889474
809584625
941287591
1054740347
889601589
956500154
818352769
981018922
853117169
809565530
1065967593
912667286
967143268
953710396
904865924
810263332
1026498852
976374526
922122435
809303496
955255504
880502830
881977275
851790743
963413712
996196410
962250761
887857903
940702359
974159327
901365127
1064278447
1052372351
997087517
852035205
947865602
963909910
956403885
883680805
1046537229
841669177
997521234
975060625
874607078
1044495005
903020482
1012131862
827392963
925576526
899828260
978957556
889672334
840745943
990877402
1052335596
916417731
1043214684
886269831
931663171
940346577
873076960
1071428774
976760894
1039041948
936257806
1050585429
1052804436
993921012
886689012
992762049
933388873
843534176
1068477290
888596719
1035378729
973906195
1061868605
1014619444
824264792
951707226
854971558
965453353
1062852331
1029056843
1060148930
1073683817
856923208
945838499
1012485790
813021466
809687119
963307972
813121620
863804655
1016625456
935298060
813704678
1012167296
824410322
867484829
809747356
810905370
1001914705
1058534390
925463499
1016959542
955117230
988750960
999429320
933715199
965376960
998001347
918092804
1061641014
1033131600
855444882
816874104
977602637
872951803
900593196
946352406
972628072
862480769
1070614752
1050161463
862961292
1003771024
806261039
954497406
1038369472
834327578
853861865
1053341164
848023342
862281097
943077683
1050928634
833300717
872437528
1034685415
938208661
1054906194
1047784832
1020149398
870595192
927834468
937644440
1025620071
825845636
945004950
929804251
1010689201
908156506
1028535284
921073435
860678629
953715208
977310724
821042775
825977297
839365242
1072886713
1015495102
944262476
997834856
835230307
905869037
942525474
888549428
906424835
935766488
996362903
958514855
1024127962
928151756
1051005561
1066281897
814957524
1022606371
907878387
861599342
877523185
844480372
867933941
814661337
875940896
906056276
894060473
1061619802
1059240457
866977369
994214704
938814557
876186608
814323431
846433410
820411852
816705055
867513472
1048389117
1055375723
948171632
896158418
910767683
1072329884
966844927
981712318
1047120607
988776419
844552481
922092605
848238878
1072055662
824787988
1041748507
924225249
892823127
913632102
822697732
968541666
1009115624
830673993
908111168
1053907790
823285566
862197533
1029991686
869580537
917464079
1041502361
952952431
868695153
1015265943
863709096
955752627
834376193
885153363
861526933
1036455133
830480245
1010573252
875072232
807889807
1061192448
1042303156
922098746
809371608
913797998
983845023
1055391088
923031040
1064143642
810173063
1052211329
994067084
864565141
808723298
853568069
1059888690
1011356822
851062009
901418429
964390185
879761531
963466199
865223409
952186484
855737184
900015870
988071662
1013032103
830109929
890782758
925135204
918187272
937597638
838333700
983505938
843784756
1003538209
973498240
999532256
875023371
1059546694
830878501
1047664373
878464957
982287466
967072480
1071854091
844688478
980653863
973643421
904172849
862738213
900589803
987165094
999145718
832599177
952798394
1053718833
1054875194
822696839
1047101191
993598147
1044700384
842703699
841432690
838229398
1022330500
1047855410
938868437
1043928888
831882890
849524189
1045697399
887335962
1016024603
1036449663
846957064
940848809
1035675827
1063577037
855673585
822006709
870720571
1040265576
894885827
893565344
986384566
817323540
921958797
851373477
917637727
911495797
1043459315
1037374530
1042632346
911046598
1069532559
978695137
989950646
1051694565
820215889
914292674
889869807
1021149498
1050081582
1025477726
834625279
1062742820
846113753
961695959
1051664628
874973058
1031740162
1036399072
1027603767
1028149623
891814416
961803496
909271195
868091592
828249723
1054114686
954823742
929854444
1048204304
1058675223
1062032130
957802629
1008699622
1051084848
1028154575
980526799
825106165
855583572
937727432
929983894
957333324
1010241534
1010401859
1009278221
878496840
867790144
928799543
972438288
931711379
1030818394
925226477
841811651
1062098768
1056939534
903874359
1047166204
841111076
812214674
987424013
1057043656
1051678912
1011826712
948415643
1011893324
893186450
914224621
1007660125
929240014
984553610
1048764427
910083103
962711132
845839509
991238459
938863406
898412324
930181209
928681919
888183653
973267269
962871562
974298715
851369085
1021884545
922704636
1071629266
871653372
935882313
955221525
948917558
808558195
911487423
958033128
1063449520
889719307
1050527851
1023844098
859145647
814810561
906874169
1001436372
889657236
855211770
900443089
926572524
994258049
984251588
928111484
940101996
815287579
899275189
899803093
806951526
878584027
918464279
833093187
1017408756
874780789
866455667
823340670
1023943673
1023239119
950235505
910542553
904200714
908546115
957926385
1033627862
990753715
894250632
818566542
869147151
1015802494
1003530081
988022183
1015672941
952810137
1020554136
942849297
854812010
810920154
1046968762
1028377363
1047202583
1069955624
982485574
989605196
975741328
1067050892
1013927434
1058935190
889955664
960278214
1023703642
976269258
1036076935
859241581
987852691
822760589
922060135
887672649
919683323
1071628129
1042734549
896391734
1057299728
832744967
839809244
1051152300
966909895
1028832000
917936323
857189633
951932083
963424306
825842064
982935572
926030346
1039534652
951699677
905504191
870141396
824698671
963333075
989699407
899862673
872311540
917374437
875048187
1035802299
901667691
1045780673
1042369208
881769238
1007959648
1032414271
956742215
957057268
897622540
828163052
884366100
827207356
927485771
957789386
880724035
883132081
961203235
1065204860
910595052
828451299
937486773
828607627
870219085
1069381019
993866398
967777484
981521838
905638310
836782858
1022886962
949906175
982534618
881323179
1016681846
809695088
1025684005
976526797
937679443
895648144
959959748
838734119
856881263
922982272
937235663
938528315
911541106
1031616057
934136443
882799187
967343194
833347785
815676969
862899092
1031615121
935822568
842977035
865466483
847998184
989571778
959744473
1040470316
980624154
923474225
867692474
869330331
873352372
810824997
1070527368
1027107545
967430749
990663370
858878970
814596776
839854251
883144757
848631797
905544217
943864850
941220404
826916611
833240978
918138072
1071347894
1071109191
1001694530
839276803
986994487
1003935108
820726400
885451079
818347355
1057602541
874460636
922020786
830901340
807798486
954243827
884442447
993392090
1008350429
914646832
815171943
961246861
869394964
948641784
1073010756
1033646060
944784512
927611986
984692840
960272743
904906144
819974244
859070243
878526704
1002702307
874693282
866252489
928404887
993526436
1022048518
883911715
941889041
1031487649
1055055506
1018130854
929704647
883217207
1070232540
975054231
840714260
832218803
1063531249
889708509
870091165
868696214
1065761769
1009537554
951494890
953969578
940393697
843741667
887796052
922955283
1049304474
811519990
828508218
956128090
894888842
941675392
916068132
881339189
961498611
847589250
860857440
826918399
1067169669
872202160
936734621
817372916
958444572
952219943
864566367
1048244827
869492747
824784253
864707142
831828952
994900853
843263412
958424816
926670065
865039582
950441511
1006872240
944803275
849707911
949214040
1033470193
937667938
1012977013
1002257387
972335423
1049021207
1008390674
859523756
956266880
818768564
859541743
981797896
921288014
884069419
891235301
880205242
857311103
913997870
1046855156
962781290
952983281
994036992
971459612
913074770
963313368
861676799
873204428
1051172030
849341204
893906053
1008309028
1048366995
814197537
903905156
891005708
928305715
808904723
824673623
871902818
928675939
1003158715
986806788
841613256
967524087
1066849175
930762271
1006784175
844482694
1026656695
1033671599
922095273
1058259950
1064735100
853571031
835468690
972231332
1022870556
1036396437
968789598
915171052
992572271
961007596
1039270144
878168723
868546915
930057401
856257489
1072093879
810323456
812149168
858694939
1061657970
888666572
831884363
1069809330
1041706254
905151521
965818157
988874737
928383302
816410280
866946743
820214009
885537713
909301751
841113441
977902929
856720780
823701688
870496858
926827158
849840692
1056319916
1006909687
823959363
980050073
953958454
829461637
1040154129
829406939
816285585
1048034828
1026149583
812136359
1005099065
964343508
993846784
976832624
850343395
972440394
862634355
894773338
1066473889
840788648
945764468
868377620
913277890
805397038
816841193
850954693
922000628
830282233
880748930
1063959265
963686109
839929135
1052659405
887799463
927000297
954414869
982517266
838143112
926011068
978100261
857826891
853331342
1058405319
1014398303
1004346758
848161317
896802263
1058121446
886557472
883113726
1056161843
1018711319
964745141
1068568608
911170772
1027757639
1060708855
1042210758
1038282982
894073022
877397767
829561499
931717716
1072002413
906304359
1029544720
873536718
905371429
857595574
925911962
1044091466
1047770330
945041446
1003144211
1056168355
910789867
1045688974
1051051831
915356963
973630490
926567421
1023253803
891328570
991984951
975489247
914623780
821232911
1009231269
853716898
859461346
1051831503
984480244
908218010
1051881260
1000662861
1037240846
847829339
1038577555
1070382901
1037695490
855440072
981031260
1051779642
809382698
848498140
1035559872
1073100849
849289246
855606907
1062701712
925823023
855489182
806446916
968756821
1026865483
833344458
1055941204
852847818
878744100
1039595093
808746285
824693344
1032990971
879300195
1001541890
1019622578
974165114
874217338
978891315
909561892
906403540
1071228010
843866540
857518228
925867890
807897344
938259370
925661112
826567627
990475277
993522916
818789437
890768491
1056313034
1027499737
912455416
965741015
993879348
953498155
1003995906
1055290421
969233375
925767324
842481828
1042858446
1011145696
1002393654
939927118
896843600
994026921
863833925
1046324633
958205382
990226458
827488935
904876171
875365927
1010563727
870494845
996474786
981003575
807563239
1061487059
976599711
1059900962
880328873
842286429
1009320463
881145551
1062342774
930741245
807977371
1051277905
1055536060
926878580
897883300
855040421
879395373
872489884
879083378
909524102
971998649
1038747642
971387878
827191859
1038549501
1072526993
949172909
1032856578
856676700
858883006
807345482
1033171697
1042664433
1023516620
913176233
808688216
829946235
955296488
1051560156
1065599720
894248638
849705187
914759919
1016607366
1041471542
911756208
854683528
998382468
900761472
948240202
917364153
1033222161
812725062
840232088
994603312
1036744033
867572267
1070967365
935330045
993489467
1038142090
1030730938
917794999
1007458612
1042907789
909870619
1031414686
840799675
934730134
962878046
848955395
932428376
957859712
974646568
1046681010
943291772
1025478762
902425306
944756344
1032554941
1034327405
892974263
868379795
983896684
928865549
820519183
920102012
961956562
1043740105
986278736
925919979
1040291521
946833012
965884808
979789405
978352781
965762666
952566644
925093816
819140630
904166514
963247691
933912394
1059834026
894895120
978372336
1065674997
980916479
839389027
822551165
999195082
1061266131
816202436
898871360
805939105
888928534
1063392755
914204161
951587609
922545895
846799183
879063896
816490998
858718690
923080907
1052563296
998053867
1058372303
967139408
829559931
818777793
925682856
968263362
841698864
904672966
977941413
909467399
991744498
1054902955
1022181848
888800460
913233651
917585449
863458332
840844228
818723661
1000058363
809432887
941212215
884210771
984719604
1033565746
968911032
942994107
975547418
966983506
977553851
1017688309
1071991206
989634360
1051621679
916871707
938027889
827652251
893728515
840228394
878999327
806197514
1024567234
850646500
932979140
885766222
843973303
853515347
928141086
1003623793
1045558226
971911459
964868334
948799110
830952494
919426912
934314855
1009732466
901922660
1049363634
941345661
880753342
935854419
946975244
1068598078
847521114
946541281
1030018858
1051051311
953957801
877303290
932372460
967623657
1022692676
854928896
808077235
837608774
853376214
814213509
923891413
845732200
826726004
1073546847
860547773
902033573
953644190
1014710979
905351653
1050403187
846681877
996325202
895822119
950363619
1062614697
839201979
1043852379
842309571
942925049
865336273
1010288226
1013325962
884445526
983163611
990156482
1050015204
1026524833
977265913
885367242
1067169303
1054593529
913671242
902545766
1015706365
1046564317
1028738240
961930880
828892351
886308637
1045563478
1073400751
917450291
821583335
1032225528
953811165
1006204915
950471023
1050027321
1046478353
876229927
941058865
1071413821
880681895
882308846
849548348
1026421346
830532846
930654603
938539169
902118936
1029114923
869629184
941495565
825188106
1061229957
941137382
1045384092
948321735
969833657
859191028
887055748
928990458
949725109
924484902
1007624620
977866670
989953038
834582028
864968752
904350380
907372941
821396348
1061680510
1010175990
868032415
1015237975
948015657
831242953
822566709
995224386
815360740
937801389
946779568
867550596
1071300797
865138852
823760755
1072066442
1003340115
1033325216
886416278
866871674
807082898
1002266703
1049593353
904286473
851612636
987725353
909897649
1060434144
1042681157
828006088
982005321
805727276
911502679
961875310
884802215
933048543
916185300
825772652
1058444308
871550158
857767081
809079439
818518556
902792005
902147434
957792685
1032545504
1044153765
870013746
853083670
875702864
844535136
919645667
913648767
939954004
838508416
907939418
922941409
1030711407
964525796
962756945
862261924
910740202
1060321465
992779799
904537685
1024485233
997170186
1053794142
971272502
909848817
963465587
1021320646
914514596
979698591
959063724
1028577701
1064778974
1036778707
961154389
906711055
1031424601
988724397
848471167
919971093
1049037863
1063321137
1007204880
1053688329
807786594
1012343609
966728785
1015551858
965487247
1002482550
807725750
909406748
1013796739
924358081
957244680
819213353
930994605
1034163979
988612299
928768898
870919614
818783923
1001898822
903952224
889183266
1008004745
1024028038
892922653
848033177
810700274
1009745356
1038294633
1045642651
850582615
983342006
883133419
955008116
814725594
924608990
907590396
945560479
869535895
884348514
880651276
1035283242
1028196544
1041268859
996086013
1067797072
926204756
1071494606
881664396
861068904
1073221269
944712350
809190293
1062418245
845114889
1064592235
1049209484
1063571175
1072390509
887628562
959332291
833658494
819177153
900461510
946484769
885699602
886255448
988880924
839324077
958951890
855399539
912574778
1041495569
1057193602
810501630
867387379
1032446935
1044722437
825721872
826556542
1054876802
1065456529
861899493
910650154
1026941809
917080329
904828346
900920547
957440959
1063362634
820117264
989166511
814451731
956317234
888202792
922106854
1042345803
904969498
918758114
1009819583
987367284
890374009
871070188
1040871363
817908089
1029467249
1012820072
1003777418
948032408
1053916988
947279926
954468874
913415985
1016414990
876541764
869705291
881985118
855448419
872069634
864097640
809611372
826801959
911260017
1038758620
1037052971
980214923
827353413
1068737307
899656442
1017607601
1020097488
859440390
872636077
1056407039
929643363
924593985
853511839
941326252
856898575
840045174
1071492141
944122939
859670974
946590678
968097793
1037559022
807279679
1003133777
833729017
905778938
812994816
919230227
999483625
1069848463
973151865
952330945
983367315
833299102
1036080303
809391445
1051344335
1055863392
860758497
1001661872
964366927
807299946
865964872
1018013980
944785255
876504430
984771712
952192395
926529181
902366472
895380778
870148722
896564553
864591889
865751286
920762933
879756121
1013883776
998794193
808909634
934013759
929150920
838721810
809104165
883479113
892662731
945253551
1041984793
999269053
980213908
1056050488
882833712
1016720520
952624051
890206128
876067107
840605012
842433088
1034942063
1004926212
944769327
850628038
940536713
994354303
855542687
855745949
1070270281
967951147
978672957
871033926
1006733326
889481194
936881754
1017465255
1001078841
884477787
1042532850
1010317758
899823720
922619113
980905129
1025329876
889576924
940023703
809585124
885522089
823411119
923324406
894143948
818698757
975087707
916570709
1051547804
910802991
978351601
846022067
951983410
1054938573
887374293
906021667
1035573528
959867594
1007301507
1015688842
981205996
964945280
861241057
972737763
832820358
891651494
897172582
1054014693
899111016
990267688
895317071
869412459
891755737
903960340
1067760013
814663342
852030286
929251418
919353928
1044061814
933864087
916804479
862453775
878455914
905058820
845133552
935331844
890345324
957917290
884770515
934924960
1018395996
884076751
987959491
827691375
1038593283
992124610
993187046
982829330
845013825
828817995
990365747
886387220
905610527
839687913
995049335
862955733
874072692
898852524
986971630
854739331
860907764
979585785
855956193
1019131951
864134258
1010881877
954026090
893306108
894649587
956240537
1037264448
1013492397
900949146
1061735109
1033000730
894375645
1069025631
1012863105
994891943
856524336
1030171208
1023706526
1051643529
1007447260
980668532
958957527
938382973
983814198
1006563184
1009415839
1015570992
924515719
936281821
896188231
978869384
1051828828
1066892387
894620619
924571550
1002754839
993739022
832817069
841883149
947942857
918947794
912512743
1000053793
998440957
955515864
1056967627
1010538058
1002847025
897124519
845503737
1022300363
1069451116
964089717
910656256
967429384
865527529
1058062479
853577102
991271061
948969378
807455059
861419429
856779089
905046372
857536103
878222296
856882932
882130062
831804609
993634023
981782308
934191924
813781064
966048642
934790806
821790912
834828184
831660134
824068968
1033079952
912196316
835691131
1008920595
810752506
835363674
1018070497
1068606009
1050544777
1044499027
906497736
868686675
970776402
1001961386
848940329
1012539511
942289070
1050939265
995511178
870350416
1053495255
941322378
854620485
815672238
1007744515
829845207
928152244
1071900002
1002162961
941199906
870702606
911659428
824902725
1071843918
843205817
996542007
1050406865
943381954
818010615
987138942
1065731914
846624161
1020185522
940272277
964398154
886232669
818777802
1018888240
835388399
898956800
1006620605
855748920
884957517
870676909
856885952
932796775
885371464
894505125
1035415394
825704314
1059237722
825428194
1071736457
919273086
882941843
878773004
1014367440
960707168
912996685
840942998
1023899519
1049770769
903843098
1007229856
1013424136
884653197
980108405
862819235
805727715
833879211
805822202
981607457
1023931080
1057241341
815716720
889476360
819067900
890064725
1012800327
864225923
972676362
1072817428
949521181
1060246432
876549891
882869526
882294351
835640462
872318886
1069933554
832470901
1046188225
829993283
1034415353
961849098
966599822
1002557289
867623317
807101105
939810155
944132559
939937258
837963069
984723645
826298564
950643542
909886645
990569336
862127258
838008544
1015091501
884849584
1040980891
1026162530
899657724
941543730
834642220
808235062
999166141
952672209
821341941
1007394016
1019854956
824745552
1049866439
990779378
1050805768
946658660
1039137981
843489169
1072230695
921037512
893858976
892600914
1006600745
1019264070
1064363452
926511299
834253593
843589036
1042552552
1013836579
885840570
973761194
863953705
897215054
1052755593
1031023679
930883591
874332890
1053322132
1014920092
1069851125
917934719
922146534
1051918900
940881404
832705580
844390113
1072039549
868309871
855084655
854870905
830604364
1059325859
930532199
914557473
830747055
955419364
923563945
850590001
882812510
873420262
940713056
826938339
1066662667
908801172
900785937
982441717
1072037990
983792880
813800094
863631413
1015628163
870539739
970511532
845860524
910774775
865439140
1002378396
928548946
959075005
1024916193
964942383
1011260763
1015253810
909054957
840458254
993533077
940322119
986159259
846682479
844146129
985944907
861349041
1052278522
898924943
944660680
925638386
873028062
828403834
929684311
1032352187
855123346
1008470318
1021463057
1024139512
1063738299
859483829
938740190
914423091
815516679
889166047
1055024945
1053723036
1028704361
1009783252
843611638
1069287684
842982940
937217189
821154581
1028573370
827983767
838145680
854955248
992803417
830539510
847844788
1064130198
1001083706
1017491581
903885587
1046392466
838038158
889287651
979367404
1036684072
843088342
1039576805
879542336
1027832568
974232281
938793384
852413624
810551376
937061158
838566181
844797912
1049346617
1000838064
970473457
866259870
1010260554
1045792412
899813880
969473803
808868247
880752400
1038382370
940653630
947191173
913309785
969162224
824327368
966485729
884264182
954490126
925497314
946288010
957121927
855791331
882438421
814092266
1035027152
855118468
1043629928
824591219
866812954
884576157
1014081411
807245348
831369572
1008236153
943572686
934214802
949933981
1012615671
912831077
1028493450
940362760
910329871
966966816
852907214
913423936
831970602
1005532739
847645945
1045460561
974018185
885410807
1038626420
968617641
1072823065
927079548
991370391
1061858135
888771511
1063592298
943701966
976528694
1065600212
910800272
995655312
976575056
864704332
940726362
856220211
954311048
1065155133
817338492
925454261
1008678175
991531932
845125575
993720821
921126757
933083871
824172767
895786044
854778753
1038943034
992469864
932110421
930143337
959671598
1030353689
830407871
967016447
968992842
909382278
1009879176
992137165
1000698644
868093079
991317755
1030282800
913580280
1022255383
1053390348
914285162
958745429
1026472808
947833979
898503250
1037645890
1005975925
941298938
833085994
879041045
860055138
844233844
926646443
884248168
1034754918
855857147
903834714
861155583
814521302
1070178656
826778570
951121968
882085642
1015909459
806343643
957613650
1068061116
1044036792
984855297
990691320
1021564697
1006351793
954424494
811656743
1060544601
915593446
1018909367
1045442186
876530087
1070180387
827595054
955219315
1049893759
1007948983
983979844
1001417627
850856127
813307061
853777607
1019893131
864784945
1010671952
999509855
846560413
1060053864
1036602029
948624759
813994260
1010792811
1070438243
1018928778
926762463
869103422
873006645
950073475
861689339
921552339
922514697
833334701
811438272
888513274
805368371
869242745
922309143
968048434
860118801
818645938
935100978
839308357
907923091
820042724
919585677
890315880
910229819
993803214
944410992
924361004
1028778181
1022096566
998356731
825051876
1058883604
881358774
817651313
859533433
1020974005
1039226719
819738217
879644600
960585442
1064284459
998047205
960135470
875323391
1039621716
873011831
989926200
833631031
984726708
1053372374
842164198
818416456
1023409363
952213207
1035666883
844673544
976066354
917664296
859139075
994710598
927472533
835332794
850688681
893239967
961871319
1029505647
1047409910
949009066
975471772
998459184
949127122
895641254
840007327
944823795
815393902
936063670
941783666
1034856808
1014064254
1037190490
986583540
993795666
1047740746
861328348
986984639
906491588
901766257
921928604
1018499392
1000001503
1060450168
1047392363
923985698
1040846782
917162554
1051401578
942594363
1009103688
1021821363
1009118342
1042785902
845583220
1063307970
954627841
929976405
853112364
1022977003
1072301028
894748361
997489827
1005642947
1027677105
885294065
916768442
902957627
861225785
878746628
1000581761
884342320
947154774
1050498398
874682948
1021178334
949431280
865415691
961617871
1034864048
871347266
958414199
956859183
846308787
1071318136
938498146
970950154
871898015
845712333
870452761
1070261463
1031465497
855865377
929223086
1053762153
863140290
1073157734
952767102
1006097375
826492596
874229699
874389433
943375578
931338823
820686736
1055486720
1002110543
967812222
845419403
834121555
1011106660
837950629
934240200
852201480
902044998
891463743
874083655
820879440
931081701
992027113
922395193
958700057
979265142
1010168232
1060440354
1043733001
817782975
895254583
1068817868
928110440
913211500
937351799
1057480846
863378471
914016195
1001149283
1012116920
809774642
815361615
1007238485
1061072916
915008064
943300861
809357593
913313174
863747888
835929316
997101539
878989817
845385783
1014566426
981686951
854985640
1044147033
1040400714
969725481
1052654702
1043897050
916268682
836351470
1044332063
814353320
808275767
954636268
1041084877
1005903858
945309542
1039931597
1052004994
865239880
1072934436
978561214
978640079
888113102
810366684
914203650
1037496054
881816003
912185412
1047886037
1040468852
956295257
1027575602
995945591
1002829557
994032463
898888997
843482183
1023702015
883047475
949352192
1009329525
811162566
1031701021
997776973
944429795
824213232
909198065
874543056
1056674905
928672910
856809041
926257732
911327127
1011255359
983380387
932390519
912299778
1016995219
921563192
1025863403
855590638
1022440259
844754384
996770040
944929212
1039606091
845803714
984511855
839288098
900615042
806226595
1035886690
807767648
982218233
971600675
950481008
912970325
1046043614
979383681
867246271
919149307
962670932
905992086
979226673
1024422277
840087233
932387789
845543407
939687737
827689629
877425781
1016533247
1047060784
964134817
949110434
877474014
1031671359
956175667
955804355
1060164679
930753540
895671467
936825773
838236892
957551209
924408377
911674835
1014476518
1011283682
938181019
854475972
887263541
923519704
987176605
1055475620
957281756
977381065
1034963739
873283531
1033775399
929888433
1047602339
981378528
825896973
1070196358
850360887
1010655857
819965561
966216789
864575519
931152616
881939942
965675780
817264088
965754346
1068001486
984048684
899638566
855291947
838829258
1062801092
1071526149
923054418
967319425
860254018
1036636305
941204259
968794664
852536263
933239110
1019887830
1039387483
851096751
817230679
918905036
1007769840
947948055
832593989
1047571872
899490985
1029708662
832810320
827607127
889704947
851306354
985864640
834111133
962237069
912494144
986559728
1043240134
812027838
946594685
961010712
916245449
1014927704
1019940914
934365758
1032081567
1050844626
877425498
964596127
837152015
893160163
869172580
979658880
845543966
950253518
877056882
862718565
838982078
994654591
878976883
942667315
906003842
1062523366
807718804
834097131
960208312
891256900
1057908060
1004390631
805556402
907809337
825140207
975168143
861305566
843317493
883820559
989708813
1069963990
983233395
1037074424
886048240
1019918037
843089283
1047973394
831773799
838369900
932238836
950601402
908634884
922068626
943397822
1046784558
904261940
986180022
1044872877
1057031296
811088946
1010324684
947638274
1068290066
998838408
961918629
1009664814
996107372
850882092
1057094789
847928719
1002546032
1006942300
864712647
979666878
990182276
908297474
968902057
985661213
1053865000
872199402
832180929
935237249
924365788
1058144357
959475132
821993375
970077599
1011282438
922124712
1022510383
1009401766
1037959817
1024607123
819360271
864805734
976122316
896150385
1062253044
920162041
993839538
940064312
815609548
827873609
837134541
1029231400
943396299
816789448
841659886
1023535743
969103740
962511535
1034657422
916065935
1061046829
848530935
893409222
1063785147
891192405
1018720511
1006980077
806271891
980085290
1039339408
829307860
840033942
807743498
1008091312
840995163
1066879965
1072823173
942779295
849632096
973948621
1056499046
1053083041
972740626
983511141
1073358048
1045626464
891013283
972543717
874495351
997238211
1028472201
816871741
878959801
930352313
1024702866
895273806
990208702
1022731417
1044170187
993368185
809666480
832786585
808495621
1071320315
1010004967
1035721414
946928164
933804535
914338119
827520212
1011766449
848797950
841299136
1016170027
963713633
998756728
888863116
829385744
917941152
859349150
1019474521
916719903
913109248
898268059
836862722
938254256
1013342074
948485036
858046823
994702132
998873075
857632938
895764523
924661032
1068511429
868908470
918732561
948989726
838139857
815230908
962549470
836719331
1064970506
873391609
1000819759
1025617044
879581236
930740111
920136956
913175142
909498824
999877551
935668384
882479690
1013777784
1046259487
935373490
1062919312
823449831
1033070368
811100006
939481590
976301680
1071297093
1068708565
834430192
871719043
970009760
905652626
1064596180
843391635
808026050
1001132502
1005876851
819525611
979840142
882927137
805675646
1046174359
1049714739
1021333087
942047777
1025431916
853732158
933321942
858983423
1064922062
1053135938
942930913
874193994
870114684
1032136809
928743166
857340289
819837510
943281932
1035650033
1033989430
861811522
931714468
910625780
948140670
943348254
944657453
1044122611
1036715175
1045488266
952476348
866310833
940081807
963223131
1014162316
808759340
822196984
1049165334
955068622
837825260
836481420
955611685
985706091
826860674
860953706
950036916
852199878
957563669
857505027
859950543
856066910
868406052
1058886565
984713113
1071698084
1023462521
1036922351
1056581231
946888570
825281488
852670926
831817160
808322199
1005176252
1048336473
1051493098
1038098117
1039751884
989954778
1025403343
811592988
1020867319
1030948677
991524623
934718390
931486064
1043379717
1066409075
881275835
812485233
930418215
1039257563
808910956
870975243
1051969974
875716093
1011722961
1008791183
1015764087
1058567067
1063038871
1025532152
1046925090
961082540
884906449
931964501
963614865
941542504
976177421
1016354777
821632540
933315815
846261910
846694169
861890215
954374740
993235723
1065339116
834704046
956828148
903320000
1012406339
866114253
1047020557
844582746
858063764
901367541
923150165
914927433
1001188302
885597042
871056145
981717760
863167470
868679261
833668602
901879818
903147323
1062461545
1073291210
829232059
908568349
1073232978
975326398
841626857
855625432
983316601
925093321
936998401
860891212
830885190
1067679254
926616135
1066848138
813783233
892741331
889016289
1011432846
1015548489
936686347
1050302594
822385613
1021580135
1046717422
858328394
818024678
861064393
929496095
1062060337
865679762
828955687
849769553
933039561
1066765768
1029067258
909567096
851490194
937432291
1049533315
907775340
940698771
831093236
955576650
956434046
914806406
856786381
894491556
884774932
898166985
971305008
1056632575
1023004673
940628770
1011418636
948502277
969933635
1003910306
996415618
1067874574
1021044697
1065032147
902984265
994194389
999436227
844475785
830662260
912244464
831044797
929225510
996496619
913709579
1046588538
907827264
831560450
1023598395
898710739
838192262
938082343
917571415
934979410
812206313
855556092
805705350
825107113
1045665177
979406493
912580831
903607426
1015728342
837266820
822848876
909241759
891720233
834265337
970867728
1028217664
950672328
962896460
952006569
960755849
886681754
889159708
1070764472
1043598544
999841494
981675095
865079356
1006088418
1046958646
936288186
813373740
954489179
940776769
841649216
905202114
957887840
935820752
884278275
970566611
908988447
847738652
915654818
927025711
1014480246
935494903
934840912
947613923
824890979
942334069
997242558
817576430
842940259
1038032534
990422390
874996587
823166049
1035311961
988091050
1056376680
827288248
1047407937
899474662
1049376485
902184685
878449399
1040760524
866621089
1063003757
866435705
926654174
866923927
858496471
981796557
933760875
920410812
839250060
1061851537
968151893
807933947
955662938
839696055
1040802612
1058189453
1055785459
999216825
930657749
1053959593
1025079766
924882216
1040405419
896152669
1046770889
893896667
1068169511
911228670
1010209827
977880698
936381070
924811058
1060304246
1031644387
925470356
941103359
844384999
880430694
866456011
969776869
805793616
860149819
1058264781
1047943072
1022365253
920464088
1056574282
830441362
1057453836
868440867
1012668130
965436376
1026083877
806077694
893243130
966186127
913753331
966010482
1047133043
1064020317
925080582
927483524
819261846
997813376
932522097
901187083
1056788259
889007854
1009786842
835709430
946532768
1017350708
1025900095
856505831
914543007
924576182
1008599974
1070448926
1058225759
1000734835
852243702
889304829
887537428
852870577
939903347
835441729
966520951
841804390
899749495
872253152
917804775
900833191
900747950
862989529
891627217
807746442
821286697
1003640065
924859866
928681155
925933534
843010775
878426772
900883318
945429488
923196744
1031456308
1063260870
905723129
846439443
917489564
975664813
1032895251
869740442
1040657023
1026671817
1014901076
880072412
972968731
977277499
835768564
968670787
817276337
955464153
1030956770
902178366
1069561220
882379355
921025458
903975739
940724715
1021227179
1039547344
1067586494
1004197906
881719558
846440575
984067769
811383874
1030342145
937280630
818758279
1014130629
818551298
1068622646
965048164
957174635
1060618090
1048674014
872728878
1021402939
918891175
1044095496
1042552001
912247226
1039296674
1049796682
842251338
870150566
864173959
991197529
890596325
968708752
958930824
942934793
993889467
1015822052
828678930
912869719
926834383
863249088
1022402759
832206947
900078439
1028519931
985640386
952679940
1008974304
834629573
884049138
966274122
1073685957
1021325052
1066795363
982994323
827343906
1050097916
942289196
812916382
983953977
861668713
991251599
957476752
880436244
1035604718
934016881
1040225507
1067128997
871168258
1036247780
1001721010
1035446704
955723308
900840726
850738147
1026625399
936996958
1013013470
971045032
966724955
1032869862
992838107
886722548
896299445
1057643414
1042208178
892632071
884090717
1019183721
929005399
912353277
856069952
1027263749
986949200
1051411985
984539699
1024785733
867233880
959249903
884906487
955531500
928625323
887578664
830881954
866489983
879764950
875936686
1065878559
961696537
973350436
843076059
867899905
916986577
939240471
912235126
948327303
1015795080
913311028
822041015
1058985908
1035480972
1026184231
1018995613
902198858
957310017
882396766
833852514
903893716
1021124343
838421659
909236000
870411821
1021948752
1035416664
942129084
818637008
1003226368
1055287936
835976981
1018998713
887161539
881604110
807574432
1033880861
1019900950
841116466
813853382
1053052195
922828462
847856379
858998322
977802467
946051626
869177433
855267027
863227435
948090562
985967699
1003959851
883506546
882586793
824026434
1059136142
948749294
1003589832
975134037
1072547045
849231198
940432281
940598906
995826788
1044656388
1020465392
1059129299
909217189
854340861
871058894
1056549092
852767677
1024818210
948667065
811591786
973522388
948505777
918873363
990570907
855880741
983621036
993012653
837184395
1001558237
898541329
1035468940
1008061817
873668105
919596760
890175890
1025561152
870655742
932697442
1006152687
824166809
1048413822
848682346
916159450
1070951238
1001097270
949691727
918768726
880972756
845149165
1016771974
1031971454
825056011
863140065
807719082
1052203381
1069046211
866778081
846910022
875410486
942334126
1036847979
891267970
962885165
971568688
1015847662
939170947
980848536
884913935
1051889897
1072755555
954469448
903593192
1025984171
842027271
818200995
812833370
815257533
807133604
810845256
845669024
902944140
845964674
1047028807
1067263734
1036254875
942413377
927025631
870593585
871444277
808622927
1043261054
873689633
1047169825
1071381720
906700550
949139162
972963661
819293280
885635021
964537392
868034550
961459606
866060319
974145954
1031731119
905470731
1052920146
868191613
1024924098
917788268
905577967
1021395601
1025734387
852220901
1007451309
1059804746
952106990
1058478033
920756681
924636968
881846775
945944336
814738573
863194511
1063435538
898609771
1005561838
835303491
935626082
1040296470
811788620
998475604
948912750
865109503
818782734
875752893
875094250
809651089
994034359
856385304
941965199
993429202
809091936
1012123234
1024170585
968084971
958239892
866571557
850336413
922169148
1027135402
1041992946
1007606788
912786893
897633628
1054015084
1051320974
851855185
824707326
873193001
809809109
908692735
1036143662
943813383
811355529
982177360
1071856448
958201465
1036747835
822220296
1006111338
828099074
937168621
852038576
823812287
934976679
870664180
935072371
832692211
897764287
881895751
959042679
1027446793
986740694
897338807
874780286
845603099
914695292
1005721032
904531378
967306438
956891811
1015878921
814581116
823642996
942703674
1032239401
1026792255
934018043
1018490775
1016417043
876988503
1061782266
935407116
928283553
1056323981
1030242034
1022332231
809474540
960826033
903229733
1039378702
940357076
854369813
963201735
910852185
979359132
1003915518
828089184
1047509913
983438336
851530900
889479419
1020952636
846487975
945097173
1017105302
987066397
825572520
1069784420
818036433
942548312
973748979
946234963
807628220
845875698
1023166514
809396600
1001953536
897821044
908362354
807871285
967617274
1040385484
944210672
864482360
1056353286
930786567
1039614613
867653563
987632813
929089054
869752945
987926461
956948403
931339300
897974812
1065555830
999127654
939480684
990670475
906670036
971157803
993276360
826727584
830637385
926917182
981019522
998798533
866574528
899788455
975608124
896977761
846011973
851115327
1056481317
909337690
1005133594
882683797
1029257431
1071805789
834030775
904596917
885861158
902010710
1055762588
874983889
929376622
813263136
951650390
978375895
872605037
1049826125
856650951
938931993
1027308182
824399002
839640674
924722325
994413951
1039028454
892687722
835855579
970979923
966985041
1024492426
1066890194
1015849072
835437815
876766879
884119464
1000420633
885007793
940950202
1049602950
999314663
816720025
1049278240
913346393
1017089873
1040387520
843922773
861879269
961818811
1052396213
875219384
905760567
854058810
1039698120
1037042896
930357849
876401990
1010053957
893025149
1057479601
917581680
1071743030
912363981
1056554585
1017045235
906468081
982101248
1053632436
1055205360
917246506
829945198
1033844609
948955912
890188561
949012131
881498286
970557905
848643704
1023931493
831496046
884178018
811407235
890678376
954392073
1011144427
966792486
916664251
864157708
847641317
948204997
927403535
981997270
971175787
996415946
984464921
1010782372
1019483862
906405391
857373092
865408902
1009972936
819355201
991592186
933141990
971262941
869075670
867108847
910504555
924271681
1029862001
1031643267
1030102398
1009355817
865247327
915253316
963053081
1048036293
865087506
1056152730
935717208
1037462571
921795529
847025723
890236119
852272791
816773481
1059760003
883871425
1035419036
1023992957
950277118
853911144
874255650
942746501
939281375
853539151
824124765
933587357
880607635
825156745
952650189
1028719407
1027894475
840489153
1016483699
830096737
904337704
969139158
874046472
1041534042
881563659
898511737
1040606152
911203307
923942670
982878722
1073028548
924939813
877695045
926116048
912029183
920240588
817920449
934263838
841647930
1061481279
873084877
850147980
1020016845
987031165
873330016
1068081097
880879753
982126887
1025422676
861017423
882784114
921500646
1000346871
920229985
861308860
1035162893
820439715
902672583
925096617
807610351
974078119
1065560941
973002332
863903301
990706373
1046539908
1006271657
838415960
917614756
868251023
952736032
960991486
948118281
820216999
879003466
830398586
814747282
924860593
1073508262
1034545438
809122206
968935970
893298928
810637658
909088618
887765037
883713684
1007346311
840206925
997842273
1014499685
1029957537
1001513348
847266082
1037335470
920781051
958471556
1067344691
898684839
822727869
1044481209
841725850
915920752
829491290
937080706
854281397
1008622128
924237964
1031425584
882510535
841286499
1053349115
935607237
1045685386
1066322871
967071217
869877363
1030435525
1066167504
904787658
850374409
906020322
1068918229
1010585201
812162347
929319784
928046276
1057527508
887252860
969161541
936120430
830748636
892351843
824464997
832263867
826094968
863980471
875681861
906767863
941771119
851514599
955582473
899098567
1024602647
1034031552
889409754
1060114112
872107325
989271995
1056374555
1012765310
885968849
953661726
814330987
1020126757
860223728
858970055
847371364
867157772
1007651680
940118862
1041202123
851803085
995157021
1038647505
1032738417
1058207402
925316380
1068859365
992459079
1060260849
903683509
989430691
1028053562
873833095
1037446447
950731314
895995913
923451926
893180957
894494268
946516946
1056757503
1009419210
1044990431
860269684
1010894470
967105471
1045881573
839305656
962094418
869696112
1021236661
1005734497
937950113
863435735
1033615132
1067400827
920128406
828551087
903477603
881976485
953234916
864448949
866598622
881654912
977118336
1022282706
832932379
873917433
895120757
811826020
1017691670
967020403
811838459
1045048942
917222743
815291395
914705069
988767231
1007467363
891658176
1065622835
941365195
987822472
950109632
862262029
906805932
885854474
1048381858
893270095
815177891
1002559781
1032713147
886854921
1062954750
1037125057
918887720
978576942
937265872
898223689
1070919495
870973980
866038369
904434706
1045891242
1007719205
1018084349
1015221053
938011485
816064674
820344567
991610676
833597157
919496135
928021277
992071077
859638702
851078428
852968479
816745820
932976801
1064111098
991717397
992181361
1005466622
839999714
1054414569
1038637435
1016830809
839673422
863592479
1042557293
922560561
1051686228
825436623
1039055426
892177554
1011087824
960371673
888367772
1021956854
928841236
816397128
806751911
856238813
1027416557
951121085
946571993
1025460413
883873086
1058441920
980807924
1011113452
979272289
952057558
919928884
949067924
833903629
1014892905
818749309
1067453497
879687484
1008499841
810517139
1033559000
898718028
962883741
896339279
904499129
887944238
925335523
1072069253
934654390
876506147
1054414662
1028589455
1005129939
1055671467
848039670
890341037
874063338
1030971702
973307549
848326821
838531055
899753038
1059142696
978702175
1023173306
853954148
961844458
880143251
899662395
987537973
945969443
938779438
1011188046
1034946006
942113148
859888278
949106796
1068533844
867082298
827980961
934431385
921188639
1027574045
1018694049
1050009763
961840658
1031106880
970257407
1045647580
906604317
904672869
1069089840
1047054515
894490527
926261861
985968605
955118448
857808710
1033923957
848611146
1049892061
989309301
1066097047
998857239
842770781
974013576
1069237914
969779630
920020641
979044439
938983769
1017477076
1009226621
1012020212
976313496
1048157110
976093390
947495200
1050193105
1042760423
864562404
976444458
817119986
943514463
980821616
808977776
842296938
875945937
1034988785
856804285
1054873823
1069540417
889651091
1062453739
993758669
859611919
901871904
923688922
934684283
815402053
843818030
871302539
1056968397
828436875
907284020
962577200
948429861
911581985
900387040
952798586
1013616453
1038129229
947819728
1055152764
904504071
897595682
845663877
1069909579
988957441
1008698684
1018047977
805723861
848742698
890500824
901790941
898681944
1039864955
1017353833
946610940
907141502
843190112
891604810
868073746
864749503
957264966
814487703
947123632
875960922
881282961
997305571
928856559
828078826
937977823
922096177
930624960
872499010
1030655682
1073518928
900420909
829607621
939197248
904060392
1058350262
820926755
1009705740
904808687
1065070339
909955292
968386764
1025310375
846982744
943426673
935568168
943877402
826423829
967618028
1022205519
966944845
965447957
996993226
846464511
997555394
885717503
969631355
1008728225
928531699
1068363588
1023308029
1006060533
995912548
872178039
890216688
887895705
1006517909
1015773787
873280953
961620354
990813645
825364795
976915448
955745159
884741128
1018827297
814370034
809492487
956815493
911274603
982274981
805940577
915148972
857477317
1058628778
805752688
829702218
944078684
899960947
1055313635
966025422
866302057
856319440
1059439909
806461176
879698281
838941500
958674062
841387591
865304013
967673051
1030070225
903483917
1017838030
899810331
961207426
976829519
914671807
921042368
962367814
1064175129
821562701
902235375
819752909
1064140940
1053913629
959323206
982972947
982498915
1028345033
887560911
831055699
816815386
1051831624
1018146278
974805913
1036740321
857397805
858993952
854742298
960759525
829207193
1024361514
921584744
868409043
1020545324
1069837876
813084091
965631950
1035803347
981438072
1046670130
931002887
939797905
1017491261
940439973
982041036
903214599
1050034824
1015069725
899199722
1032667267
1029046936
987141984
953618632
916385258
1052548236
896322663
943892072
1039439921
926635092
1037185414
877992021
967737102
947498245
948705675
1043718888
919165581
952534846
830724754
944052246
856603959
953708595
831331676
912158431
1022397053
1056920402
954007827
993317195
857451200
864062588
1071393822
833380417
1039577047
935081398
862671015
829477592
1025456841
1011192519
1048474088
1064956343
1043531756
996857062
871846915
921607328
1026426523
971814104
983139355
1020936113
1015623337
914236190
973950388
819812156
918259424
999685592
827213849
816367959
829638405
1006292697
967829548
918111449
866583303
945460402
1047986289
845467396
965604481
1063875624
849933962
954283873
1071523969
1007053719
1059176462
979165468
1047740381
809349413
1048496295
1055713079
1007884887
843704175
896121371
1051108175
926781871
833759496
876090843
1068915091
912429605
1029625603
973279974
1002865164
873431027
1024479348
830800144
916987331
893596470
1026258522
886623647
871614606
826861515
1035982979
938109934
1026475940
1066995393
819440863
808386564
1061859236
806895830
839058079
1065227110
898379110
953862569
877776148
958844859
810391276
899219449
995982741
843076566
925531223
960539813
889489995
942882395
1032167880
812194601
974517047
965646332
952958609
1026170132
955894725
1007233834
944736207
1002549738
857052505
1029634619
1035252420
870596034
881496957
848717338
919520752
1045696001
865216285
874618670
1042445665
880223889
1030481653
813613114
936307170
973733093
1067304152
1009344460
983635955
1038529693
850371122
857213770
899524752
967504859
868063760
936888054
935466316
819647755
821862706
944450377
806007234
1032483263
868615213
1064648781
1014385276
1066243462
1053730800
948020268
941697577
968236477
1022601504
966236171
873345923
966012272
887676787
1000999519
811540342
978213740
997750625
887878299
879336783
1006936584
1009348736
809328027
820201643
1027990668
872386036
1019036402
828210739
967567459
1067688176
932774514
920258434
906818515
960467846
829488811
1056141483
889899682
917760118
933772858
853626105
1058585525
984071505
1041333214
1063615610
814251305
996858257
863178420
920393062
999725674
978652930
967116304
1070836953
925362601
860571572
927334328
1004634634
1055419325
1047898980
1009204571
972608160
1008562867
971686101
1048039339
998407268
1063739745
907019773
978657556
977519416
1004877954
928327200
813752821
841300938
964991613
966406729
924417403
997901349
822819450
998748215
1032480416
941594097
871090593
917671557
1035357704
1041894091
919323600
972814157
879818274
972048670
1026432664
967426009
1049866193
885853269
1028696044
1057297340
808536662
810672775
909947451
1002691350
881738119
945136720
999183430
821235673
895467243
968501308
967456726
847228384
1070957953
850238827
829449259
863298709
1003560858
805334606
1052618433
879236845
821745463
1018013441
929184235
809336638
1067534575
1020816953
1034332541
928668952
1034761301
830529893
906375038
884926430
917861024
1047470763
884788845
899462947
841183855
846307067
831332202
955705142
1057105149
969010785
807547522
997411727
874800084
1034363833
947557485
918692123
979196217
978663614
1011196800
957249834
972429837
815214819
875344539
913890039
996949260
930436787
1033526631
1071731206
818964004
893118531
960194544
999767341
858655083
1059001961
951986226
825190890
856775454
866703344
827550036
1003615603
945241143
871115027
918445506
1011139042
915850444
839200322
896401024
887216729
986729987
807330388
944574172
917080468
918319797
929909109
1050491753
1055458939
1058004579
1055642005
852437982
1063963219
1070609488
1006622807
943265935
977131412
901699953
982283057
975535072
1027006368
906686752
933554564
933448861
986237188
883700270
877150865
853922817
862612699
922202341
986217503
1073181596
1066071388
871364663
823107583
938908337
1070793213
981689024
957328956
1048253306
911988523
815687845
1057422773
834329430
875180931
1032077443
835713487
893779762
808006532
947348568
886001065
865619675
1048149541
980472778
982120484
926204229
847868614
959116879
1025186703
958957271
993218172
920487382
1047185343
836383962
1046437895
867576664
1008479644
933728477
873067942
931493117
1049338634
837141255
965561067
873107317
838210591
857727334
850163640
928002709
885531510
946835024
892296335
974406149
1070467128
973985295
853388336
807433691
1023532460
985866028
991560292
883645138
1061349659
919605626
966687579
1011794034
1020248207
915651675
1025420534
1055595796
916341401
856502795
809127802
1049693539
1056317758
819303092
815189006
870203185
997745448
947157378
1014330849
899523889
1033180401
877656794
943509434
921797655
888791008
809144906
838573060
823894205
846630632
854988588
838319163
982921318
907424015
878390728
1034592371
1051075304
1071875323
904210160
855696961
1035774770
893182588
1048032100
819847430
820421700
1008521374
887105231
876414276
826749878
998348409
931175519
1062522595
932718424
813469925
867339606
929281731
963215095
908583416
918649058
849252797
993989210
953570016
813040065
1002052086
969728244
808466735
1000848670
994567718
860200509
1055439355
1068044466
878044612
999090900
920526397
997394301
829352881
983061461
911151408
830479962
890086136
929573090
1028591723
979775396
990791770
930826207
1048604874
917585871
1012492656
949293714
1056753415
890510920
969583474
1049670955
950382969
1061747767
858195292
981818983
904716147
1069348412
877277922
873838757
1026773381
876179306
810436546
1041474833
1029515598
1029974903
952576270
944206787
861697926
826180857
966525342
1007650460
988670790
891678798
915226036
931394117
849975217
1040454631
963714487
887610559
1016235987
839947515
939814702
891744508
1048520445
821909877
921177193
1073272651
936446961
929875180
875093700
903558027
1006234961
904846251
851276580
989747365
1071496209
1044074225
1016671275
895689000
959961827
1052059533
953420276
1017039518
1018980152
1000410974
839146071
884367387
821638714
1005482928
1000007295
871521925
1025738403
883416745
916500015
915353245
842755847
975023651
921854991
991776734
1003331614
830804490
945345358
822813723
1062968180
825938155
874319677
854792663
988158978
962636780
837961837
998801240
817015918
1032957566
837104831
899399526
947499228
1048284728
943154629
831285154
1016282997
819115928
1025679795
852939078
883950633
992851253
841474575
810647854
878845428
982271195
999583082
1011672064
958898959
872919698
877447944
1071748708
1051408146
979476362
854263851
1027434566
994818412
927689814
1072052831
850102176
995566258
874065643
958812685
1003846626
810186964
950245472
942460239
902309481
853576779
915214895
989598773
1032613216
985481467
1037594172
1046483461
976121371
964318494
1017453621
886305684
998915227
989272858
930942670
832378944
1060295205
993222111
930783755
968688706
852818551
822429799
983816106
987601537
826820327
865712364
922719645
1010448067
865581794
952517185
872162950
928027996
967505908
1003097362
967650642
1034181092
974432769
1062607140
808171988
1065538937
979706584
897493617
836819157
805999760
984694066
845856739
943735570
901761802
1016983471
1054089877
1068143591
891356734
1071389100
858751566
989703635
907078791
1051648875
876638602
1041005536
866858193
1061989441
870210197
908459567
837435778
1017573737
911654754
892425259
821476788
1046427485
902676224
949528477
1058199956
857501125
919670928
1046436368
1007875287
873809005
837835038
1057303719
941978812
1006292856
1057111156
921842208
992552873
915898290
997262608
1060643751
860825392
1048281067
925259869
852559867
853769818
834806175
806467535
885912503
987511508
823811313
978252802
896939471
845759560
948678656
960001119
932430628
1049520722
943415128
1008399023
999493694
875101166
1014212207
1061471978
893139091
869806470
948723009
952537101
1063618926
1044459864
958046955
830419870
818062761
1007069786
952962457
827208356
806999081
808781265
958152926
1027578540
985467596
982324131
890670140
1012926441
934344948
974776428
1033423359
1014870823
890056408
982098405
857465599
1021634081
809044719
1011049436
901076185
1007409999
903426501
953579646
981847971
988044279
815439375
813659183
817751071
971770258
874967101
898026337
853324343
819011514
842574011
1060058650
1060522011
983340086
840382895
1054855830
952868763
1051634207
913046592
845520545
849192784
825554528
975350907
1062283112
902808994
983216023
981452335
958492044
906722012
1027242583
1016432861
1070468586
958514204
986565486
964171782
1014797699
808892942
840805231
990437203
935346744
918022700
811529735
888103791
1048865657
880642628
886941333
1009027926
840196718
928204447
869108249
840213728
870945302
1006992568
1021911492
1032921096
1009196114
1068173957
1011174481
1065015879
811673816
988883547
809877480
904851766
984099211
915566440
958721229
889899425
985889613
859159128
1010404212
969929089
958300609
825262898
1022996767
911925451
1043227778
1058819325
1021594429
902965535
976351665
1051996770
915908176
851427571
1065696664
986611164
979211168
868865756
902783596
878145607
952496936
959064383
912449474
1058024590
824931958
896910618
966656142
1034737948
819745446
846686063
891412490
835379779
1056584501
1033649671
1014244872
867575920
1051617487
805381956
862974105
946803023
886161095
1073324498
821739967
1000453417
977107913
835563937
987598008
1008804196
865284141
994785934
915516436
926419389
967343772
907778776
997359507
837869188
1054926405
874134110
1031653876
946062938
934052954
1063379180
1012957105
980138388
910995676
854981291
974858571
1036465640
1063252736
870398467
1049652833
1055031289
977228007
1063104560
918103265
1015127167
1035518548
1023282142
962608301
1030202887
1009317512
808763616
945555808
823363259
859390865
925249107
890392134
956439884
927755621
931372371
907360693
812547612
827252479
989582947
1029751203
921666290
808479425
950357961
968358415
912878972
893754506
936837298
996238200
1035929179
1046509435
806430813
1065521776
1068502405
898045607
1002168747
865957872
1059698942
828814242
957244340
924061188
1057884407
821747373
821116137
978522642
1062060278
873663085
998166744
807782761
1008850446
1034553962
826313276
859802484
1046332000
1073418016
1001788758
930910627
926947617
1049300348
1003351190
1033799373
938730186
1006458785
1044762423
1051528375
868564196
961046797
896408068
1070707296
936365094
943053921
814902171
947084590
1056452679
904049607
1031678010
979432105
1019563330
1051219853
910568519
1004202121
947407666
999961177
855145905
1027338309
1061557874
1046464271
990396559
868074201
836739859
968383751
1021464154
975880712
849012919
890746096
967521158
850014611
886224881
963497240
1044287631
951599656
875635647
930251966
1066786068
1073450362
1033720604
840174862
921134088
912488607
979860491
832402763
830999477
993081026
852169394
1048873029
981200830
904552305
830350451
930493305
906272302
995770104
976069909
853120778
918991620
1013593061
860030274
1001603451
1005087021
1009892490
1056943613
896742436
939062712
842860970
1066885859
1007419117
935106446
835664718
877001110
925913488
968404872
888239317
909370244
875244466
961900698
957441673
1057384649
1044639738
1072898625
1001955330
809977997
826905278
874244725
813992422
1000952870
807258322
851024517
821088643
857648982
828780327
1023394237
1046642340
1015206574
893956668
976541156
885667544
994791146
924766748
836164401
877671452
1020322397
1005259502
1061841970
806793831
813305955
912011550
876353522
941102258
1037743856
1037280462
943987541
889161013
861359608
857767397
969039948
942275339
945164127
900483506
1055173865
1024808047
1010582003
867552614
955271136
979215075
975158766
835068474
915440759
989611414
1035790360
841183468
840271195
833682889
888816676
977929841
835132521
1070831275
842025960
923375323
1039342265
1051438576
838721426
943516004
952492711
881825216
976269397
853717320
984458218
1008981124
829201043
1012519138
957707281
900012620
1040240829
912598837
1053685049
873098945
846200109
1001920599
963044355
1060900293
1051130851
905724193
948138480
941988762
900742104
924804237
1010963363
873853716
1042811929
1038285707
943209812
819050364
847729321
1016176540
1070676135
874412417
827016403
946029309
979595683
1069951473
818900075
969297170
1068020236
813731604
987664727
847763982
810696718
1020794868
814620269
991563822
928290670
837196154
1009043433
882592013
1073653166
909872250
978948663
967345663
998535234
967873425
1002353239
1005500804
880918586
915716426
806911727
842754088
1067497833
1017686765
813564040
1013619787
938650642
1008558215
870940291
926766983
850924288
1011766676
930675919
1043196637
1017550566
924418299
851592817
999165483
982033227
1062541511
812839503
1061586158
1028073554
874843818
909261533
1028151126
851911818
1008074237
934501173
996194123
883310962
894267401
842375786
810935299
1001850183
1066067195
862078703
848757462
948574731
841657995
828717224
942399263
833919465
843756269
1059715775
878223451
933682511
1003193118
954761099
999030076
919895922
976574187
865513964
840455139
826588264
992333875
975177229
1035746187
1065485514
857102339
952658679
819995268
1021382919
890441317
885958278
997787158
921370942
842105321
921556009
941290803
872927871
827647350
912718353
982604557
1063654903
941175455
877961086
963215240
1069726692
845120942
1005375897
865459817
951225906
1050538856
1064591279
910216500
815960293
994435266
978933467
886628866
995205641
959831206
839651785
927115180
914127168
907418272
970420065
856792507
1005416524
921599940
931080232
942059552
835486814
871705569
864493861
961392600
876584681
901526096
1058127967
808674319
869965606
938408748
912463692
810579708
851445975
965271565
811344941
897729461
892344878
983106725
994972946
1069697585
958970864
1042597448
1033360317
913628060
860103887
880180616
997872912
1045242906
972361808
947990005
912708546
978932430
816725266
971238921
1037252520
852084857
923029608
824818864
809449044
877838702
907570227
897779022
968466514
831103989
908338509
879592645
1070587036
1035696246
1045579629
875887318
843046722
836880355
867285580
973511029
1047815192
949911946
912477731
914879493
1032205890
833315080
805557661
1015570819
851035963
974997372
1051313439
916008274
845260472
1054585915
956564727
1071472259
1034649407
1061653886
944969700
866205799
1060003190
957251976
826351873
966881600
937989023
1068422413
958668670
1050974444
976958269
893164964
851201854
890706969
929707667
1038750151
888997905
1001424293
930697890
949402898
915114869
806002732
831034608
836363149
949898449
952854132
944163954
1029455143
993361955
977029258
969140707
916107852
944581905
922006155
873340150
1031373615
1065806354
867034914
969631043
963912885
836016698
1015359853
875039995
971037969
900568080
1070519341
844574648
931603614
1056190837
973139163
812253777
899553473
810336502
958399465
1008050653
866762859
877278696
807069415
815026389
946567087
998915398
831699720
847298847
970205060
904382284
903042701
929871699
1025786499
988466871
869227022
918923735
947217681
889594438
898323578
868761550
869068139
1018700092
871558043
1070395596
1067717809
968460486
988990963
982501638
944204661
951707372
1073456493
902892738
903417467
812255181
872641442
914601532
958438907
923433511
830262272
959673228
1050642613
998662625
1005815667
960628236
1023442440
1037586422
936601438
900767440
920916942
917818425
914749023
853536293
1059675386
1002477009
1017072555
895369274
962337893
900799548
1028663471
1059924214
831567383
898081938
810657399
819634653
866282195
926874673
1025596055
1021668985
958367089
1032612437
819258142
863409735
1039187901
1031587879
1059745701
971077284
906415122
1047714143
923688320
955693788
887504960
1037560089
945296516
876375418
872548049
1054749030
938865485
867862855
898288300
857616535
997192817
952924385
991472370
1038311299
1011137653
955323843
810163249
1023892882
955800978
861426338
855867485
1061026627
985773133
985317548
885784597
875014462
916824219
1031794622
890022791
847225346
921454860
1061120607
837338144
858392199
1000503235
834260474
861906921
853366650
1021907925
896524968
931911851
1056134756
929462714
1039096585
892913529
825422586
1001265606
946932677
887963924
884009001
875005304
980278800
971069183
1009890281
807869174
898928155
910105079
1004785974
930168508
1068809589
950299512
923039623
889524294
808581923
911952737
966927420
893977493
823799636
954758451
1072965706
993437697
1043344173
866680905
1043463581
919331030
893168124
1056518509
1017223603
872756923
923684908
995517504
982251232
1071817972
948640810
1025879960
883256445
870432389
963900191
1013561178
1072044216
1044761304
867377273
1032060409
992445700
1060475233
840033307
900016022
880535751
825671583
973872598
987543771
965630479
1035831965
1043961445
887615092
1038716881
1032318551
999921975
915210136
1017891721
885827160
998477557
1057460526
1044436307
808289175
806439849
1058413956
962717254
1026705774
873345677
1030577829
905456330
973560871
1054395754
908128983
865185200
821974185
1056894372
998865893
986257433
903471828
986839895
889502008
936370109
1002492399
811086207
976332281
981463891
1015083112
980125482
980614283
927895075
894609691
884671842
1069490034
1048904453
1042905056
1068625052
1009345418
943168847
947570733
901460424
1054325928
811957340
904522903
944316242
953034468
936244835
993125229
845854712
907322279
983924649
951136501
947192754
866477406
815042063
851288570
1038733338
1010141421
1061716571
847530352
994115411
940400086
1071496878
1004144346
924143163
806872695
1053979635
1025309733
840932865
845104038
995784455
931358810
1070034205
1019375824
875311436
857613639
843083477
979493624
964636854
860462686
817246028
860108055
880235048
830978560
982001212
879053898
811334080
1013577554
982925004
875721763
936005454
910163745
849169501
1034662940
987593074
957847016
1037546797
898746686
955593343
979353599
899143486
843571768
1030552051
972112504
853200774
834484331
887965905
983696752
815572683
1003735061
864466226
949306820
973946213
1006221893
1016524580
990197323
887830635
955446918
946762083
1003526497
1053156944
1019601941
945634969
821982647
1006922154
893620173
1059011317
1020190535
983451486
1054843248
952784951
982402533
950765557
872455900
858872087
949259088
846005622
876872013
962654237
822430555
945067935
1051947249
851580766
941431175
806266368
940643590
906747165
888969699
1019999619
876412838
983216733
938635612
904899116
1038890455
847153203
1020503669
964838330
1054124934
821207333
1048944076
1015398122
939933992
885736602
855158904
995778082
995663080
992756265
965403069
810558857
1006438399
1070085447
1021847175
965664228
895515189
842035170
909966596
1017035115
974710669
815652223
824344623
1061352146
878986207
910814902
850474259
947081151
1071799936
829795260
960083670
1045522975
979249411
806710263
883006801
1023243087
947227573
953247766
918900663
923507541
899402296
1024881288
873262061
909699945
994065576
1009213264
911158490
969947246
934842947
1059736607
1064449143
944469133
999294344
972040708
924918223
901029049
1022305113
991356114
999925862
1012031882
893845396
953175016
934973759
988327504
1001670944
963749170
960718901
909410390
991550419
809690568
868793976
1042007084
935110190
998547303
885587962
989710930
850327113
809560625
1064420547
983407575
909823719
1021216925
876560022
880973152
1043125767
817744142
893243207
817204686
827548655
900559541
1046530109
1031817590
885285846
850421680
960988033
998274792
1064969718
920769640
816057276
1039119295
937362300
844108568
866329193
859848734
975048945
956080875
1050026318
1010277326
841041491
811616190
938793686
1060366160
955003308
1001694606
1051495836
847892920
927207854
940585821
884470187
1021429888
1032348042
1020088014
1033792604
896045920
920863339
843836425
1050360914
818971167
832637827
992933655
1016482271
1039869296
875326007
872537825
871507506
925844236
931601233
861948459
955947742
1007715474
975793860
1070767187
984264572
931287783
840845317
905484013
869189858
862920223
971607278
870843828
850112591
825367839
948753791
935698514
890144815
913988400
970069248
975353344
816875273
967390877
1052771730
954574022
850878243
1049601085
987108540
913951223
987353101
1060001833
871386589
958848346
1011638607
987009874
1040464469
967741842
908835484
1058121051
827234765
887040913
968113148
953360228
1045325485
822223889
954009664
812346289
922446197
860377999
1034024940
982369489
1054729615
822058168
871511243
977475874
956943813
1053999306
1015319730
822666939
845586457
894748221
821473948
959207394
982153191
1055945063
858235980
962684255
857414304
980579794
930811356
928934132
1025400875
1037652682
1015269319
879032694
903194888
847368240
931031186
921865250
1055918187
896068076
921305044
933585325
816444507
1014206694
985628039
1001598922
980562341
832702009
844402956
811934082
886539728
875765432
1019267035
970505260
1049529473
1063528121
974163550
834920520
938684116
831357620
1020601543
845612881
903068154
969249067
1066061727
963882887
1000621162
1007006527
1056947511
962611749
843600864
972543130
1066833857
1041222333
851237622
815734398
1040955293
1018819045
989996585
936358164
1036220944
986593482
810642479
890739079
939575147
924503652
844704368
966762153
1029880836
837565189
939741071
1068162265
883323188
1030677238
998037196
1029250745
848107460
1006123838
941231946
809928876
1028116158
980312331
833793979
1048996233
889667432
973522118
1037668250
863449580
810012601
853468628
826901210
948304435
1028774184
901897279
1011347678
987894519
1026602594
937474111
1012023299
1036252554
871054014
993663260
834843687
1060217979
876443435
1039998316
929484462
1070066237
836678485
844163480
859958430
1041660730
1070830079
981267046
1041261366
959562734
923544604
917498663
1041653330
972400989
934514147
868675476
1037051983
824616332
939201212
1042189337
874911298
970134532
819068892
878439251
968308465
1046115818
1037448042
904339802
888480459
947518238
897233706
1059756525
1060710157
947844557
836596339
901531477
846427921
1017528915
847641196
842012970
1022135217
945991078
876596112
825042932
1055731345
1060590227
979822113
901828673
981886440
1031660798
933187954
930686997
965811831
844756395
937198781
1056411471
825336386
1004522184
833407462
1027828171
911627656
865538420
946458357
952395839
1056357459
1048278906
880307289
903133350
1051786607
904084811
995929985
924252002
889731286
1027192851
949496326
875578982
889725338
809751342
998522663
936217096
835152078
897854369
876833176
943460300
817286467
1054520406
1030863479
963536890
848499735
1060381050
1018115126
1042287955
871821126
954185259
944890116
855370163
961401538
870274177
813699392
1032328348
1025618311
1004546102
943310130
869178763
1005082653
1011202698
986191206
929188640
914080217
894245379
816963272
823156898
975222324
893080743
993803126
919036114
960689351
818289238
1055301381
1008591462
820713401
836735059
822240032
963417889
963791620
842774035
864370392
1028765726
910551864
964465417
832458014
1006315042
822397569
1031633752
966858705
863170249
870696244
880418083
1030636060
821052282
1029005118
879734276
1033778300
1039580530
952496990
969462426
874221933
1048390115
958361808
992010049
809604990
956702070
973212450
857752970
917489203
893589140
858857453
996152443
908456498
896040178
990850461
1036973723
832773817
919271132
928233437
831619013
1069289870
843300950
1046424764
1043979261
907305907
1008933377
1060341464
899878581
1041207660
984509911
862300493
1072800793
846928252
1004830227
999441481
942614984
977473038
875419039
939209843
970080013
1062954810
1008758798
887041735
931783573
844166626
933556633
978051792
907870723
916865791
1057275660
973787684
1008600617
1056659095
933570742
853307449
885737712
1036985174
945093475
997564166
1024668514
1003788866
908344176
907380852
965616118
982905019
867200182
920654991
913566600
822200251
883528691
903089129
884722255
861785380
949478664
1040958049
997402539
1033600922
1004819614
939810163
927701585
1059692823
833050288
1042450043
967769895
960675251
858770767
852603672
838495062
838359586
938535195
1041361203
942381466
899008267
1012037252
856615781
850045543
1067135984
981832202
954157317
998797286
861481110
814590313
812131964
817544505
1071712333
988755454
827228199
1032258314
937056994
944097586
902877528
915336404
844922677
854529893
862849238
906385012
1068377986
854111934
1054546710
886088718
967500570
805582015
840485051
944025309
1029124559
1008748891
1032806753
1032024906
819957234
846282737
949299224
845626494
843178643
1040878670
946294817
899428397
904153655
1042793877
1008653440
866964652
890111947
1010976848
992405814
947534920
1066253589
837149770
1069280827
1050626128
1032469872
1010560706
839744411
822406826
1024529396
1059503414
863914536
950653081
859606048
906351762
901674967
820816996
998643078
898014487
983983155
1028714897
963032400
894306025
1015458727
960896412
1066238447
835316397
848278773
860445487
1012028158
894206971
815587348
929137210
908668527
996413064
843340238
1016195539
965975829
1069864747
1034250522
979228635
1052968955
833713022
1023255331
979731809
1003919408
1052606217
867021771
929389745
847915037
957015194
927638491
1048181645
872880658
930704026
805985811
1042561730
1073310691
946276187
928704097
866384562
1070306251
938923213
891450585
1004611014
1050903120
822389011
991455048
1038118725
972419252
1015362982
852715072
933858009
1024855132
862811118
936840885
1042781963
895529188
878070008
974859669
1001916145
1067499281
1004783892
855076636
984342688
983826506
1071114857
864624197
928514227
1071315338
886244186
962064586
927608392
973797270
957915646
1052799005
885962318
1036926271
1039564085
849589226
1064957489
1016825451
1063138077
818907572
980284490
827580036
858753764
846312967
833677567
990601414
836323217
823523979
845527197
1030634508
922820921
904728631
1041390514
817864989
1039209005
1033473115
1002036820
1037561729
914167717
962825669
842661630
818135780
1014581981
972955315
812154645
954342954
906437893
940325168
989581120
932319398
976791973
872850599
1017714180
899363458
946931202
1010971251
1017486816
1034672032
1033724339
851535173
811247459
945584819
964083482
844939084
899495538
991118080
904559989
842893042
980541538
1045464573
1038741770
1038243959
1061034787
893123362
971989671
860211275
945043054
977475497
820484724
971974531
869178252
948306909
1020300863
828738146
851200181
974544296
1032264560
980215424
828313420
911717861
1029444758
1010757615
854146017
992927247
829637135
1029126554
865163595
927907133
908449771
856344601
1010072498
905229117
836609465
1053285187
891675216
1056429504
828910210
1069876162
816966900
886091363
901609665
806392687
955525394
1008575367
930071996
889040796
809620143
994466581
968460845
811472637
913581860
963524932
910721048
1038097976
938420037
867900268
866440775
934519216
1066578331
950835584
873908179
876571342
951183628
816651897
877882303
1023892238
1057030562
888232347
1063279559
828899843
1007883694
1001675617
993920529
818059788
880781424
914332399
817448279
1021650465
920018735
929494993
990697451
870401932
998200638
1020486085
886523761
867817648
1062647117
937705909
990744885
1001048569
865855167
979258773
809565514
854009066
817190948
991129858
936424136
820303998
872903019
828335573
815929914
928339613
1043730228
1053514682
982039168
820046661
942196778
942612998
812579300
1060946716
996488564
1003046051
999267969
1015706655
845102976
1050530008
960018847
1004562506
918066499
892218828
894323462
1064446071
909089055
889681612
841280108
983643152
821828741
842008401
857684407
937829565
898710923
861339310
897675285
832166799
963140441
865907479
997882668
956020162
1025726798
845275798
896533158
949418775
891753554
872218658
982273528
811975580
865669412
1033354326
1012784889
847731326
1067992442
968479024
950461993
904752276
891085291
887476722
945167325
1071081018
893878700
1008487780
840922601
946429706
963004567
842616904
916994917
1040643151
824264515
874657013
868384559
974270188
845324563
902092894
944564513
840062938
867234945
955786827
1009171628
874637807
975134238
917922501
828763365
1065306089
919236977
1015028465
924269801
880301993
906726148
996858415
984752830
1064454417
967633979
972060202
944783276
861157407
877264392
817645583
826990409
916448994
840088456
826304628
898391125
909805755
922260747
834797665
1007511871
926714962
1016749962
928875643
912545988
1046958871
941107783
949662984
849849654
931420611
1008544776
1056578543
1048385426
1055854758
919311929
834063853
994805682
841241954
863949650
805533391
941190276
1053568256
988987652
868771541
877427541
899943719
970504331
1026353044
947990449
836672710
810743803
1051404076
1005796153
987273850
955033720
954664241
998207302
1020858104
958262976
820547690
813088202
868164079
923394470
1073296913
842595900
913179690
952812881
1040784474
1054034429
1073120294
993880167
847329227
946694686
831505312
1067990398
1030572277
1073124098
868347004
825443487
895484938
946454594
807963464
889108304
1045493502
806617607
1005087955
819016511
894116893
956684157
974717524
935619934
1065679230
1071281690
1019687941
1049382356
868939516
841549053
1058527138
952084343
1026538496
898354310
945052769
899169169
1008581082
974215761
1024625020
963192907
932860008
939051528
909797587
1026115032
976523095
951648380
967368972
883300242
1067069306
855511476
822997163
982294729
953736686
806266365
956138867
1033121038
975789596
885864758
1044488748
842370779
1066249260
1039489192
1028980254
917030576
953128627
1040108611
862306014
1054728019
1061880154
944165864
1039018417
967299246
971710930
836566241
1049835482
882015657
813193138
957465195
886942202
1044921629
980175619
858459963
864050408
973760884
807234268
1064490980
1064398355
886745410
873418050
961180883
929125206
970647441
898711194
1073399890
816371767
945020804
834817770
1058340354
1041791891
1007647192
860842760
939589640
1039824390
966084614
968425721
985170443
1022203662
1035970217
830838375
864736576
986243513
817148368
901482385
930723433
1000035647
826066852
917489861
894829749
931365863
966254061
1046298689
992982093
993353600
827894975
971894111
807463488
865697915
992998669
834380801
924155758
1000341594
914325871
980383032
1033728763
864861635
977527700
909444192
906174938
1019790353
1042749567
830679295
1038151707
929405956
934401730
983719854
906392718
1043091838
1016878799
1030543411
807686687
854033965
984122028
917468952
816306973
1021729564
939185604
923829760
941914071
829211868
851357612
847355122
863710596
894550969
903018579
875514998
906388245
915399412
1032328186
989000406
880585871
815956054
877261130
1059618002
988424050
920863638
1063059048
1045747787
824701137
967017297
