649061628
803270900
670050205
626558240
538719568
677955067
781873874
739650180
671999036
743796700
647981933
796878654
716723152
550951196
718636570
636660925
725212454
578549137
793946125
745717242
566087849
654843526
677471630
551590229
620537498
783370573
635910414
769823801
775067622
549648090
687773462
587823014
578962425
539898041
672511062
667695118
751777602
563894967
756376076
611468873
692476849
616813949
660738827
543735679
608923091
699800659
622359800
589125940
636356175
545136075
697884540
613785895
759333276
760743826
745176740
627955902
764191007
656286783
546621601
774779850
677650056
588652009
660718181
648013012
597779288
588638449
601897086
642227084
645661412
557528789
800715378
723847845
803529624
730302439
768178857
802669943
765776282
667015376
577195142
741482804
736324740
732745123
608925162
612594495
746112945
707342263
541107812
804793399
587880234
707118434
617695879
669369963
559241474
599823419
642451206
587459065
613539588
739184818
544117685
588376402
654174711
639031304
648109647
776377465
614418927
624949003
665672872
766231640
790502427
710532142
576827513
759016046
804925684
630358850
591717262
554602826
548283323
744830140
800047997
613586986
738168240
781823463
597937394
636074846
643539737
698948534
640515161
786475782
696735146
729161398
687594459
673843852
647852770
616038037
660309089
786507854
545154159
675907952
565866287
539942765
798349566
553780492
579403879
701288361
728599322
672244233
763210606
676534889
540122721
775800592
571574636
550965532
785611626
562201179
772240151
781246050
618323671
608534027
769289686
772941487
695618448
579410219
752596215
682971296
643077838
771521180
693762297
655957301
548828963
611924353
655254051
571591961
676593431
619490419
605480796
786899476
610012825
753643959
641966744
700070267
592418473
608057483
682659247
612013823
574527620
578421515
727689232
640786422
609409911
711399918
637667229
632230368
785007883
701245154
780931824
715617517
608977501
794550473
793939210
800659685
541747952
776655388
785005100
666626846
717809357
670327370
632209869
702758023
635266086
712593306
707860560
679277984
544407549
794362457
676376152
623179157
737917366
559542586
642912914
629436119
640918154
564734653
726107359
668328567
765577402
762414849
689880025
674533119
702366756
714221499
632848742
775061960
560010626
706977811
538510343
768037569
713358649
804735665
606161342
768542542
776353088
731928508
649882876
784222884
668813139
798896037
685223348
671514197
546772574
592202393
795955496
723041975
748689118
617510065
776716326
735390003
675740828
657321039
624017863
771491110
644367400
546717186
558835465
702399290
583375955
800119782
754018958
803358283
610514088
590366346
642056241
661846235
788664934
563537005
648880859
762763798
546572444
551087900
721319157
731262194
635969702
800171841
803667176
675942585
538429454
651208712
661627314
576376612
771505073
738152338
552574486
786865401
716267150
606249061
728025919
711347546
611441650
660638391
793031556
617948437
675232007
608103893
566947544
695264484
729620263
550691731
537598968
737785766
636401694
793442541
618588369
786423626
670773353
709707832
607895266
715646385
673098003
711517398
700277675
617984401
664594341
717156301
709886947
542174321
684346358
770434848
582835117
753342723
571140165
554917035
739178069
756806989
589686416
621280477
719635527
565192001
686226017
730057372
667462347
726776220
733516838
649029942
791010725
734812439
711237904
702211367
785558229
790834451
558515988
597976357
558345643
715265581
564306687
794409137
693524162
789700946
574261455
694240405
544740476
569690758
598614320
692150074
767044535
636576770
782394337
794223380
605088824
740401056
596475856
780185588
742914112
621603486
662930921
671921590
678298847
658111937
636763018
556797341
740166707
613694988
730125264
733439657
745834668
627765145
612224915
776006010
662393142
568071818
723382220
656551056
704559893
590982055
559192503
647807675
642689813
656858397
587576298
584109893
598937942
539905290
677332908
550961674
660817445
675437447
698117415
767566901
686007915
626664080
546735289
538518672
762095279
576545073
742847805
644216277
771030805
546087198
650024976
604346681
785260526
744537994
707834156
789952331
768158636
774109490
681516982
604777591
758003281
582641590
578515167
656672005
694866471
555453875
539890443
786156989
656134003
596809285
672509188
804486069
780557322
762060005
679068195
804968188
719915054
553523203
627781902
773087786
780249733
648671538
767545989
650200597
699576119
604233766
677176223
791121189
599133372
729400125
667329415
772609861
739202669
700339936
770278578
751584262
599813302
723874484
797589155
571601610
600409062
729153105
611778832
650969998
748073832
782416819
592243663
591234816
620873015
594207836
781911850
794219730
549153848
541847131
669176555
729186635
667186693
788454302
566658636
637317282
616866787
760802539
758295540
781470391
570980232
667827922
723144505
555183554
733813737
762668696
695427899
550555896
686501467
665120521
640449407
570885016
641289473
603962308
630839990
585870537
781998796
543202620
651970780
586439898
659109666
607952098
640890675
704658357
724029023
795983026
621384739
601810076
640884140
800909066
659932349
584328950
613224845
686685993
597153157
569102823
648617277
538470826
754269657
538089584
799051792
647767379
718091282
768950653
558832543
734053982
589666026
653602427
797640014
707735639
666963312
720371447
668077280
724262398
555574088
598593269
592694578
565697380
784987203
545837266
730515018
700031846
751870465
754814887
744166784
735247687
549192980
741133806
550559481
778555933
565795984
601775772
793271786
586527676
685083493
646215965
750555154
589609520
744932888
622374435
655348876
743387702
571757908
804582637
640428084
721979862
566249415
670693169
713956823
591162909
647364382
680318702
683967054
618053232
702470631
603191483
570977034
768222552
674307195
688214925
588010714
645038897
579212844
606032378
736686469
561324281
669515662
719866245
735587149
749897959
672120915
656683262
785506441
736774178
643860930
789669413
773776592
795476316
554204708
654821088
690475519
617659810
655062901
629634196
580626625
629888420
610048193
562760258
632460396
576795343
788079376
693253421
596682156
697085390
620400423
788509211
719676943
606566596
539361578
780648938
645482830
574123270
562239949
587372341
783682440
709902659
778573851
602187328
625466764
798954749
750911781
673270775
624852399
699581288
761722548
669956585
758818212
719669624
597441467
748062755
599427682
719906577
612436748
578887113
794159374
777118799
723400922
715230033
587291679
754124302
646023341
721910043
701141973
577766398
782099161
546223809
537911892
626933545
614567557
702206091
580140784
619617941
736760601
673707064
706963562
679996411
764759476
621518627
593431953
712521231
575049293
647354727
578073562
541459291
750621449
798132937
642913921
568018925
686335774
670358215
699088159
667282569
686802195
598056037
587347261
758827761
662274012
771514276
662626126
744871960
648895307
550225969
544802394
716425096
640512679
607616226
576997154
654004094
596104029
596786178
767803474
675142420
605589947
653116366
693261565
722008804
663370933
630859999
662188709
695032773
795540354
592604052
741629651
637775803
747028914
769073299
752832970
746107229
644261598
650848980
559235866
694063470
590820105
608804836
624456439
561828792
561576557
644106052
544000823
654686789
606464121
638094534
743295103
564445526
754805967
557878304
757841987
759002754
651819636
798129130
650548936
781994840
572319028
616194053
796581631
763675685
778693009
775860664
642073837
577559531
758972439
710745702
784541654
618222092
712993561
716600015
556231991
667504205
688255844
725382323
654204869
779176051
783183503
761292751
671383698
659122148
659619869
682625889
626770936
705674645
745156488
764835309
660069198
692484400
786256394
708448711
782508762
669816449
780490448
776291087
567337320
585597388
543752994
676318398
624457745
711818093
798734924
629150846
537679743
618817985
778815185
543498131
639009387
607128511
667542155
598138512
598210883
608839604
756465133
638804978
751340526
602130126
617433538
780917247
730387528
635583970
702344958
766690766
549842772
719469644
577390747
801886923
754181261
705250571
591929180
775409689
564758613
629023721
677027787
607826923
637285144
713957384
608598158
705027271
651548018
687881808
605637524
731668781
762417236
540652907
697364286
725971866
699910618
597343457
647885364
680817035
715183511
710764204
598144951
643886877
666155857
672683349
698402726
785498972
568202315
638284283
625019481
690423953
738124039
540053093
563452407
797814136
622389218
677386358
750963088
803825516
799187911
726189431
663678013
676892512
591505461
737153009
654569009
755491979
607467820
624029326
642701389
548337717
713059812
545829607
635897252
734188528
788344413
679979435
601487909
679827648
711430635
572547522
575791823
748130043
703350343
663095566
540404970
794295612
618332772
709432585
584502325
649961603
725593705
780485797
550094237
748531971
757703866
689169412
720422513
725917950
804235208
595183477
690073717
720010947
763251958
616764494
744755383
712100174
768612833
549815143
563112453
683079766
573386981
541898821
653882567
682624571
660957018
787445229
570162258
564237900
688369949
545971188
790453365
746000582
759418263
595148056
754981748
762021215
792489420
698661826
630391158
596629888
768856353
709669988
758697629
708008813
583979477
727603419
594153013
755336287
540037883
575648864
607658400
787533227
577482975
573478090
793690792
561067651
731864050
628714313
644720220
629015100
704397863
593599044
599939263
763088601
658241393
624732440
742425516
692780762
635647136
697239701
700105443
620730069
587313590
562096941
558202477
723420020
674893295
725686445
550743074
653605730
608493614
550660381
560182368
629111356
562188526
629523492
749554349
646936368
624256737
744416245
686487376
649254596
539552361
673821848
771927388
704828162
773560996
793257115
759270919
550403252
697800242
675903369
733338328
597061667
695403587
557861636
698103131
544544035
730341917
730946802
690306375
546757772
681834931
651045481
785704276
708520132
794254796
652090012
571473798
648976954
768032596
793122962
630149318
781478339
740088365
779289493
774196020
719529935
570274667
793256371
570905131
674375825
582537184
793512141
621477963
589879566
560213284
635033984
698115343
570535495
583055257
558086342
651639899
560709251
669367553
694584149
707542279
584063680
578235802
561301008
703112785
776791841
606466947
742875022
564185241
619632981
692160802
680351425
789922179
621011272
629401462
695140079
573515411
785289033
543471788
695201891
595796805
659310141
630557994
550746689
637539960
706668375
774085444
553037105
634478221
623111450
548761416
584550288
680123520
761975491
606159138
627189600
565070820
670485722
545044928
729575301
739988037
573947141
781127740
545918243
570327989
542115278
684096133
705984929
611838652
724570623
758134232
614223437
543342772
647482768
615073301
555768280
674049118
544206152
545112164
705064020
683870463
625312645
789546361
770329927
645894717
736088171
695339687
628805858
785431102
755980110
795712470
741301691
752228216
782927177
627475264
548431010
638563753
654850659
638433548
777836919
614429337
773501104
618538716
794824565
598047624
653085365
657680861
661442888
684445771
779754552
583201812
589197911
600016465
545629134
610981131
729087023
804490113
753810430
690650650
587911958
547482368
782813018
656053398
597606690
726767007
649385182
804119236
691192357
794275664
609327586
789436442
615967174
679248882
767810551
603573151
559385758
766488019
766553292
791181396
779836108
765300044
670418957
701397772
683758347
580071055
766571327
595747390
551678851
789648970
644823103
748358703
546082590
785415569
691974359
572397030
694868493
593153015
582021096
611519368
682535582
738826063
738586779
656101536
694353754
742349678
730600308
726393844
728428261
780435640
543480329
601508490
763486174
761389087
708642130
593720093
640420572
742267391
693024710
661944643
665726536
567281632
625481908
572744790
567885996
644302599
546720556
612743258
604885719
646518971
685986420
590921622
577725236
640843833
737818489
596915807
682435754
719623844
659583255
801877276
770799782
667128917
802270756
649337091
580615129
595547414
591011568
577011962
786286337
551012825
713885884
750061965
664975896
758985721
709138354
764053542
622838334
591904587
605787877
652228657
680413554
635667649
734312374
721847796
559668538
673890079
769354430
757175838
609080381
682196970
747820669
552941578
754861387
762102646
696056411
800168701
700551163
537825124
573353998
567524748
581428307
602200908
626803236
755163585
719959506
721677743
754358974
580994374
729674279
782261973
727418489
599924187
610413123
662602413
701414074
797502909
670180388
563047277
546031648
704535788
572230293
723913648
771251030
660205138
740030355
752214843
741645602
541675983
552412727
564084532
646632433
600974792
628119224
711315541
578901417
605009635
748976969
711543191
606409286
767266665
792781086
559479630
684812105
634301258
723456626
650315559
751142218
649816738
759043971
611436226
628780979
541244980
804912788
640289153
566724597
692196752
583841584
726306847
664755102
713366975
564347341
718538297
660835460
685748251
580082465
746432570
679640601
678718165
690481653
728213758
753710996
561548053
653996877
652465410
595494590
598881630
624845579
749596219
718974375
658967430
785579904
556226755
697849620
779731417
565367842
592743490
792850639
767948694
586593570
786596102
770996987
554621698
700733988
776461359
749137170
721194504
626765977
659077262
538544160
727993447
721068773
563916293
779759683
777131936
635133470
730988866
622668840
673983299
759004687
631846967
650073725
739629840
734513583
717617742
739387664
647651929
770646941
560613123
669977637
619447543
606270181
789433036
733248186
632061331
736104319
648374356
727765916
676503921
742785109
771592392
755951886
746456633
731482253
792339327
696986025
648685749
734906649
780409032
549545862
653324546
699575128
745330269
602407091
803365746
729839658
751948671
540066652
798046995
793366563
544325771
784798800
614079313
585708371
712271733
699442760
795823589
545557351
613090386
630908471
724513058
727553237
723096038
619183234
552525810
571031335
776796020
716053946
735531984
595675185
798076863
721118029
603311867
687022401
611676215
562884783
770003149
622610278
802080924
581089618
606886614
583989959
687997364
659807179
547713796
614889933
730797440
652023093
623389242
623920770
720703068
637313291
716027607
696746148
657780318
585447902
561667215
664162640
685187749
761789756
757849512
603557904
805047627
767633842
790782030
625738866
758614043
590163051
568814764
742996013
753378441
707165592
661436424
620206784
783999923
588526165
618255940
545081802
719087054
771774242
725950076
656405906
734610996
756279777
537178588
689872370
631661480
789025009
722907215
550280964
547075024
744041585
765937456
550362420
727936956
625717546
789731976
599110567
723288441
629934478
646635541
782001596
647795860
781198124
597177896
596065800
546941389
547443208
731509973
657761303
764472814
774933104
744804814
654504302
615816062
772966370
792095887
647331037
630787505
756779365
790466673
554918782
571076416
608989943
577024663
572963367
729370458
748999808
584328708
797194571
576646668
755078744
693279939
570137006
568861450
723785931
588009195
658093379
621667343
580857203
775411537
721810815
788958818
725544452
754487663
600185233
685995052
545999540
581842776
775834175
579258353
748870483
550281773
788032339
753949372
603862137
652624866
550779447
751565148
753269453
660102695
578065365
673666213
561568108
719382006
769116350
567493675
667038991
573600722
769292734
592371163
655455926
574384566
741159326
760020883
682275465
544796676
549239016
558501722
741974585
766933220
766728927
672772362
790450708
667889695
691561306
623993109
707398416
636909293
760462075
686450205
641618895
726214461
647787013
566604319
766177198
736719294
681740811
687118088
563258433
598971211
583592046
677970482
758721953
744793650
617398858
681825953
766249347
582341572
716899071
556764413
783660704
611792533
670088499
803103795
668126385
749357530
771999913
794643038
723167225
784475307
699965064
719856599
746342858
793917097
803551339
600635297
549552494
538874280
781599301
625996083
653102117
589904018
632258298
804225891
757152954
763296534
646616076
745179796
681915161
705917223
622197914
786872648
773644501
620238629
771635341
598657577
752094348
801800987
795136948
721875773
641170110
561110860
685577238
622633278
593529401
777191702
733566616
782853503
769331766
683042177
618695556
692819178
584153383
561477772
747665283
666938689
552625675
657092566
781775244
682710160
759661590
596474319
681107879
642923774
743332164
710747158
641798116
632144927
659772920
680202293
635662468
733861569
744861818
672079109
795496579
712574973
637115632
601798188
805045438
671069983
762264162
622196222
590927879
701233128
566206229
608252809
588459268
657445489
748312291
698429881
584492345
551270851
705831727
710624573
669348923
592299194
803366163
698377702
611055174
584285909
576548509
537001024
797030904
600052519
556922036
536892607
683555894
739097509
556547768
697483513
623139211
708210033
758170511
565420943
571543104
566479066
599209560
689795894
741880642
547707772
565407698
608861784
753908061
589128838
545335995
778292198
667630718
750896540
597751035
670888898
722357908
586335062
695765467
699427382
780978113
536913867
538725082
607890578
624886469
785879649
576144325
586505873
641979378
734238367
631199217
564611779
630431011
747067250
570926753
554207485
649626072
605137995
747968274
684138440
593521343
600460776
781168726
713741516
600432880
707991424
776663870
544924488
675215314
788304868
637725778
717451030
630198936
652422513
537659077
733097491
571789305
650597321
636741750
567016080
665020645
670007773
590337048
589733727
761724254
750381891
640968808
788680146
615713584
580791759
641018686
598699752
703054852
803992984
585948176
761805004
751842023
669472382
667753365
737189998
784719033
747128677
552063545
768846011
659343218
605355818
618933761
772209631
621187837
690145498
771318883
751487341
692931478
544037006
750560274
651393704
645093084
645570275
561869532
771543049
572568582
712438155
583951757
578297857
649811774
637325877
706854329
781377813
587662048
658566914
656769083
626471846
564722904
594320809
623240213
612449181
592739975
593060069
694277351
788524038
550670711
715441684
595971596
721995227
804186911
538352958
733674542
598814417
637151120
680489184
700878447
763804107
662160993
595655370
754527819
627254931
737956945
582362682
563027086
779544712
538457695
555352999
580329197
585755184
668317339
771401323
546382087
781822300
691118560
802183391
739119341
557824159
707519884
678252396
708530007
598131551
688553472
741171184
652039570
653702174
644655357
794641740
637275810
575218671
628068721
717163561
691306051
673285300
599763266
545512101
687320647
544595643
636666372
563986005
723744852
627619886
579741778
778357342
574371432
766349583
582571869
791014011
699498977
591873888
764222678
692588667
772437120
796539663
554316767
599198874
680723230
702393692
616535252
675027450
749904389
642225332
611699597
547596660
623681403
539726726
555148326
597903121
573732396
553594190
737715340
564285155
772469277
630263165
708111683
775045682
692846029
648588154
756699086
787574172
599038399
658041090
717063418
625120479
711794215
634577685
749701167
602382789
588062555
563576977
744564979
613903095
633271872
593513778
537803443
650215664
668179247
543317676
637411269
688868125
687999610
696350245
764617593
589368435
621046183
675898182
630220435
779878322
604272467
763997811
655274170
715928835
595623540
539400912
540846521
751991285
627507673
734729175
562262862
718974452
564553373
587679862
662432264
571523483
624798525
625324315
744076703
582317902
588343738
575952991
599406034
761907275
556547615
563027726
789273500
795464276
721245427
785598623
729017137
548752658
554795105
721886484
741573787
705217387
662081483
663968005
569696475
551839486
801292142
574524841
781279694
582970172
600314207
658452160
771563245
610030270
546643175
749856485
755805407
540595993
728008731
641791885
622508241
789363943
635040172
743510688
751876884
782997025
564701237
673131953
730575207
630311140
762613748
689562903
751907917
666440170
571224751
798569643
675592237
700813395
655981465
708852927
643756028
726569983
566466221
785714782
690048224
577912617
722282694
799319339
737004408
690363874
604795528
790198200
800064178
659360857
596098264
675476957
646029421
609719922
661912213
725393357
625042678
684527839
752772593
548705899
704253301
757326479
662363342
551034301
751990861
681076602
669613777
543597483
777981873
568569472
644630929
780917832
707938052
631323322
770508919
736129061
649198660
744645395
644121747
739391431
724795703
720885093
672111264
595780373
712826143
693812850
671725644
739927113
772752275
622530608
556186941
705509348
644279484
603791641
696911134
708184815
541309036
753602908
601476518
541918602
679755066
550213385
631098513
639904831
561951841
704740336
567520351
715883936
679598961
735372415
762513955
686470321
701451415
773394745
804829159
643591598
785314492
678042732
759932642
733164799
726273673
537457371
720760795
640171074
707632428
718320315
625767971
744275399
787659464
687122181
565641479
706607327
763828276
780774443
761162451
547456789
753856782
752439040
650371674
803435635
592720928
722791789
555812699
586988778
782774651
581094235
670597513
635988436
625476241
675745927
550804097
709590921
761771961
637876927
599868156
570495082
567841743
648586175
752977792
560809058
562689468
601836349
605229539
686499842
584968621
739444525
645813497
675098212
679080111
539600129
761368597
615487777
668434847
579241209
751453609
683571116
626827826
563441044
671124703
773202641
627049731
776062983
575191980
780815637
588941947
584838093
794654530
783951841
770376989
773842068
571833184
799333504
687880814
643646272
591557857
646688067
579969267
548451377
541810589
729790669
789816731
675022712
540520056
804980913
557236495
688671495
704911713
711526010
733525004
757783061
600088977
735689154
626014496
628342268
672389615
755867896
654292152
746603800
542511211
556750452
622731763
727638925
666465060
727955424
785231702
556747393
648025314
750311027
747866386
560714532
758270545
608500826
645561420
696206356
595531940
743525404
711487896
541036771
689972880
804154325
793034474
788633824
577512952
650674739
538324163
552828793
562498297
754958401
577785061
702554335
696036902
722108598
794018136
786758404
566326516
593512888
788084802
607548827
554644494
638134972
581381550
712915557
578097309
732454147
621062334
708528782
631544368
727604298
757587750
708635966
685742795
783143534
798489905
544433483
733680964
763106070
750603298
661078867
673535168
585562713
798144847
588618513
744052610
785097307
546034509
800905775
778525155
781007493
674195175
587166290
538894836
661099782
571936141
763506348
612839002
637406252
643670872
688536980
579660810
546636592
783616242
546574508
775519158
626898422
542758893
649056624
703484839
594963205
585883731
725021423
572141661
563185182
770225259
743966955
584209642
586308962
787002400
775810065
790156473
671023023
644919062
705527938
774607841
748145034
637243702
768813485
594606138
621053600
714969986
739489151
644176379
546719456
751636662
570615000
759332539
584331989
761411450
698998946
580776875
593870725
589015345
796003254
760160995
604929851
597764833
695828694
795895997
735964709
630873780
679356410
577787450
550188345
705494451
673300821
703465200
629467586
549938789
684370473
627909908
717187473
774943284
539248230
663719844
742520660
637348283
709558035
704213887
793510470
745289300
589784260
632756677
748650224
775052951
615049136
556460726
591237803
745101521
610299074
544089462
603071896
802706116
689802665
742425882
539618017
748881942
609076638
725428483
641859978
770227036
673150669
581274913
553893984
694424841
761775565
583562467
803332996
589731845
604012734
597718187
610876577
684639725
701197154
551454640
538495142
654542135
737908200
659227689
550865947
538194524
626809819
779061663
575193916
774123731
689135842
601966599
595115590
566836994
789131254
748015919
682673854
653405589
771145470
662888224
668659779
598745610
583196933
728720382
701186839
591211362
696479347
707564719
567092890
584135018
633475345
733185872
582260172
633169286
754880691
751938044
800120963
701839389
540239915
616977190
662617442
743847372
799935940
666743299
708473363
766106176
598344114
667961358
598792364
667931409
573417415
628441483
564002412
788606587
660420899
620881673
739474441
606937424
610240691
799704196
786922122
632756261
592369116
555243451
669263984
659970650
765995195
605155942
702765039
794299129
639767582
683284821
655766144
608266971
550512268
638591802
712858529
590535789
603417157
669368213
580037462
728263135
748435311
680059742
799587392
794784257
728536376
795610026
782008167
571433930
618708363
679358118
733996290
755571770
739331910
775866513
790332671
746455305
641074446
684462740
762261818
650042453
658401664
567420058
553835981
725476942
647111088
584020530
788543980
555894021
626521740
767924760
735065749
682925260
585793995
621084653
685119312
561098579
552047612
636533761
770593328
750612927
800225313
684857503
725751744
654292559
537461711
741941590
673392945
712755323
671646813
728914716
551874988
589563760
601209992
625268180
704482275
771546901
625234119
583797114
565317687
592307166
732144710
580571284
669833024
752768772
726055390
718294650
585179106
550571234
669540428
706708089
787146655
761053571
560958442
559496536
797698785
689752591
566525703
737233562
789481149
788638498
799293767
640405543
726955153
601704893
594483955
785235021
792865697
661439309
797070749
669228606
553455377
700632650
678265953
603393202
711130403
786924551
791112277
573442004
751077542
730439442
556693068
594616714
588023042
741606748
615175544
618319447
573698373
556754560
631770501
556586339
671614419
686136646
741739836
805227874
577132843
564491992
784269965
778843044
772321278
792662010
578876987
588427833
768516561
783071696
725400465
672367204
723722851
783527579
657695296
660905857
803731813
636599147
781849120
630626468
700079953
592088469
765340964
658891541
803169562
545749835
720872566
786520555
563389956
769433049
756994175
568401569
681824972
594715546
707874673
626414690
612368134
701048907
603219000
590920741
624039929
601833164
730320620
673899908
642985569
801730756
580625747
701529204
759059523
565582249
661610663
711700901
739165246
606825157
718850331
720650971
743444098
750633039
568443285
764411164
545827608
694394308
657482230
673552338
591813717
594953881
724782610
607921012
685385677
682561425
717865421
717743121
675783172
585276888
769134850
650232945
655595750
588323495
761270395
673323471
568697220
711289798
799693717
646721676
594645784
735400023
580354002
689422873
747868176
632430877
694857031
579196393
662567217
681740355
768192286
686725955
570163136
611107638
626833662
598658221
603595369
604131235
567347501
609835660
577882831
579715947
793457010
803383167
708087554
605319712
628729902
651425911
650434219
650534213
800874643
575786508
582109864
687964934
778680037
584268256
544075660
666906584
579091629
793849559
541310967
628335594
710290507
672081104
579881465
697236960
767033124
607126980
660856691
680696364
777384470
715269772
651260227
592094201
671651977
785705474
723224552
634725496
569710460
773062446
550704315
670132522
786192074
557112084
576136119
587888339
761216228
702366984
679888185
537926694
648350731
761219579
600608269
589048516
771893263
657352710
792287743
796997263
599536473
654797941
546431640
690845487
660566024
748076016
630658809
586195092
668206776
771209727
690408527
681443274
660612239
543885324
723102304
677686336
540878594
745436212
759569398
705459006
568296433
580725952
704473450
679553618
732944250
773161873
592547620
792188008
711683370
752103223
799632921
783701943
782932020
717155950
666794654
668544776
786016506
757608464
759796416
725768137
693637629
775396887
775025521
744079176
756721244
644491017
697616233
540532709
801319848
759807565
582898857
731625956
704514008
730542547
623271746
749949083
594804367
593934835
552726959
574265203
716990456
775541351
766374580
791806331
554961927
741036771
552604057
550812508
801264132
771230708
738823691
565565576
573370152
740997220
720217483
545884738
707717817
699823283
619453871
608701080
582627261
672474628
773515474
655804716
647123806
655661843
626266433
734751385
745842983
764982315
657667312
696979551
687443777
571496326
567419165
724631478
730754287
766351873
691802349
642096230
803616227
712297048
709067304
742126363
596894527
672558428
716728119
781018012
570918983
676968727
679272405
674342114
797181727
772220963
625950549
796766169
700264503
689966163
734491013
699015741
780729048
747441966
744904735
629985264
641485804
718516068
712069375
556744776
581645664
670159849
565279013
724415294
674197934
555588992
558485636
593810146
629640051
598111153
713915990
551120912
681213862
703309124
605170831
556053361
769265191
557945653
688779463
725823071
663216827
651452643
715463807
722184271
687352118
786844294
624146785
802551285
701036758
624376719
559117938
604830747
591673323
618226193
588582443
545220636
627679508
729025632
761194515
599521530
558902848
656622228
712624389
798396293
655317399
650610962
701809586
766458275
546514644
592445158
554582081
620302084
539529861
648766238
668912976
734491873
590137970
781198065
585136479
794946584
790344713
756961484
722982234
745025266
612196461
542460281
735267066
787210323
766354584
691390918
700954530
595678186
613670399
757435004
769230011
682247876
573715756
703209296
796024979
706866306
779242656
746072892
733193006
714029247
795487924
550941296
732403319
701002518
705024973
574587379
536958951
724657327
561557533
696201737
707400390
632000168
576306716
578228517
584366544
561915951
665891554
772186786
640203242
606878851
545688058
729317733
804767797
699415914
771785040
679021086
793666862
786469912
549387404
729934805
745329943
560016120
633978093
625390836
705995503
694870874
729336613
683041083
597713680
610666476
697508212
743213735
537797292
747592121
672260157
724951996
648528689
790715902
707049378
690676443
781332695
635123490
585503351
591657902
683067947
602802681
726737684
588953698
762286983
655880992
744313035
757249386
689429128
758599906
588280433
740430081
617464073
782569371
734129417
784184489
549885682
683301599
701572821
777635283
697591106
729280165
613888976
641838322
748478588
591880429
712452538
687026462
649141783
698973941
616667939
687161054
785113090
786145645
798469309
597009793
700479157
568645718
596110638
548509163
692218907
547839417
540265658
629046958
608613912
667286702
625688717
540882043
780007448
749996686
685699644
549689817
683137585
657284530
793575925
799875905
667417810
619730128
652469389
749626770
674398661
676049505
805087642
714433893
586798533
743525722
555788948
776655373
629202144
731353079
632966326
667833928
609691982
780639681
557529391
587501363
625716055
711319172
788658510
774254290
725134242
752232201
772234565
624160386
540278291
771654781
614519280
711228196
721219338
601320198
697377480
699448389
699698386
793729060
790018025
648948579
644749813
691798676
669068089
660949676
710337496
664840808
575795053
784857658
583241387
628021275
619423017
751733240
674452589
598033315
754981626
540221005
591025879
736965242
636891361
764196200
677461419
748379902
716719297
592032110
546388657
792969658
744517165
754955355
607377790
622061145
801644749
750776228
618639520
748791713
697966781
683871369
595629699
581154612
541821341
657063065
543813115
789879523
733395896
560473303
697204300
782442484
711774044
606454477
591296425
644582628
765875755
775581145
542176336
703655159
577775487
553782991
649391064
539018013
763546428
642913953
552725244
760526822
668523624
575685286
734093297
755651931
732485532
750561603
625022546
614664235
660361492
561779937
734755197
659305025
660446188
682379113
544811490
611216895
802600488
669657839
540392120
605691862
578693414
714161225
675586812
568103182
773337373
742987967
696072467
598114989
706847609
555538090
554999710
775935049
789532327
735280974
677530924
749457305
780493461
671474263
746659759
593459406
661400304
550949423
741789981
804507366
698906761
750219094
665991805
637321347
578321387
648493066
700772851
592559540
747529909
796181198
581025607
628464101
594454632
774350312
761144432
789147561
750829505
795742156
734976221
676115546
721657755
731504237
735290625
692653740
798360452
719585148
794470004
541855792
703058489
657921724
570253470
597206734
782577387
687330137
688705688
732664312
543224403
796857241
672656512
584083122
724985957
780902204
706979676
596830632
539380934
742122813
549666742
705455698
768205820
565024852
570949473
688852178
720936391
608246050
592490754
743773168
590301079
547493140
575870254
567788913
552144104
610763765
761365822
779239962
622460474
722953886
718764868
698254052
596559431
671074031
728406032
729589829
640347593
635549657
738085056
658500796
558204120
802050487
737061219
609514228
580621990
611495597
638763853
701447981
799105428
783067215
636462550
709807821
697894613
661812871
561806295
555798876
618896335
674274602
647324031
771517822
634767337
583834784
636988157
642583231
736069297
585660300
741143224
640761628
577031390
684966591
581158843
738174354
776802248
580136250
793487645
754226268
581280351
665285599
562554561
611309109
709070185
631547879
676719692
620760476
570274421
669850846
616946840
603127993
558343562
739986771
731521545
746416345
596617563
799125314
804028576
599529742
788474892
548079886
761062332
759292746
707290845
706616483
619097561
542691863
673944308
758192662
564500634
793767288
729714602
693385186
780185173
567852631
700821781
560982022
551399086
557548770
641935980
647992549
599347822
642786589
748589670
599239406
616662836
657452168
600063569
779494959
541943898
563994800
798347482
580749691
730202967
581316222
607875231
710488666
613460390
566045609
692725057
553176136
558441893
739030420
540546221
560273443
613644611
724271257
591689182
662903395
609121261
686987423
602425635
631142337
544140779
792817089
631722685
715954729
619483441
570540147
660238464
761787260
667618205
722915509
552636916
654868364
562306489
702284924
612020087
729423303
637577588
678858927
639468788
687864829
714831318
772955228
798702062
596978610
644063534
798609750
668521564
746077422
591371001
626479149
764187452
743219783
541576092
619730034
572833982
604216177
647080712
704434859
803279544
694397696
734281279
674075116
723573103
760695400
707780041
631287393
566763439
625335027
797239413
637390102
711054405
681692935
792630355
773345006
636011682
795448789
609527918
680281668
634821032
701733190
780408487
729579709
670787860
589119342
678313261
706167043
552664259
573735376
700944576
747882651
581202937
699108338
664400437
598554768
632349893
752645560
713377271
753978823
796227028
581939960
776230966
713445001
768867300
537448119
751771916
694604015
625303524
716113809
653398733
690472795
642027385
787111812
566870973
678162987
642118350
586446379
691011302
731617877
793155782
742551497
718993269
674011064
556738725
711044803
770768262
712889363
699462641
796056062
627341118
593785434
542282565
663676657
655763332
749033280
723962119
749554410
554807234
606522574
645350062
690306138
539937183
691940712
643459453
742209996
729321256
690383255
602710003
647275041
760684404
622675861
763932268
787798097
710386261
773055443
736009167
682917545
608016588
773050381
666944453
573263976
703979116
700955567
672079591
595408497
769381471
699600544
694808770
635052749
699382628
702900582
570905957
705587734
798378514
724695441
575451926
648577847
561136384
553564820
596159919
602282248
601652830
720381024
729302611
739183331
674284879
649166337
750397456
737183272
616217510
649161480
594769988
642144321
794988619
574706284
782358683
660203628
792127890
775908414
570957868
621268631
597719831
662831974
745366016
623484329
678976858
686053038
720005664
755273454
678226815
687180802
757950750
735316987
697875713
698735959
596346747
784763574
539447026
767445276
762443360
697961701
555483095
727645222
569429003
553391318
729553073
784815596
640897528
696373306
721748881
571920473
572634942
707940292
635995138
676201154
575709734
664285816
795042232
729618440
622069096
655662757
588901226
670557069
678072693
552939810
747583535
747207342
767727684
683453476
730141892
642530768
581425878
756959085
615561262
607178171
766736119
776186475
787539897
593984991
687225698
758108384
757435892
650655296
695708086
576395048
760448943
617047131
564586429
685918416
648656890
607711971
626729404
652102318
754581066
631888959
733195926
638804032
775621448
707655376
771548087
647869062
562844402
763773324
713240529
729489173
714203845
693404633
628866622
643391347
697150870
771808979
631137965
744978803
684356091
717689808
738093371
652049523
759344366
567679607
539105300
587650377
781213212
740549965
573876464
607424359
732333344
755993236
632211301
662541979
586690306
750719711
714737656
691116393
796960932
597533140
733038104
616297061
637488930
618669296
694160131
544036967
601559941
633079707
632391347
705836678
548237691
724138959
748026666
592507557
723110018
649026238
547404234
743758668
719320406
645598972
619642402
739326396
723651774
688740019
740194364
740575193
749332460
753436162
804180152
781039403
704826868
760050140
736715967
758183504
749261826
662020436
790694765
568856217
652971613
654108060
538922630
752789568
668130416
656003200
664628909
741706851
725124663
708178515
675513030
685795791
667413984
781269242
736340248
780903769
661154126
762767998
725552363
767468024
635878513
761092762
683544691
708845743
728409936
582211480
787734027
673138131
626581441
607564430
616779665
605006836
604300305
801708413
603241084
763125827
609919957
729194411
597689856
624625415
584555201
543119339
643851253
552430064
673368828
604941273
600864890
645298826
562836270
671668998
704219371
633713453
693482951
608093026
703882947
629357331
624390900
722096416
651734291
644019382
660361747
749380871
663687047
750126753
706383625
546444000
732178172
634053751
725345999
746654762
655838398
598433145
749012402
733875083
761654297
627130502
589201918
772884241
599820364
750433219
696594950
692060645
537886078
757333096
776526537
716725624
539335298
586101511
641373458
552333642
614558997
549302953
787324512
563079837
605758140
729629562
785746696
611196925
675348629
597983231
539470454
561685062
772825303
608667526
611270704
717872741
715409647
748635039
776572129
582296100
633362645
735490355
678500924
659548977
748592978
618769019
756888555
718558607
594288432
590032423
695883572
720323876
693645335
537331658
578099277
710640911
605825168
577298757
793707863
614359635
727271781
747215173
649026986
642959257
666991513
556479322
638879911
691095907
756916717
787838193
798021826
591625426
550613795
546265233
620928811
670411830
770368328
750506431
605817801
725487630
636336963
705677475
756918185
592451875
608197373
661787835
563835719
696682630
733129982
674054888
699440077
607283922
726796003
604732037
623058227
729721949
805118107
766165368
686136734
728771652
788517205
762946074
738103091
738179584
569928783
756179846
590564518
732998350
740924355
682610131
665425057
610386846
758647566
632735084
766171032
578360120
799787892
639804573
690333439
652271706
775125150
594958982
804496555
764647421
566557111
722457440
788602459
556440182
669020679
560234806
801994620
764785718
594514290
747025639
702230823
791007078
747938111
765032619
783593014
793562078
722543276
718141337
786789755
749733696
598974501
599923589
555652984
698050737
557497121
621286846
625629486
661033698
653014669
572611480
797137571
779222305
677291472
620326135
693190343
718410824
797416876
620370683
643268905
590875536
805054759
606657346
546586896
662317232
646068179
625142387
792978400
685522165
748202919
781061660
565864071
698699231
705675982
598271804
603126492
769997073
657370244
668866362
563675181
604648207
641194819
717758848
719970496
736982324
710831035
668866829
782587775
668881049
696814148
559347102
699172783
576064673
786283821
695244567
740701042
573518602
793385029
632213290
552611013
642687513
709557737
762763345
688956020
671847477
601724165
668116686
618769061
579295969
676248452
756568902
592642809
694041607
581941578
669775839
663049509
751605827
638149159
578683635
765369528
700864149
651166216
716985625
585202441
766838695
616477880
564108002
639301704
783532697
759819788
679669098
718225789
576898703
632788835
712792656
537167147
712769501
539558325
595020093
636677385
755223452
664431729
704961355
773917290
537001052
728616087
563005028
542456342
696265658
607054097
710266893
614295936
800218833
633073150
709446894
653233071
733387331
704180130
590357728
646760538
772416261
724956689
804009941
625315356
652551607
600522821
558689690
600718097
554090283
636894355
766059422
771639649
631383460
737726712
655673550
583387064
547798647
763838171
626574838
740191161
674271885
696341972
594881257
576408462
792686074
741303748
729273421
538373921
662112689
802547070
784846226
791032914
769307075
543857551
610104836
640671709
606912317
697914932
613724453
758042510
792179957
716061739
575365623
631618234
579934841
577876920
551483641
720495850
594162666
625072151
612603781
714967164
611847191
746670134
537428538
610529003
759208839
771620166
729911474
775134371
674484051
753336967
714706326
684531739
608652540
675751311
796626579
762027719
669707856
653054748
759016556
720675497
626546069
668967165
742663399
587371638
616583318
575403391
777714063
703917768
652870538
744702960
766921238
684985591
601510608
579539703
659269107
650879776
769588275
715435856
667138213
775993730
772466908
603366545
627931451
754140831
544165211
736334322
744139745
666798588
773121462
588217697
722315759
630215956
597321220
584542603
773607519
546930032
609135577
794135572
792285912
601704899
750281836
719211108
719916499
554998570
605926033
695881400
722779210
786829163
713251540
776832748
652728928
550717275
591413403
691664770
540561255
770546335
725794944
692872303
647776838
723427403
723799307
544272818
702869297
598251407
778562329
566535459
750773286
794731231
612651821
592275398
632511486
741575147
782153179
651358920
648502028
784653197
781617420
757975112
671845050
614535373
656692141
650481247
796477891
760713814
717596642
578148584
545251148
734821160
544726433
638524016
589712012
688881981
544822641
800274085
618330457
587173940
614892142
578382970
589721559
609842018
770259661
648272125
656362218
701267864
595133546
616031149
616659549
701201789
670480456
688442797
729173640
661608448
743725502
580490673
708575490
631167661
571139598
737306236
550331938
745929369
765040051
798028723
765579721
599248824
706196096
600945177
624278336
802846565
753377966
689738465
601362180
780150404
548249281
751160042
633427198
537084681
609697428
538996002
606458039
740895980
627085614
755987405
582985797
758560192
685210865
587945136
784524843
777417295
564610486
757925256
729928576
551443918
736869238
800598473
742868844
687363986
784479998
683750877
755365569
735477010
735081908
702542579
734298019
606888168
612272617
691488800
675613170
771405599
717081287
665494160
592396704
792094225
670586428
769820253
664620533
579861762
711399690
547776905
745666496
541643045
593194237
616796893
622643478
804955372
541269394
616025066
668728855
690780639
696166635
741968260
570428173
538669588
721823775
785829380
654843979
746042637
672989633
769249410
556050904
541463577
685548709
650377306
795934141
538055326
710106664
753968328
620075129
784737225
797294379
800248391
702998498
695957650
546973966
601275634
659553056
801606903
627283960
588172277
618391299
726337531
627618955
556532487
644926726
665156682
654519348
552009040
696718999
558674301
713140942
767536740
629777457
751001763
629265668
685092518
730705875
648256464
765267942
680595594
658989472
652977849
800582332
618491816
653916954
602603848
731419933
763018640
542173752
619319653
556096348
554864187
552065494
783027614
713735103
795501699
749959816
554951977
720538650
659209585
601670560
619312481
646063492
772254477
609332982
662382756
767640325
614185131
655391079
734267719
785378035
779709645
678735177
752877447
789467870
744136457
714423241
639276493
754070412
545706837
555736928
735291811
554808632
549878816
755312790
629803752
719856938
728833548
786202513
567809911
565323304
602132172
726546319
555481213
751529131
542295034
802567640
621574873
710631818
581064247
772466971
753781765
557904669
746863052
676206182
653033897
745204180
722186246
634423227
704863574
544978357
705963083
708711454
583604038
727271879
699752183
718382331
582583207
632469240
696768510
804815771
798931564
606876613
733409913
604047995
740221808
677738014
604737389
748392307
766468165
763235890
699788817
590162682
797677811
713436224
667424644
700100190
800941535
627892346
571170946
597099109
695213816
675273046
556730968
694220582
743315211
558520358
756120720
577321909
750698014
611014545
561398279
682101288
563246297
769489751
734624139
559978211
804781072
765284198
720985243
770593894
622687409
665426028
544482965
628664892
684525510
731580565
580655073
670395180
766550961
781218781
729109674
541249021
658633031
706856126
555400451
607571352
654763448
739740107
723032396
759441179
792601343
614524797
727958992
596347529
753290474
741551110
687052963
798787516
752692189
543214733
745101572
579402542
663441783
722448962
744509770
743987686
652341968
543405464
774327568
746307236
537645627
557608807
563799553
756132469
732008038
747623209
761852106
774390033
608354081
551463651
617433503
715035057
741150169
796945647
540647067
627639731
721818651
591465373
647650958
660403109
683423697
772983476
782545487
578391035
770116021
539357417
694759561
705825011
588079331
585816617
715232993
804804012
558347996
701486976
573848574
688935234
750448928
797915069
585015511
668765755
539505481
540009863
726466704
538831266
624176174
553077806
549751925
537145537
585812561
571811204
762653473
559728571
551617030
802600309
659348843
564055857
659124575
795787478
610382192
775063764
789572006
671621003
538453003
649447529
643150994
694994791
765933716
553972063
801990590
676244570
686238979
732645147
573416461
627403295
587649990
629285319
667442036
616558452
720811684
601006758
610574602
687300339
797176589
672479836
538668565
570073869
659846704
537090494
542104646
586209432
774949613
605848338
601287084
539637858
696024598
719348847
640263265
626306480
721436121
708756595
555647757
573357459
724064455
665875620
696392066
667635006
745533270
653753698
650730331
800915168
760103190
680991700
705369917
740308523
711357088
729430570
740637719
710759502
771191251
785824580
730601920
710905409
677429175
753037371
640991735
740004296
551868613
708565981
704202164
594076074
654795160
585045396
653009411
771079924
794456423
698452532
564395029
730850814
777991640
561062427
748765656
653579306
761093295
726790248
542236623
688185259
631230113
586265090
711358437
762816443
702206070
550402187
652579727
681219486
538712069
549681239
672963904
595246073
598963589
717433446
805119387
672930075
682001597
755208983
550892363
653128209
681003669
736434384
715526675
774952390
580780179
542670807
616312396
724233565
761466169
546711069
679435739
674117853
619301546
614240357
714551378
792052124
695629397
716639107
781329309
561782547
630766366
631786454
771483480
536993933
560295777
676147041
762534941
803838467
758317722
545485433
701476837
753608787
606397789
798862653
572019179
561770339
623857637
665852894
795620448
587842757
760650045
790096433
685971556
725141739
673174607
716410533
538643608
796860462
795165085
574086902
748155867
696728267
662691399
618127838
648292222
670777810
549718613
577249369
602723827
710816954
658962525
710955124
686559706
785865128
581464947
650399562
693839466
553518754
602938324
736100312
653498705
746549326
567113233
780197668
702221541
764360970
707277346
562337634
684580388
618098752
788277454
707166722
721800536
570248226
772302238
575863091
547750238
685080498
565149518
748636769
796126706
577245876
750667671
751977956
604593215
735470772
794588912
610737137
766177567
780604231
686849346
779589614
610375503
804702069
725044152
753741261
666086385
601845300
759566827
545881300
585587433
648374553
645916639
768218326
568662789
744548112
767626874
776697350
592723940
777546811
779904830
789627412
715247213
570374720
606880789
656696595
649237235
538924619
743260094
623203338
645938350
707590307
742995815
742866064
560382572
602103848
753031007
683933335
628785982
578148278
615357146
740931914
594844450
735926735
552431344
647767337
702832558
554812749
642259133
781906438
674079445
759489302
712298232
750259620
687049065
786696787
709584358
793181080
664010993
588215789
634051546
721551821
704501712
591401747
583838425
557587775
574648928
605896590
574081331
680651407
606998417
748819409
733199403
600957471
654664763
599423423
624509468
643425076
603817588
631813421
589275908
668357111
691751398
757033410
590601737
764505025
635483437
672992200
564159839
572477184
788483981
537320138
797497173
568615844
657047775
660263267
704726343
763756050
609520238
720573044
713766270
541451634
703716223
771056571
725978064
785101663
684773552
592301292
739977791
573527456
739386334
645730094
592570432
716321464
704150080
639033504
770272511
589037048
622769497
556772758
787918372
545357132
550050270
615209774
585263986
795281502
655356483
723059644
663314268
645497731
672250574
546989455
642700786
718268614
673866835
706681469
542299789
754758878
564535042
555735699
591312248
769215981
688019112
606419185
578879644
602573583
631368558
742313316
615120935
643484345
734200411
619563414
556314974
716611389
707834407
591171832
765618914
571493147
539811993
607753553
755980359
583721643
797842284
706515221
607904917
653522883
788079094
645471595
706020298
748383119
585247441
761603879
804998542
755330834
717069984
802167480
773176822
706750948
723221566
721272683
634697172
567174168
773268931
666238399
709655420
681325694
594225224
586109542
588427107
761829160
615424853
555844390
632796717
594529841
671223749
792119316
788305237
731491398
751838795
707262877
621932912
591354910
761011733
566466471
615009321
659537321
796266330
627505387
543828567
648185769
641674792
684342540
544106667
700906186
699692851
750646078
564860939
645076979
590785844
795103250
795648200
572462889
778765107
684104701
707874153
784789473
644027145
645911988
613253790
762132555
605474796
769313905
611619723
673743041
616728075
647456636
802423868
743511736
627476252
771081031
729226591
744516582
737771490
585905230
580601330
606495472
682744508
560805357
681748339
556124109
650366148
556198236
794610693
597719276
745429116
584002986
564309884
642498146
791757125
657854288
562505665
684110673
645753397
642253884
675627685
617890119
600409225
574829731
776700514
746032912
629431210
648753981
685491766
720904369
762018329
625797329
594896502
628908799
566189622
637439179
791073730
651710064
759574388
644521085
676434023
547947700
560070756
720890754
772714447
674934659
623925905
780802817
749131088
740627496
632684458
698210102
644890650
585194116
539759836
796705300
750785412
725165447
649261587
653810373
579077405
631245948
703868699
576818410
609106763
556157654
590845666
686671636
563006196
719700018
796704057
695295190
625798759
711615627
717031882
568933017
671221158
709556566
582004594
680845284
715508118
561691104
754821332
730567632
689543348
733199715
788795886
650678839
617270558
694767072
569823050
590619239
574569453
562360287
592626372
752584726
599996700
695707661
582833126
731420912
804862681
802146897
667354851
546648572
666087666
619759915
601234730
748616039
687488624
800772825
803779958
761274575
582467427
777806386
628896979
761043755
791381654
787795270
792712795
703607532
708444582
603536718
568399217
540387657
763685633
590004215
683463231
544696576
745432386
601322717
705907979
585377487
696766451
574128254
662802716
677641519
698942748
693359782
787187782
594927978
567861228
738788870
567634963
549513292
568180773
747638663
599291672
540461420
689463966
795863589
751630256
610396730
648834260
800881163
784910569
775436292
632305361
747107312
735401376
571229176
701845085
786742108
581779539
765857545
584586885
724978416
755364475
565812279
552360446
735755136
728642978
798804921
659770247
560442175
800561461
800148848
804864058
648258334
786281029
546959628
691639263
642578389
542069830
593253128
664773219
777122754
642552617
761065203
652215017
669171049
664416120
577318818
732289125
742530013
766570564
592051998
755155840
759154402
567950643
590552721
798985983
662522914
735179561
780297320
540292114
661521194
538536084
705167722
733897974
684575389
635236948
786613365
734306199
668910622
793142563
758693953
700190577
703660984
681398959
666372759
606729173
641996772
718489271
622070541
683940212
602414951
737936049
732347561
777588637
724222469
705584998
631825087
577332329
659715390
687861730
663989199
707217710
601356438
737273693
674991272
624598900
720263757
693007821
768147811
691106436
794138982
734271260
614365752
554869217
712749998
596427924
725727853
675552871
572700933
583063136
789871090
733344144
543947386
628847410
664932593
712750881
771821448
619565404
722670246
720820149
688684748
760483537
712232146
714024360
576718962
698885137
573554574
660105378
613493571
540755930
656104070
664143841
567085621
750835863
766150047
594608453
602454762
790436447
645245956
790673432
787891133
540564559
649926945
591897812
674775622
798502907
545370347
577199795
612617241
645593802
570517704
612248533
665450979
563473517
769463591
702355825
747755766
541390456
741705921
633686764
679132791
596817414
715423892
653003808
602196527
544600945
748292199
798004889
747579397
572821368
666759598
571982941
779532419
711365421
614309839
611522643
758471130
610722631
641848299
785969872
649111510
690196862
792370431
537253852
592423023
789972430
688370848
685597076
560694288
751474416
569769267
767907424
621854201
721825262
637405704
594713539
569562805
704916549
647084646
578322055
709954851
587302939
685458088
750705298
658346065
564838921
683830439
614197328
619635339
798226865
566596069
597682917
771991526
616494161
747984476
677114402
571135515
734689249
545496242
584534860
736933558
591037114
668745145
782574237
733639169
626206351
680365267
590586706
721928425
620780099
743855357
686136755
780237100
698341900
684224654
644487109
700520882
601244238
621806240
712086213
715544710
674773001
688119315
588956259
603311684
605079573
567088641
603511183
781910132
656665491
669529590
697347096
750351858
696562830
779866377
674268172
555696214
597774966
587602034
775897387
589095323
543917176
549498889
610033271
573138263
599018750
798235374
683656892
675943255
723560495
658799696
554771528
593188681
780888318
705326352
572466847
681979036
678454933
706910555
685152031
573496138
609152741
700385992
742434358
780524662
712607279
712751135
645696247
778545629
637878543
590760129
603140743
703279068
559348241
721534594
737810558
596262772
709382169
672003674
581525715
571128375
582176004
738998681
751989323
631652779
674950203
571287171
608472833
668857709
637405696
563843050
761877625
700366538
649762918
585531117
737188800
548655896
681188118
749271834
557362509
695974024
680065348
605443694
778757465
774997155
688610648
699451007
654157987
541055120
643477025
586200245
795156515
754987144
752533527
636807109
672314223
727923248
678285770
726122498
643312591
589452528
648251806
676981230
666643615
706252978
740409059
717371233
633727403
783923899
799730909
671050100
726478873
668386402
688660969
796691911
789615225
615986748
642151795
549889974
691752117
642484512
659992503
771644553
613846968
712907879
745517722
583852905
596426931
688625378
660531661
729982674
753857071
715503276
708024495
580915580
707531558
774116932
556479389
788040018
789244906
743509367
703690940
630875700
657298759
715753350
796460770
652051704
681865694
735251944
644438002
641495078
676829830
674480112
712809128
658981920
697804469
587683412
633143791
643581520
682997405
729675230
572380381
623213865
627280908
590524736
547504102
627385727
600474972
798186265
650171720
560464824
752391760
659472730
577935319
745260770
800199594
538633926
574611124
572326666
713154221
781343942
572781990
787480925
783825803
725643156
758289868
772648970
558078152
644813675
747943329
575212793
726183885
637864743
571209648
616203506
804601907
777069953
578722613
766988478
702524724
804943914
651695112
714865600
584247568
598839681
693339127
665247496
588341360
578910748
675366270
788517227
582656548
604199063
717649900
557297772
739651028
553682753
609349996
796845234
555644725
550987374
671639997
563247439
717755873
548792729
537160524
737713199
589768644
683333166
654929639
663211279
720296619
576669772
540974121
798800898
549589231
579167269
565761862
608969121
547418510
746011232
692753216
643698200
643519895
667492840
588532387
724430166
632400082
709690953
757715581
568892773
580487718
649938472
578474849
742841942
678547137
577027368
666312265
629449549
658223435
753706463
651294150
709633182
750853436
539112228
758823651
721129080
693205462
762514881
606849126
736777786
742400849
738259895
643203328
681402124
561944615
647918066
692756391
658555454
742401061
610361122
733085801
612964266
554845529
540468653
779472583
708720565
719204322
701719220
715000333
704030926
768828515
573715822
731078719
588578817
751962055
546182035
753940897
797057922
552655650
666668096
648893054
555578395
795890759
640134229
653020934
544846313
716498001
772971018
758286559
687963490
722109246
710437579
671272252
772185483
594612915
756456589
593226234
705715261
621507484
570878030
635031584
631996133
674588120
654886502
570380513
796196820
771747763
750843014
612431040
578484093
788882612
649034458
714617544
606050026
550922925
676426097
775267388
677463783
557494819
720166902
719041017
725961725
782701189
696958523
589217440
737169604
669118291
659148875
565429478
619901134
656320104
577755174
759802255
577253717
614651829
594491903
647447825
785247633
560580064
585041335
781184180
612958574
708148399
704598578
687372546
741885751
564441028
672183061
747619657
741457571
757442007
571117913
641299200
607355202
707506708
764116963
592628439
588451694
786831604
756332032
629123815
757083635
714379798
685456502
560853908
781995451
801783341
620606810
765543858
634548587
738757062
749478865
616530360
763713722
643082809
564920845
700684633
632696636
769628549
764948019
760145393
568421366
783837615
542710420
716750459
771901741
777110441
707833391
570589562
561014298
688791916
602167288
762038445
686536933
718251443
667892517
732737328
797524791
713189308
715869122
714263645
614292743
590840769
799430521
550207779
607014800
647298847
698802951
745972996
690764336
555438102
753871953
724364214
586592765
588324193
750956655
607164006
675460219
556061058
774353886
772462611
539299471
682444137
764258005
686326862
710694016
764130359
768654209
605145619
738221947
661540437
694501992
677020053
691477270
773190535
749924370
785612329
652867900
767883979
567404044
599321754
739670396
748997715
765358947
702796582
637208772
565253103
587805663
644956891
751813596
796499329
552718902
676582414
540322990
688584826
610330172
592585501
537237118
770764114
765665082
559355798
577042091
756369313
800872256
684839277
556992575
800771160
554519559
552854819
793592350
755711713
687517601
714710785
618682626
775229919
721698484
562317837
803421474
760382347
744658354
798221705
575368201
697274343
747691931
551378839
750750161
766573309
544243688
732274713
544406280
760360053
781549811
640121299
742947626
776760821
738578880
578982568
639584456
767633459
667486308
715260432
672211779
638728106
614880895
690694967
680131455
547919572
703992646
662466367
684534559
691216083
616490493
644016647
711328971
586327153
676664013
694464494
674882943
571757658
662368127
544443074
604652573
742606071
684660634
742559555
730678680
775793916
674688779
601629700
543388353
629937165
719852964
651813422
780408929
604888299
651613439
628439665
634254842
627201492
645165839
646817639
692058940
756168333
611594924
747283348
733490073
645792050
747968177
800525869
718809478
754044033
755529330
683717100
789004911
634367759
680566402
784770330
584525252
752576889
705638758
648554224
563659165
599511975
645800047
562798047
713061348
766368841
776515510
650116900
738274279
637420881
605987936
610501725
760203691
687529724
597400766
584648767
733284443
743747075
658865237
659332594
753551988
557706235
700442092
733089162
707212624
678627834
583322043
707350446
674186102
618709655
569051340
661350080
761086082
800640525
704924249
575892186
648052331
640803382
562671944
610823859
650255592
642969960
676928633
795033792
725868905
706607322
763995326
723663328
802726423
568220018
553623651
750813325
645297685
553585496
600438490
569996168
571756909
666536283
675225328
552898737
560449854
766254898
589457590
706429052
708565454
544660296
697256116
743749881
741720850
761259959
663123806
582354808
663342379
723096182
695207610
671335229
622878325
674539468
657506395
741208132
608658186
704617021
592866737
754417165
678676546
552310041
689735662
608435647
637624149
803651086
621954711
787434245
687351726
688286784
564096482
746704808
768244101
724766981
682251823
549847039
542268329
774145203
766267923
594123572
573335661
635443402
706369421
715867210
605626842
628277244
651774260
771072384
537183857
746588278
667373403
712093582
551691539
572037078
782403417
802819104
747151812
607104761
793691649
778455033
721723711
710024555
667734683
654490824
744310541
598732698
706109220
569779137
674326438
753068555
766908383
549817089
626988662
567937603
574100229
600727794
804600735
692322188
699456373
704054021
736120594
625725396
680454223
698882352
595710390
590578252
606656846
555652960
556949124
718656310
743909354
610893228
564999820
741830065
685601215
780495489
675539219
545314750
698384389
568658308
564395395
757211792
560046865
601852783
591025043
703036551
613096913
557844775
633926114
798832348
701642919
691740901
778410979
554770960
780068716
764205125
705368875
575246916
699099853
552742662
747563491
674313386
564701848
744297864
785869107
599179055
551784180
778734171
614153372
776385122
613734440
606994910
781278660
582219809
760579245
600055839
565634105
591629385
793709832
688836722
553314750
677139546
545960931
755169631
777403454
558547933
779017194
765435738
675142030
707763965
744953802
567213174
756677821
552201148
695190740
623099533
761158050
608053255
625229352
547469870
766236274
551792867
569547694
791544802
789386632
789252491
649047159
625577581
543542691
596695839
730000250
705015112
678772643
668224895
701291564
732360342
601644614
641348834
718957392
601495112
559710049
793187860
663847417
576864724
791059059
591070014
735802894
645500286
684215067
664862573
616398755
677703159
560616908
662970027
551400550
695097181
560222130
555176652
681241067
696256164
536964098
619652388
755451479
673776700
754178668
586776777
784693167
578208503
735021381
701599497
658474081
623980315
694813967
538399212
744686807
660052436
558049243
679950046
586696642
681603665
624117692
759038458
559071759
739751919
606318222
562427894
680420553
707494151
728346715
683993158
678425371
749056557
800537632
724693393
552060570
684246481
696955564
564546800
677856152
662911114
720578226
790379272
597665335
768179111
701372446
682341735
589672651
787602785
790814292
783084170
759287054
799782735
630811910
563920626
636708525
680296011
797601599
551010344
555248107
704395794
554823197
540499281
593606486
796364840
584899939
549306083
790374750
666828777
596673711
675312157
804946901
605668535
580644381
684848341
767584107
629768256
687708713
724241931
666234432
560450593
542822211
700568161
769094163
540441395
688372404
775242064
660965480
791539337
557176409
685722670
616611789
699619146
743945885
651951999
669797467
721630156
548394803
707599729
589658363
670874684
572645099
785500316
740811881
799060023
759962497
751010790
719038518
622385649
536986859
714542893
735206461
621471885
602569043
667734587
775027394
658373792
749200149
721092014
637112528
624667127
656120000
636393006
545055184
747904521
580877242
694999881
545008286
575337165
568441585
804148810
589581412
549630217
679988173
555960405
768799723
543788491
791358494
766829396
774244777
667776096
688397616
539286037
625379187
594435280
611235845
651251387
547302341
755448605
572433073
793205614
550992252
717197969
791359749
628803515
560707024
596589036
717737266
801164758
678635322
632597651
690279729
631548022
604763493
543533143
710129437
769149045
749473042
758824847
669169000
711061890
624525567
721951038
602390278
575750613
667378275
757737468
734054049
686545459
652063194
744280475
674709695
589541949
651310858
793496881
637251002
728551875
613451016
747906858
667237010
788933904
594160520
660820015
742682759
599841113
581833817
675309632
619601366
587002260
625011876
670300635
615990705
541072935
611169597
586379131
682572516
774616586
719160846
663571965
577018181
735567786
659845601
686793393
707165991
682387769
620930818
744072770
681994884
610878344
725985892
621423067
661791003
692926726
714448868
553424915
577650020
788371623
742061137
700529217
661332418
726419383
546741497
746139778
679270973
645878532
561508074
717611904
536874197
677450228
740917833
544226853
550175791
639624538
698836869
723327094
679477746
542502665
614065049
587663044
803155938
718157965
575284501
615180051
617471275
787440751
700991870
762329646
690495424
791272178
552042348
771676154
653653835
584955937
704058701
625973962
795003103
629048343
575323024
790230075
541793590
552697984
577536229
678219471
627565438
671144288
782795535
730972238
723059261
727268664
592600182
588337659
658561096
573383249
546848359
576048901
788910851
585370475
782603895
562064166
631749577
589425008
707611264
563866033
561307126
729161742
575694988
568694365
695281494
754095153
745636939
759509035
739890821
633767764
801220323
541506620
800878492
561827390
591117064
575044043
629329153
668050302
719499193
776392883
629659364
698439187
749112937
634561236
576635825
718912963
664390849
632367536
735342220
693086227
746138635
655557185
589740195
730479613
749192532
735075559
595332460
722077485
765719086
644586349
540875964
767799196
727213211
799368487
615357352
612252937
619188495
803571353
692016855
569275925
707501490
777529411
628906037
730572965
723205616
653598347
767019255
591691938
714074365
701706787
764768231
694227092
735849084
791905396
795569405
652649864
667281266
537957156
703374927
766630773
733177152
730723390
750493183
589758182
710706561
755231662
785690058
707149354
586634221
789767785
675766077
595983323
740371654
789750609
804377693
558544072
575045540
681050992
717557676
713900671
762533982
731298462
731854266
800829687
754109961
721125380
795277399
675450627
582873716
607479598
762734392
550311965
647072015
595057601
573546750
613336240
557537586
646368575
678167587
657404462
636155795
732671707
801012541
657200714
765720305
548443437
787482236
699125435
711237061
750968998
652866410
763718360
759924083
605400935
757608788
664346809
738744712
796028620
569498437
785466429
636332245
587282142
736837966
540511147
736386517
610861073
676966715
793614237
610895223
625143190
566350214
672573677
754328594
604143239
664288012
628233842
690049657
557404376
677560781
555525958
743470967
680104690
715423448
580863079
783391686
585717640
665319480
667001648
734881327
728281614
737812796
770188600
540335707
694031661
587476200
684227032
682541505
778504560
775729032
542483164
573387269
654825843
588932989
709222327
678209419
741917555
597996853
693921756
546246473
604622651
723623359
603520427
600553388
738793264
629347598
545693958
539468692
727030750
709941382
633993326
590980487
801134482
708247723
585617699
712939122
687398415
539710323
732512569
630219780
677417669
760741512
642938319
680406538
571705810
677407210
782665386
641586484
722898729
680582484
625577873
619022086
712079756
549095161
695349682
789844117
631592104
586485550
677942628
800116706
567634098
666185609
679621504
544602056
564753953
796393642
716599553
671730668
788528042
606051503
704484997
602412878
722789768
556536041
602109446
632902136
692787043
612409241
569853055
597713967
802452609
621213875
652036312
784208573
786790477
778532372
764467582
614344482
550548952
797528932
666498139
616023530
558660514
592122889
636074109
728634946
667305709
789388229
622482024
564852742
595095912
651800938
751209108
632724549
550079948
628835471
564799748
652944454
560696415
551704648
555091470
803859323
699428732
549789561
692715508
631962970
659063509
716862076
744138873
597852057
644296854
640566434
709157371
778331748
773597249
783011494
715079937
551774270
605158593
591335967
800566948
540724687
769700260
624111616
722082992
619521644
800836256
589866136
762919351
787250600
797194559
696128283
711010848
655723141
569534306
727870417
587620855
633873063
774561835
751810812
624871640
542884138
725310120
674898233
620272031
795487389
696699333
739400735
647233335
698363736
769395919
537243903
621656669
641462585
633267737
721774482
581243907
597806014
702636235
681156141
621917998
661111813
592671542
547770808
742221409
666833221
757318414
756655863
621025605
761371033
740239863
788490357
584169151
723011332
704110147
715388429
743832679
675306567
702101055
594758275
559798237
747192790
637453890
732838876
716195905
782939832
710262011
763055402
605874740
676874097
607775731
659691618
781628207
768982268
706977059
733617137
703298037
677550029
700182579
619728774
648652333
620616894
653487775
629608603
555128773
803299849
602811885
697116393
708297152
712236507
574358201
796269106
701915626
782163511
708380048
728155040
704953372
604248750
619568842
672184582
586761760
701678662
593830021
546945267
560659746
668877380
648481609
660801220
559742698
769500387
700167766
769009220
643503597
620532246
661028871
677880979
644937420
778413709
619190112
703359535
625779567
793355040
795859605
548731740
563143612
550043953
739662683
653199298
724209415
691470864
684317616
724448973
737864345
685145589
713141402
595452387
762998951
550171000
771963392
764386013
660561585
712245619
764499628
764602000
592532334
606151619
764594629
547637748
567501326
774031462
694069405
710581121
721222032
684734787
624802170
707767534
632458778
544760313
707556225
702666393
802629472
597327768
547848201
550522543
763966991
771903801
540063047
659944487
603942834
715383799
778749142
585202847
561120454
687996800
756459695
544011227
717399682
683699661
676986692
630390495
574702417
774488637
690868609
595630977
760565335
790217797
628182548
620096448
588838689
548876547
720629373
641444010
787452927
539987892
757908373
626357471
615972495
552148241
671630699
756588471
756537309
634337622
556844333
780736298
594521796
731782357
747503748
715444656
796181915
694368208
687459557
739504410
634244954
598785643
594125025
546319330
686320614
771339349
623898287
686813956
663382335
693041944
605491058
751068380
713129337
553151832
571949595
642384838
547482682
623831985
803638238
633107604
765658043
678412488
653950256
589354844
631603053
649169542
719733283
594386442
726946587
763295636
668206633
559493641
659116712
752250185
645264163
717294301
727559095
622285041
771228945
799642639
664878213
691401450
590237891
637205319
701834591
598605079
621238518
764557087
735333719
667976774
651837649
588561206
650044505
698248129
713103860
688016064
589529519
716798355
580289139
566823995
598474315
732960611
707754597
668808203
727166456
551028386
691199857
635387118
667941180
577754494
787057598
798316993
599786569
663531830
687549953
785462566
693922332
711223095
641867023
589077105
680035857
753304672
717858154
634445882
713803665
645712926
622257685
548599163
729057122
638424129
733836278
725920988
757509693
623161697
606108472
568878347
548836939
717013262
779917510
571733834
701380366
682351256
579698279
665473653
772495464
708013201
560984289
656410292
745470816
603873717
537235703
648170499
661976523
555139506
538770520
546449070
609078083
671802540
646305925
704831638
603291406
541472471
751284776
803565316
739773958
617118777
661090316
736625733
664925690
666524975
672540953
551032183
660427408
751103331
727515485
653118067
643529688
665818321
716803455
713050639
671396006
735855222
578603530
773833597
576009285
748795439
676073082
680473522
658316680
646977193
784607049
729257648
782532269
769777889
554484634
705381284
545438243
645197016
653903517
716208157
769682004
590382023
588731200
680329116
707546157
737703224
705424428
733806647
696862854
780970175
563764856
636447644
674782789
777161108
784112550
683935855
542872963
596112134
579449874
585144955
750211174
688260697
541421148
688421692
744958982
615648798
749878515
789179177
631602754
588699979
736555110
545146365
582029213
678996748
641797580
576773748
556110117
572025494
574293750
772707542
669129305
735595190
618680271
606163996
690611811
609177280
764505148
586817124
696684588
748728601
798014714
611813822
663351336
745391615
564747929
789298519
643918180
623558480
552620100
579453646
580700724
760057339
626013305
752311889
747271590
561631394
647311921
677601993
737580523
715305402
550406496
739848865
735372227
717535874
692356820
609908042
799406958
715400333
578075509
682499695
603433855
780328471
593848772
797796295
758475629
563868904
587964112
690907007
593810802
596409140
575824457
547287788
790998292
611831074
672769754
735894106
596430880
703680433
770754943
752133313
740997039
787935181
720857021
622752879
762813293
547921219
781173801
781317788
585070501
658601364
566476383
768117452
667761844
663536666
726334994
539695268
693694375
697157764
778819175
743819363
744657981
601806387
583706160
617384279
545349685
587923274
716679093
738245831
677160452
799089045
652225290
561819611
710999105
764443973
587583939
663592129
600914627
701755228
775850246
544604689
692187709
782372638
781870713
715912512
773517737
674928859
549402137
708778486
698918325
784347243
579905677
721618953
714278153
661422464
676654304
733535373
772339788
718745652
576507491
666738384
747081805
618630587
784463391
792320102
568992818
567136586
577384077
725596633
652735737
618332122
779510087
765327917
768604822
559268017
605408592
632735802
681252703
680308823
736963404
773107515
580761808
655723561
715794660
626875287
631883270
660765112
564337939
672053273
768586028
601505291
772068871
620774813
700986387
573048955
683000714
638271729
783990535
647901273
628351289
628332515
727298137
591871405
756015642
567945699
796763705
622163101
654731750
667059709
737083686
621399072
737793741
690419383
623137770
651535020
582445570
653053369
712538763
804676690
559768025
716277253
776685300
722101602
793167105
569380300
540936680
629270076
680511938
581226748
558041385
572438586
571297663
550374992
668133567
665229249
777461908
553690922
674143889
578032855
701986430
591751390
778448058
628980757
618255543
675473679
782181207
634880591
638145968
775536838
594408928
576208873
711270589
587112671
656564105
540700684
617672931
800048356
716621855
536900842
736526761
703487301
770124546
571471546
593371152
619123893
734504102
673938963
792534170
624428242
723253260
728602555
678811827
743330674
801893297
540528408
778160925
565274187
660758850
663923895
747064046
601249581
712613062
723141182
631738209
722226144
675077641
552181155
556724581
541295360
592917109
665638754
789721952
677569537
537080012
700291178
661011874
585795515
767149031
572964721
784566051
576158528
554743420
716846251
719465912
618603749
669897983
580580656
675665377
690895412
731456408
686069650
650903516
551500567
544202215
720934612
691002566
660864545
591194722
786803988
713246454
804830869
678427976
578247655
642464680
673435183
798765137
615618281
721740496
763476653
731351622
736582948
634915104
721814280
747050593
545468058
666509815
682037394
691717368
631978862
790253584
749324378
765540183
555191065
629571100
561730244
775944107
661378155
583178278
645952471
766942108
772149255
605449919
765850295
559098058
718273132
630410788
738007221
601658944
804786832
706638734
777465087
636067758
550863643
540733368
698697529
792842193
735372612
674391111
732787955
711208957
538755862
758788472
644072783
799880570
744920363
760222920
797961552
559205684
725675946
601388030
772214945
668077229
696227461
758093234
699726310
613157810
609696730
727319106
733478789
728691035
685481357
615646024
696328542
538774699
770823019
761242029
638193172
573431649
778055952
622513386
626314779
717025393
799596531
716452191
707395172
677702199
725171296
614012136
664479308
738595601
624462723
556247595
621827279
704180494
588141014
737072890
716777120
556863517
603267808
667266201
764424072
793798926
715995307
559371489
599761033
710318576
763744343
583081360
612253772
752094379
708144349
632967759
716720824
553339013
746313512
749985005
635306760
719558415
671315545
595135821
555961379
796222679
598397434
668658326
615322983
768971574
622242951
579872157
738987469
698799779
786314788
585399419
662477641
654815414
755516625
562285604
723076973
682398815
664190505
746616518
759166402
762788872
692235457
619442177
591574643
804614420
696186330
607522701
635205635
649535427
678985953
775391557
673892312
761790408
667066160
765321720
726054082
662120196
620096995
792997950
670784496
760250501
734748132
565255797
587099847
553350246
582641662
654139086
605999350
734637663
803535404
767685939
767412033
675389230
656333255
573896364
777021131
736594913
597687551
732169320
652589256
571930983
684512579
606548483
783150330
742300032
652259357
755729176
617985928
689905920
694951174
563164424
739745868
797647674
670650711
645097474
606854930
747650610
737535447
633551765
668237697
622111965
630678562
701674288
756393834
741211454
800701751
684127691
744125455
740185673
744172604
637801066
659653400
602651434
594232238
545287984
748900937
780683594
696656155
617072208
551976983
656977468
691244798
721330262
571823862
801237367
782473033
746357211
802657253
748567628
693299119
625150571
793896604
541352127
669106230
629688099
781160449
629605539
538228462
634660787
785680627
754090699
632760236
651506221
729166880
577152006
753629082
641265514
598693181
753515838
725240540
743332892
578102644
555980976
697478152
643581212
752043846
733008321
747521707
544811214
732100280
543999436
630783790
548850251
539530849
638288753
571032614
578977758
671073428
735860642
697677833
636336549
622003342
782141911
644751934
791250107
779475795
691568731
729483616
545957838
648007531
565472902
594418355
668190666
590099214
576605245
686193556
760212351
632275639
567421322
672979239
695000457
585023694
760911536
712816032
714843495
621011172
713444678
768771968
767200421
757172454
612696545
764837486
672696594
600565432
643516047
617882441
676576588
787711264
748436227
682420306
645737472
695270014
567733874
586133713
627387274
736368454
764550647
609816341
692916985
623134462
547475894
663920630
644488414
680237279
708541970
739209183
754560983
688236946
743071970
761942230
732147165
591524914
702386623
688376668
550003312
782618634
710770353
576053175
578351436
789095575
790093663
676106309
688656908
575132756
595239359
784071195
731830909
565787202
677953128
657870321
664507125
627954141
672767684
787931572
669887902
585467755
764498377
755736049
654647482
584695396
641105841
638734029
798635860
672846528
731670747
670723873
735852563
594992395
595317634
650719648
671130738
694407056
770698417
759816614
759369720
767037003
537486558
772224114
770991633
719887676
772803210
733944958
594746387
671156139
588210973
580514864
669056111
634821078
630499309
538275536
597058798
642128922
567242100
780372190
757170609
726697705
571395889
726315043
786633558
602703263
791328765
595340409
745940910
770721995
722688476
593842114
546907701
693400284
573977676
740736411
739102419
581505637
537011816
721971095
609974180
731044574
658864068
537123753
610718556
756223634
619208058
682931127
770752013
723021232
699936071
596136714
713489446
566436689
752904981
749927533
557131789
741445380
599925001
619029416
615916190
564921604
674125821
580460548
583375469
751682735
734044200
568013327
780550279
603656266
734514338
792675297
580626973
699352245
610086294
552635414
592401660
650663464
597042572
660566358
788128461
647577606
696501434
764575252
708813715
581569543
764898242
682482261
595960114
612979459
764399384
619336806
681144353
679257780
563998201
586687438
784599315
565615912
801762060
542885608
755819719
796270633
633999860
699808579
566101885
600679298
593350638
559620913
739300618
557311727
543543519
656195949
610056915
734891100
689935212
756996202
671700041
592644374
591807223
584971265
625668218
787448888
643615122
653251202
659584117
768354872
655325899
553453046
606341875
670095223
759906571
638324683
695025341
641349606
558480342
776907714
633967772
643970014
775010962
547557000
684633407
722407949
765332732
623951816
594083550
543990483
733991607
650619380
666852763
684869139
608333351
719978087
599268205
682235694
722446315
718766723
662193443
695911210
631140789
625430465
717203333
538756104
785963102
549955070
640316643
714497825
736210549
768377476
539087134
618020327
557509556
742631458
590603777
727859878
758153724
611439090
785579545
770873717
693461835
789540481
551650917
789801258
705645678
658105555
785346157
584006482
718119524
777247039
757718505
655519417
730227506
707336323
556611793
620338056
638869768
804567140
582362358
616931034
723012782
614028693
766080724
643403179
646278523
610795159
773931055
644053257
626702222
607941822
675583258
705840986
552408576
551510039
725991971
626276959
642068753
608085730
732667901
755093771
773966123
774325045
575975767
642216887
709074009
625445781
558320125
727474500
653809612
772752240
798383630
654023707
775523191
609850203
759651306
804595891
613871053
786266830
581197073
725229445
779720489
760111005
662637725
761737373
570476998
650530124
573126237
630948130
598630740
656683092
733026153
769409435
550218506
539269124
549165135
666566190
767432538
731067679
678045177
559932910
604794780
789121578
605506805
547172380
591146915
792776338
661552677
557947640
733010938
781309717
760541776
631090958
587518680
761982404
728059615
615500713
588175290
784804672
614285555
803680023
600632839
771185160
788207526
793964435
756615732
634983875
619978646
663040768
692088669
773416347
598204872
673461015
758865024
582214605
704554414
715414672
622356101
546375156
571648541
679786547
743815938
588472916
553502787
757687798
556631217
720614863
600126322
606290946
555409617
765136425
624564359
606612845
769712916
552152775
761298109
759985101
581388947
743669583
700056376
653211209
779561798
593751948
744139956
616902513
723619618
749472660
645722937
746614028
799158290
597808933
761647519
731458754
687743365
795082236
607834623
684847572
721177618
736472590
732122365
553264537
793378743
633042893
802187218
577182435
643548790
749590940
736751033
728935993
660918972
735992879
561017560
641910941
626034185
785651734
585265170
797621657
605444142
696796519
650553756
565085881
610577000
804852686
603015057
