941759831
831294344
1039802478
825810948
927443498
1006685112
882363755
806372627
858009023
995405669
806716619
949481142
848189038
842147920
829989064
967413639
856170676
911208149
805801570
1043390418
878524016
812157162
1015562435
954385750
982531525
1057129849
867609231
989412168
1011973962
923234239
1015200605
1026115998
889818915
843956849
1006311868
1047401142
1016974462
932194781
842563260
953284399
884592491
978679685
808247618
820638466
1008269932
856254149
835833649
910261338
1006705751
993961669
910242706
956160649
866105692
887616815
873225225
974349681
893094353
1047595459
963875420
967150312
848425149
819816954
930863069
809361392
966780058
821184276
836106283
819260974
1073190560
959277858
900500290
1066394065
1002236989
1019368772
993569674
891745551
944333845
973274920
1041523969
858573485
918870986
1016481306
993804938
917157380
896178247
867837077
1015579463
898865124
836015341
1056259363
1006586482
818072690
960405048
886763100
1036514711
955670840
950217233
1021194405
986513599
1043795764
872333599
1040593510
932781511
892171625
821272117
846696674
1064137737
1068756809
1019975090
883519904
1049240237
1027142970
853737029
1073490330
977209555
1030955984
925290835
861993088
942806236
904451941
949186746
1047846345
816938992
955125480
871282519
808745164
1000414562
809142109
901480445
847056440
993614124
1054824834
975915896
890901331
1012737542
882205727
997587482
902917767
1072268366
857936948
1003877182
964925442
825479581
1043768358
958529998
906841048
958453929
1012887864
806063958
1041091441
1018293857
998550144
882735099
1024473182
888326644
942322321
984955907
937540675
921322565
845664236
907129265
897057892
979127982
970405994
1040827666
868624641
1015990858
935330205
837036330
866342760
961232679
847622694
884173928
830144486
1060637133
842245402
1017854744
919046148
805561153
969769441
806262195
1044503273
1034278622
1030421532
1047500379
886874220
936684771
914948550
953786364
821078360
1062566209
942565235
1067018075
1063499299
873672654
807567892
1073110359
1067285343
818392378
1053246983
956709440
859717100
1001143789
883998734
813889360
1035133523
1038949084
1031629088
1068345822
964974402
863100022
900482966
1000452403
806508927
840142802
819802425
1055727580
855995079
843840930
990960165
969196132
920829175
971405106
933197996
907777143
1000273429
929290240
881236135
872381698
983057233
946631650
853885387
838803484
839687236
1044152802
836460188
917402624
979120913
964689343
970557005
1016692154
830090699
927784000
858245746
1045424322
846559589
1017646837
850774374
977691808
855642731
905113227
919830998
965288299
888171729
894298797
979719431
889975922
977402858
1011494092
883088472
931436110
971097720
1060088098
986380261
949384394
938990802
995973747
860636938
932973173
890752082
885033786
1033420335
992424262
889646105
807181356
1040186346
1055610250
962408416
1010401293
893516071
1063418674
1035814419
920846670
960849378
1066894466
900118752
997393649
850075860
934213455
869777124
843548461
1056538745
926591559
812749995
858414361
1069593674
918509343
847362119
1023661344
1056708268
919601525
1052839302
827134735
1038750071
938458038
893235887
1021530162
914045897
906364446
979663019
1057597670
834827352
916540607
987171473
856385782
1000544149
944174204
856812468
940566356
906362198
808779370
988084894
956087975
841773769
871019465
835952431
881203517
944592818
903946527
974010757
1012831476
1059486874
1051273268
936095821
1020257157
917062585
995046474
949546444
849526130
976859742
918935555
810821855
919632586
963563092
922472835
1048909416
832657579
896508066
900283212
919102831
893864770
1041650384
895297207
847437486
823913363
915237493
951210552
881069932
1010813836
846905110
826969292
896706092
1058950470
1005625251
931241334
819130331
941294694
1054388218
1008235822
997124411
975414128
862028223
895337056
914839807
1039327301
900043289
893525400
1049393729
817605456
1033157137
855182342
951225379
978014114
817974326
915670740
847521469
1016617857
940424311
1033758516
1044856854
825170060
993039031
861146589
972738577
834521284
932154725
818301263
891185867
1004717030
976744936
997426749
956389520
832533776
835950514
1062713652
962542863
870403431
809919172
1063324086
1060393108
1047181603
818445950
940097942
960035400
815572695
1063356578
831175979
1031489100
809337825
917694170
849366783
818187605
813019517
924042160
978682730
877709671
877905311
894754419
858660100
866541378
1069825503
912599872
926196163
939138548
902458889
899353716
1057332301
889442913
889376577
854364441
1059388259
891745426
977695178
901277947
950770262
903923138
826182388
1013344787
1056595716
1067930707
1073082212
810548406
859319201
923072092
856776768
937211015
878221572
978526268
1072645828
850918112
1008761498
812138128
1026482550
1017413048
920640269
846133468
859529706
872746275
885709154
1010740787
1041432017
1047710368
904037439
931932091
960732981
1019671822
839879574
935049949
869888619
898305623
891471453
837164523
864773482
1028812157
825690498
1003794510
922850520
831724281
919751580
847037495
1031310472
824119350
907998189
1045794740
1009004497
1016092313
822613423
875821038
886309931
968646253
1032113325
835189531
828050090
1005696260
888762970
823991257
905700873
978308681
886653580
886513470
850585281
1054754223
868090597
1057277311
950397998
821008515
923215590
1034181369
1018484225
954909229
912343594
1072922768
818211814
874376725
1071182869
996406303
956652553
843411667
1051219616
926072191
905328821
957308385
935726996
1034988321
1002832008
998850150
821290944
978245783
1067761263
871225293
846683811
935459687
941916246
994383527
955704107
891469147
952871693
822012422
811940271
953790944
971235553
957773227
996955108
830478288
892905795
1049286662
944787326
1031069843
944841153
817609121
888124991
1032950056
908127398
885325809
909850363
895036981
931682077
981947017
815524864
953280686
1011245844
863667729
1029404925
811935907
982916327
1072754972
1013493116
965157454
1046452691
1050861832
1056264903
1031312079
1064186267
917038802
1072804165
959462939
829586651
937033946
896126146
1060431075
829157136
978523268
1063571089
934992392
850242099
945500529
827257880
972608886
1026209740
914768908
810881287
1022270481
956242488
1029867390
950387433
946861682
902634902
924512823
932055040
877247016
848168299
994125082
852154854
1007798209
1061883687
1014241676
983982030
1018807406
820627790
859695277
877856047
932193424
878370125
1004812623
1041416587
974660010
905900722
986115690
862279121
907911043
969420866
1010283802
1018069481
838321355
1069854228
837589547
932447205
929138453
971192254
859698214
1043323664
968287434
1045867210
1007166074
1012921792
847413345
832399720
1054638030
1037212695
905299178
881553995
940721202
810675195
1025020513
928846616
955794683
876089716
815400850
870168506
988297068
901082339
890575871
913350314
982207721
1072189596
891684510
908208645
836865109
825060620
851357199
910903774
1064869734
1059782378
873857308
842974677
1027381012
991712302
862281453
953651244
990554709
809362249
1012990668
1052864888
857237492
983452542
967098763
919550526
938840845
963585927
825425092
1056078457
918197907
851772394
1048496603
1054956987
1059735393
814528861
924704350
865108219
871630491
871734581
920216260
988911048
855995471
1072253518
992939584
1020387113
950442520
1055261044
942892917
1061387738
930827203
1016359674
867227162
1050043652
848208777
924425186
926658278
972698605
934728040
1010996915
983251018
903097739
1060030025
840318945
805617241
969018753
955691065
819171459
1069435904
980009493
895719999
862353772
823221922
880904509
1019846552
880768522
958859581
912374406
850359667
996388126
1070603661
960085256
1061128768
859651746
854978009
1040833882
895624827
806722906
1042787230
816773090
887598885
1035479151
943107783
868462672
870419898
1060424431
824251026
969483510
915777277
1037166736
808155762
969950153
881324895
912555627
891560756
813438379
888865593
988660140
848548266
807630205
897302724
1008995275
1031379994
855436276
980768080
1033051117
857804534
997864249
1028274478
948062801
1044134204
901214186
805588926
1052537960
883726669
906248608
989390742
1029027980
969369203
970606566
1016485819
927355974
1068796130
1034119460
807890550
969918058
1045401467
837081602
964201373
1039344638
924519789
851494561
1051642523
842508179
830095497
818683113
886483512
1050651229
970420717
948191013
1064338111
891257307
951528391
1000025390
1068605833
952993431
929075711
823507951
826101226
830943903
888497497
1002149921
1050806817
805496412
880794851
989901001
965459350
1034634511
930570255
1024160393
1052485505
1049931505
1005600490
966594457
981293152
812401287
883420701
1039703586
855433020
848380184
1054349540
840871136
1049362840
984850108
878440467
870188383
823505958
1019305038
996719481
1064671498
986334609
957726711
825990372
1015061315
887063894
1048831378
963499265
984961964
936125259
994520678
990146831
921910745
828008789
943580152
848319756
1002849427
852859443
967071765
1015312946
1036311195
1052719844
925084147
831815875
923215050
906579563
881051732
821858141
1065034161
807380653
876383256
920975591
911120901
943515136
1069661089
975487363
956343151
1015461625
1039785236
998649664
867134341
973233463
838265011
1045015243
913455081
1014428487
1047824139
974971248
921519336
1048592888
1041818867
828763152
822212844
846554026
1036667253
933461592
1052831721
841252909
854918282
982057902
1000121312
805475981
866225917
1038816045
844393839
902737296
1000217895
1002099143
870387510
932563006
805515607
826354723
1060161443
932192785
1013909122
857067449
838623064
1023802500
954626666
882179454
964533871
1024836911
1030515470
1039616649
817121324
1061338085
875593989
908403595
930111749
844511324
934782610
886815059
852048617
1040735952
886323944
843049013
1020412214
967864956
1021013304
1000252224
842476108
1066861058
875477243
1007630641
1040100418
1003242070
1016065365
1051838362
807774407
1007798972
973709039
1011631425
917265642
981783520
1036860830
880573393
920462680
860030852
929359797
1025448708
897720944
1032539553
992019345
951794440
913226538
874192309
1004417254
900983220
1004786956
919256671
898973549
932077143
871513699
964798516
887898553
1055632714
1041838093
816421605
1036615571
1035229400
846584157
935708728
1000385319
1020321703
1022679293
914713118
924139201
941030012
918422910
858959395
870525006
1001550759
953209008
851351833
1069149919
845554497
929199745
1010625308
958725041
987737831
981768654
848062750
1030595199
859347178
1004142215
873557411
843493949
860064014
960678846
890465362
921094979
854848703
962040096
932960274
844127068
952288232
1024738660
962488610
977524994
909141886
821220126
893630178
912935968
963186631
955225265
894688853
1063121113
922135541
1053689794
865134149
855627862
918045263
885963524
1042639694
815302987
806682464
915565396
1012173809
808487828
820137475
817973000
916897993
1040521291
1011936331
966617377
883242539
1032135749
1058104372
943518371
1001333034
986121970
916949356
1069799205
901376481
807733065
860532916
912920187
889438053
1042978222
1060985232
1017483675
960572293
979623596
1028605622
894201907
959449935
918998226
951488543
1069760736
977368351
999146527
982690091
877962627
840186997
883116327
980184382
895147293
887344380
954558300
911619052
1023725271
981369071
930569950
893110176
948179669
978242873
823123828
1048411714
1040012113
951928118
1026050511
861434672
858704957
886279203
1011124402
993028554
1008582010
887745401
908186357
1016495652
1005806948
852165673
865995607
1030576214
1065329971
817574027
840019827
810721860
1036406226
870508419
924290333
1021909366
1062507138
965904244
855044560
878302583
1048156002
891409848
972423309
1007391922
995804404
823987031
827135296
1020651477
965789888
885887295
1050777057
1008613288
1042910703
995984108
918347297
905539223
873610060
856329781
952816912
1041228497
845803718
969496754
933623724
1023648639
959192931
878847966
968596151
954413161
846337781
1033203929
950251467
847611313
1035471730
1039002774
922682071
1021153967
1018347981
850410737
833168560
891273290
976947017
827866379
1037075291
1052488395
1059429259
1027084267
972172871
1003073206
894954140
869296529
933393951
1012325725
920919970
812182153
810435840
964018886
921233627
987391400
1023588000
1054694577
826914952
1051140803
990482474
1012749642
1057794262
953697331
817161241
860583601
824485793
1063853202
811251457
826816814
950837811
876714363
1000182147
913965219
920538593
979903539
928120248
961587535
1033723756
905762580
1021876481
808082538
1025930764
1039354349
977840725
836176160
932714432
825427603
867118133
956979901
988751767
851233549
859476835
1036753209
809325317
836425466
943811524
1036597518
1002443171
874507342
862187495
875811851
1020664199
937055514
976229763
1023927114
889225950
874728127
1041848372
814286418
1032328744
994529495
955847521
1020832297
935553181
1004368736
896264806
899926762
1068069574
815473907
898086526
827055642
1060056274
903268305
852516481
957544509
1000324389
1008279373
866429910
899811742
821326272
818956195
940669947
1024842326
834100446
1054387812
902538271
1010263086
1038693419
1068802487
1029750278
970417849
1012697788
917731954
1073153775
838350711
884129905
828000414
1058324951
949012652
838472151
933755839
971633635
977845800
873488321
925067447
883953445
841331888
1046952858
938098040
977381503
1069024128
955733025
883314184
1059608927
1065276396
1020413039
956691501
910511916
891010236
943492682
1006178080
827791582
1037149684
985212446
821505279
845359012
1039784773
889118003
930973824
878552888
830074501
957852118
1045202397
994940163
1049684748
991527698
1023712122
857022370
1019008945
1055551720
913996563
1032953247
984033970
1009158477
920418301
982042147
851786443
967002643
805576372
1004552363
903135656
934559716
884090198
1004837207
881337395
848156940
1023197205
931942696
929821918
967084388
867266958
961434678
897684195
970279060
1055219813
896149621
849278011
837006759
942513512
827605077
864094278
894010398
949402361
1063358885
884626250
906336759
898883668
947752164
973359809
1066606729
1051619397
917318836
851054452
974847297
986380244
1060175838
902592049
888201386
835818121
1052120700
862581636
910480751
968947725
858560715
938520745
945995651
815232768
961311590
1064518085
807147703
854494752
976658072
817279958
955033500
963385824
809359528
806713107
815079076
1033440736
912854219
961301778
1031959985
857969447
1045786757
877863623
805399056
1047604087
923389702
1071712183
952380772
1043328618
830181354
837004098
912825186
815307204
891903160
959979127
985978680
843730489
854519023
1056570175
978735186
997786017
984665253
952905971
920428166
1037032362
871676598
882302777
953487683
1034945255
824292029
1026572776
837422237
982188627
838632465
982323160
944607440
1027950843
1073583909
977714255
949228512
875789456
829228944
881592253
933309110
837852587
826197628
873583397
1007800674
809127676
935769704
1040898465
926727179
820213033
970305775
1036960934
899127667
846588573
1022028101
940878123
959786995
857093320
1042566384
885896652
915043706
974719123
970421566
957045259
936635559
946624086
970419821
853440782
879946355
967428517
1051514349
935700612
821654577
1005658522
903332595
916456618
1012398012
985749145
909957079
856276318
818137831
831678718
811900831
866243542
816344586
857644718
1059838353
991193706
967468038
1019543717
1014430692
858623610
1037079927
996347051
818383177
825207935
827702366
817335526
894092842
1066182501
1033508482
906411480
1066459550
883727039
806627093
1033654316
814615061
1022413711
832632882
806126823
970737598
938121648
931190687
1008132307
919752671
1055647001
935313916
1066165053
983118659
937526521
1055233387
1063756380
964926187
980363513
985358525
898721187
930947786
936751837
893684788
951828089
1031428023
914580571
932134311
838471682
917274394
977199372
887046330
1025441589
1046508244
1045513702
1013007272
979320534
1041589190
810934266
935313816
1036262580
891643509
865577347
890307589
1008235146
871826332
1007963389
890248940
1029913644
856834458
948444444
985186055
889808884
929931741
953181164
880290857
867849333
882238976
1044065515
825617049
1023441475
807478767
1006899652
822453386
905284004
1036240311
1004855387
1034137140
963355252
1011782901
824163905
812636443
1007518188
883457973
824603964
865623056
955576381
1000053059
1020811655
815730547
880886863
839707289
888462837
920906689
810537124
995375823
923186191
940264541
1063709185
1020703015
1051523325
816455180
910285811
1046279151
857098354
1029440055
970339313
985641590
1046734727
857599422
834827716
974091345
963985872
822997807
929110142
853736515
939048327
1003088978
867895180
877799852
808740381
845498510
1010805126
1066689746
1031043229
965019706
999483529
870700784
1049391746
846675528
960415107
1018617424
888103499
1027043386
830543268
1042387639
940821194
895825891
1017838656
921282104
887247976
819842784
841012105
813702813
1006660058
807305364
810618555
929538915
846821738
812582819
874160364
958028725
946882840
972384186
835812027
931805198
840992754
967676863
970423433
1043635197
1058147225
977381521
1033866547
877320468
850749347
834620475
891690045
842510145
1004977655
1035664356
1000929862
878359045
1069165739
894574653
1062900345
994158570
984821038
1033800980
1032193645
817819725
957412863
936904657
916037629
979815038
1016908702
931981292
918937782
950373843
925943789
807370871
1037883887
850026971
1069338559
1027161197
1046346919
1033664604
953257865
995466701
897424750
1010925181
919564408
1063834574
864206172
956728632
985311003
818004058
847422124
949440188
863463280
995819562
962875612
1043399542
972708320
936279611
835132676
901336099
949020497
982379345
985352638
918267063
951811233
985424594
898657947
1027514501
831975281
999201925
905392275
1016929537
956027922
870648298
972718501
1025647222
1040844828
958982990
806207356
978279241
886622599
1032206710
846673578
896623186
866201946
986771049
883979797
849694524
878374687
996859375
975136696
1069678551
855637296
922557031
984106236
1003973900
959292613
903986696
896233380
1041264294
1003944718
1073158955
1004939015
1056284267
941618265
844768574
949477897
839163411
913117168
931996303
826454342
890040942
865052519
983055638
969968126
857755033
914532967
913943896
980980384
886037981
911108811
988688346
1001831464
1044071244
1046857284
963627435
994248459
1067527620
1059320213
921223703
1014413973
809810038
1031331032
919528716
841710263
932953117
914136683
856345364
950435615
1070269248
1047112050
850025015
1061137636
1057280092
1034988966
987826826
945089981
833865648
1070653248
939260400
931050178
854097831
811900715
921469762
962272794
848453474
938705547
847902995
913542159
1012756375
980601373
836300502
814111935
936997026
1025053517
995960838
985373187
911945539
1019239004
820327052
992841137
825873271
836596181
838876831
944939961
999961648
806106587
978195601
805570998
951780471
870912182
910637552
921448901
885499022
1000288618
1017649896
872008694
865314614
845431351
887579313
959493296
1046254659
991901634
995721592
969707790
1029436038
1037675436
1019662753
1040682580
1023137691
983478561
876161010
904329511
1067079950
823038462
846215289
869652307
822921031
837986933
962771402
813113255
981231376
956024725
990452136
1042890858
822662112
848651947
994078205
974290427
974742651
831931607
823549570
1003717305
812439923
979875142
843049684
978545986
865815148
1046579570
848232167
864793379
972552623
835199507
961388408
1013547771
845322654
821506671
918426661
938039566
868970618
819085280
916414069
881079944
836013083
1066220628
1000578945
918744745
994315167
956505082
1050510826
827210133
901522916
871658171
868532861
928570071
1035065923
997503558
1064416344
930213678
1050761876
877688295
866031247
1037990431
973749291
963699863
966634444
1020762801
817105420
1072152133
875995354
1056792853
968798927
864845294
1046513537
972332772
827703353
861730131
883538305
1041317267
897502156
921424212
1073675900
945263310
1003677264
1014508410
1011009627
832575854
884946368
966485769
844408250
976100204
1070485416
940602017
869695157
1073508476
832834179
987356185
965920442
1051101520
1045117395
871191154
864344288
944965016
946589206
962432447
1002404288
1028227941
1068900758
993460739
998847262
863395953
847001444
892370821
1022059905
868623129
910365382
947183711
1063847245
840229960
978852886
872167669
830860705
1046543403
991831979
988393031
1071874438
1031079645
834550484
878880551
837609575
938672483
1019803579
966517616
881013713
975914586
923334004
975232640
894189054
1042332472
959128169
936391902
885659959
855522979
828624023
968455729
1048852590
833894845
961907433
909725125
1045200934
847783953
846619466
981894001
1034354178
993856802
1012934045
911969131
1062529502
991973250
883251470
1066115403
978743961
998065327
1015284488
935953945
990312435
810424897
892035867
984780678
924604047
950573749
1045155701
990478485
867686922
991783868
1015710007
884116152
996741296
820699353
814281402
887241428
982229677
1017005385
878302127
976151724
989964680
975252922
911167404
869157696
854550751
1010442129
854483584
878668026
846419692
869637290
928249076
948694725
831469198
922886354
1041518911
816475409
1015524977
866442781
1042953741
1028825629
896650465
852846562
894518012
854352397
1040889455
928272103
880485377
931317092
828958020
1057018890
1029879889
912826627
919738791
1051261718
978557375
1072563938
807633389
855464352
938310479
918566327
1050981519
1001805499
849465920
926511809
893045308
955924199
805783075
833735197
1041628414
988706516
956578248
994798707
947433505
871641817
1036198579
979143023
977172325
900472538
1053919922
835071927
886296699
936872492
838178844
1026582782
848220654
817752190
879238602
903063422
904494177
834114321
822311951
970413240
827853154
810434639
909309926
992823952
858722950
955884169
808021548
972993915
891603785
1015199555
966475386
905936644
915778513
1054158690
965162671
880198581
905687584
1058303266
1009466114
888012555
1013060427
992474749
874630488
922061094
1019043039
841345618
1064719971
842210400
877314478
826487892
1041879502
898126877
823576128
807090575
835731295
1061061325
994787302
1006003157
1064164434
1071023168
959043515
837567122
1018125989
907868160
1004358032
996642542
914396521
960228876
969323248
970802888
906285992
949713990
898040411
1057480842
895936862
961490374
969592336
836988843
961873846
1043306714
934273625
929128022
839457684
806479322
910710153
838364188
898687259
867158327
823431536
879342139
942296758
1027217932
896320331
1001877704
976112580
1037284402
1035919220
815838263
830944406
970596276
1024619739
884140727
824703810
864777053
926443361
974396316
859027785
1061999863
1035631793
827647081
893441807
1021438669
1056619930
1029648487
1070079354
1042366612
970948377
930608136
1053506601
900817210
1013008231
896096171
938236117
849602235
848856637
952493659
1069347509
925129374
827095809
948676604
1057018730
921478522
954209136
852327865
868383398
878653827
862644245
911026806
885685298
1027371618
1006598101
826603468
979029138
910856304
1024930767
970951825
849884280
892380243
852678744
923830244
963086223
939485433
809641563
993066556
874548835
1062816923
962877219
1072418694
1042089760
928103904
854542332
1056902066
854260978
917212133
904762506
862343721
953248249
836125649
994027665
895225436
835395662
959667454
987057696
976541670
1067981402
850182303
881036115
859812766
1036210296
880968861
958377834
942553536
951234634
835586881
900339365
1047346896
821771591
820716003
856395470
1001431616
1069321895
975945784
1014402943
1018712972
820235821
977825956
1041791068
881350078
954356180
866543153
963491066
1014820304
902232908
825057105
1014941828
808446465
973791876
939942884
1043980557
841237488
866135172
1049121728
1043994182
881115074
1033049669
958687902
897941709
919090815
860428356
1001311718
911399025
1017349734
957373106
921472125
981519949
1016947553
1049173525
886037817
952704854
814786542
903023110
872852020
810810179
904737224
1025068601
806955181
926658788
950831869
967088365
814384217
1064827782
871413684
968154487
980007017
911435287
914492923
1020303032
822809973
880232005
894774016
915789244
1033386729
1031664326
876837650
863819413
998854054
857943080
1013378868
950418159
904699163
890931535
960748676
1008579619
886487555
1028628922
970871291
902231304
1010722432
847195772
947728999
852392116
993665420
994241451
1022716428
1063046586
1038984732
968627817
840165974
960592756
896034149
817106555
924164929
1054322513
1049726596
1029700104
1022504533
895941383
872621078
908224103
923974801
959846715
1042515179
1014282206
886389898
944100907
849591928
810645919
957422270
949669670
917943460
845304227
1054310810
1021412370
1035451012
954437476
1073307666
934192927
898710415
961118434
973662950
876176306
841812702
992402402
982663477
1027490228
903847015
811297655
875706916
807516269
923566713
948877552
923428995
891261848
899543773
851459268
913895081
888204725
1069150091
905724950
852285014
1048103287
1060328664
817885200
908093719
883603736
976592908
891350100
960533306
882606295
1047985957
854049042
951815027
1000472532
994248742
1029151285
961416930
810852881
938343206
898927761
969866789
934957978
1034134676
837530678
822206190
1056943377
1027022462
1016084572
837734776
1043688180
1043886533
1037664932
1001117798
923270188
1005301877
948811803
945480699
885864189
975401757
1017506041
946708876
826980802
847973713
815534734
870925697
1069112510
961608504
943191115
852072837
815853523
1039200464
839134924
830509943
837098489
835657345
987081139
953397032
1014055258
1070287363
961726247
812536949
920314085
1002661724
1072363645
1060013183
816686930
836975276
927468355
910106071
941147325
957483497
939353201
865456761
1027204956
921883783
838721833
1046697222
851649133
929325992
1005981754
861755004
806737545
841308256
830842845
1031400404
911358094
885887805
914631306
1051392150
972657198
1023615577
1060205592
984160969
1055228744
1014896708
951582858
1032816504
856615670
988536361
1029200073
844796316
1060407551
949851555
921610696
961830554
1041244787
884444394
915854682
926998746
805774958
1001096683
976306791
1012839420
854632083
809028214
888538953
879095219
829010644
895937607
918421036
880374215
976919331
853499794
1033342774
1002010823
1043649463
1073513733
985821165
837605666
822815101
1028293283
862652439
887656817
970041099
1028638633
880887451
876061494
872224073
826466814
929610694
1020456705
857706975
1043484686
1013063622
847718140
1006109084
1022561826
842132462
1020647304
914049682
947801067
814363164
857948645
1061759016
821905202
1022135931
902961707
986935355
1034880816
811525676
1069312831
999621978
1059943446
918410752
1050293114
867627142
935154164
946022461
874367184
840818471
1033024825
876290253
1035950550
987079457
1019698543
924665265
1048966431
878905304
1057176452
981054658
1041393699
1037871626
1029803697
906157705
1042677129
927296755
943800324
869943019
895177366
1017235058
1058748336
899099037
913685493
1004742547
912154143
1041654803
847348372
963463649
889762453
1002491418
1043867606
902606224
840577997
1011145970
961589124
888776519
1008386763
973295285
1011565947
967474323
880630646
971371364
907255244
878175658
940323850
993468766
1056987727
908286390
884998219
900570467
805984645
1035183142
841343465
981622726
990588071
909332571
1010011987
1052194392
1002489943
898252947
911183181
907443344
861647267
930465800
931173128
960323732
820912553
852137938
969841543
978070910
1061767491
993337854
933492118
894018681
1025482164
1002023849
990570623
1015766784
856464735
937100801
862887073
988997825
1053457058
963373592
934650771
919000043
937410354
1065861050
1021101779
852216406
819645335
871413307
962593950
823128371
868518385
830828059
871916989
935550576
943976229
1070995166
861106723
1015249997
890871925
1027346205
1004099995
842341192
944696305
923549841
1039427223
853418015
1012277210
1057055429
888053184
910220937
886408168
938604539
981149215
810375519
920116109
1020462425
863813733
922924747
1073053091
919885320
909060500
943898634
991703819
978552747
1002568231
1054366562
1016155262
949926549
840366827
905696708
921817416
873470901
992343756
1005510580
1069687137
1035101267
1063251042
983968947
1004355406
962183825
912239509
954483417
974247297
838133374
917668853
929628377
1063066686
1053316273
954663077
988575826
1071913042
983969895
961862409
976974592
996837149
861252355
805357696
1056402504
860052962
989304963
990134263
1047826450
1002379194
1035750113
998241257
881496825
913818620
1059728156
1021199878
1057091710
806702387
857771742
889432637
941147644
859388295
819834196
1029426534
912934892
1008119105
823324646
944400142
1000218709
935397607
996683128
988272982
959260349
864851498
1033890496
834005765
838622359
964169798
1011825761
948521635
1049457464
1071598296
851696668
847398653
1041045428
934210043
958651532
863566511
1023681485
816753241
1060803181
867447165
824854698
1052787308
1005093226
1067259988
973443590
956694069
862808119
825736116
948094960
998828481
1042430879
865964554
1060243979
1071272188
1046727374
822120096
927512084
835295428
850279075
942089256
968572222
890995545
1042587491
1054862764
1061385246
878412328
838890370
1072798152
1017091851
821394414
1002923142
984198627
963317213
955761132
1015013037
1005483183
1026951846
930856422
963793932
926289486
955784313
888776090
1040053318
871008320
907942638
862643498
890186974
1000611812
814071245
835735949
964471086
1047724594
1057831462
1069446787
844825509
999477524
917116279
962113229
829393754
811241963
906040663
947027979
883452714
914187044
844419189
818200202
824004526
982409402
954813830
1016232168
919862805
1057077309
929686000
933935291
999015376
844370821
977149046
1041662816
951689040
965190275
1008693828
973187924
847306317
1065049182
850852657
844346530
1054941019
967348560
1028828703
867754493
814172384
893729603
920256991
879878134
978673233
845304434
864895840
897994237
823452331
979128447
809969547
963452666
920140150
939823601
901740943
875153236
1066832453
1003613798
1028491100
1017979739
1059496314
1024252541
886151299
992778378
1009389825
1028920506
816482261
899514982
981186335
1071335780
975593286
955990436
854455493
846825127
820870630
873479462
974665123
1065368356
968228298
830013698
1059346664
993706087
981207802
978133225
1051002995
1062920864
853266261
994754005
898820586
1048074051
1070851573
841632600
837616331
860582292
1028070415
900060659
962584306
982822068
977839742
858786339
880303919
963976585
839608617
970194804
1058763673
832784429
978089716
839948053
834420834
1049477348
1068800886
971913531
1034609699
1017216206
945250389
814193594
948530803
911320962
1022663269
880826296
1019664444
969907795
1010309581
985291402
819182494
964243309
1069658009
898453858
878654346
920978122
947487317
863244106
1039524568
1005944040
1031987584
934248441
994602159
867879540
1014296236
1046773089
819711478
1000203850
807386289
972037034
904532268
988005201
922328300
893400652
1021874047
840439432
930835378
1012413634
1009278094
986550492
871157027
1057317858
842010210
1066934886
900843715
938563124
961105766
964240874
940842331
994418219
1017654551
1006538771
912082574
828247048
990648125
892061211
1050023910
837552465
1049818016
818352989
869432708
1059389016
937804645
810456428
850399326
1058987415
840552234
866926624
939224490
1047638833
955668706
1055222842
848812767
970128075
989332471
971415445
931716661
977096389
920602725
852638324
875785695
1009241778
827257297
996436598
1071088581
949002853
998580695
993669674
805422588
818390575
846688066
1054331395
824669177
894388219
957857982
808490495
813660300
848996136
887143379
1020742334
965141353
970830299
973776359
1070058930
1065225232
857553271
1034942168
810611053
998329134
1056639702
808090290
886571455
967878319
1056426790
826694693
818409497
1001905735
944149556
901548668
1030683933
1038587917
962815272
976654462
957361537
882321532
980339887
993052590
981853054
892457470
1065372209
982360741
935097139
876566595
806612747
868543074
948605590
1065107900
980641642
832080288
809416231
1055287672
956708257
1007885317
818854229
1062324927
852240861
817032021
1064254637
856101344
928823081
877863013
876811558
900856005
836181553
951684647
875059801
820466401
830016438
835408971
977351453
950239079
930489647
926612880
814074276
1001527793
877741501
948488907
951666510
1021516865
928878807
903694322
1038462343
884936439
923700105
1055346647
831644903
1069548587
1021103314
976769065
883744029
1055507896
811160082
857913789
1052347891
806765088
1006630924
1029715047
813923139
912106180
830740765
1025552839
1068153097
824257810
906106930
1055983974
866484205
815263910
817673734
901228200
823782849
807270615
971872837
987204307
852250178
944775164
886029688
928470270
876826251
1014005300
964564578
955902902
906185154
961638658
882203524
963898319
1005127158
940507131
1068605378
963534449
808344815
868369095
993458664
932842993
997048352
1047219187
979870897
842669265
977943202
1004114609
1043648768
925741335
829615796
925157065
812251384
976048297
845514713
980938629
852176483
902827147
1029668870
810894034
955026122
814852065
1026158237
935312951
1062679598
874378658
838684382
907648207
910623789
1049760574
1038666167
878568686
1009627670
878782350
944353046
983533553
884775886
1059038257
1012618848
921080884
992427261
922469290
890875913
810788841
956603512
1066654184
832422783
1045370975
920462607
832794260
860130712
983413774
931678019
1024481320
935205481
831539311
876171629
927916887
904366952
840345240
1067364282
1021415232
956999737
853730089
845036710
964260085
808314824
839848065
1073455973
1031815036
1029703113
885686978
884627530
823126235
856689829
1015846815
1016723199
1066310641
820017534
864768631
987788251
943079710
1042890771
890650444
911985538
1002379482
1000216212
954917884
1029121030
1000366103
958038541
888967838
1056475457
999726200
1008698905
953323388
884247397
910872359
1067934528
864806584
934107966
980261888
874364119
953960320
995693583
1005312367
887590774
1023533048
1068835636
947823986
854275607
905364324
930270932
927897521
1057920016
985891463
988516833
997684679
1054080328
849636455
952320440
817105473
929392147
840198255
1024698922
1006946831
1030865195
1028238850
912168830
868236143
1018756564
1025820723
833562591
947620281
834126774
815121881
809943011
961341841
924435785
882093616
868743009
867445362
919795912
823638486
1073434383
895457130
1029102298
979917362
1067653038
966934851
1010154074
892567213
838250378
962898260
876906875
1055799406
1070153232
812929754
990382626
842325008
1072367068
871544252
813028873
898304197
961029105
902408066
809757708
971030070
1023888994
1047523707
959372106
835180638
1032814405
889266778
994244202
825070495
841740261
806692211
993134974
905678005
970929761
1021211335
1072770640
805479187
819980451
859697263
991832721
958431597
1012562028
850117522
924847467
917629418
1041000488
1055027166
1008764025
930763127
862091519
1039485003
1036136301
916936956
868459435
1044664600
1066649390
1046021842
1062105881
839126686
808118037
971868900
852805325
962069164
1004797402
1001727463
894207028
991418029
850875173
812334364
1005871967
854794944
860625822
941022371
1014408933
969735567
826606920
1032125236
938124656
881416031
910588051
908860740
955784552
991605220
1016191509
886872893
917680152
869718902
904401584
1001663367
992574384
996374802
1011831437
895498107
971038675
1029118286
895611176
921526618
941152972
903339968
831726283
830296411
1062453088
868637053
806988301
843652830
861605768
1036836521
1047452532
973941604
973239356
926669697
903239454
886514336
1025288411
1005048731
814665689
992605753
930164209
1023415587
811871723
874984305
931556991
818790021
1027846257
966600022
1071928869
849877584
858965698
1039073198
985396804
839966929
866927732
1070844402
963021629
815040009
871161959
866781018
1071307283
978143374
911765572
949543246
959352106
879249531
934494342
955031955
930398156
1027363725
805830997
843885553
1004467685
886643645
890674126
987529790
1006799203
982964482
1062172755
960518370
897248121
923985278
929101113
880422780
842890443
918926605
941967374
1011677901
827280733
990905924
887455927
1024222722
823373183
995579671
1016349876
982858714
941217453
979565302
976997120
830061306
836504075
878496253
935446294
996095068
1025114544
813989289
1057231930
962200849
964533103
1034502878
855431482
945280454
882804732
976386750
1048546736
1068248066
929151018
922074397
927945339
855929819
1014565310
1004239044
882544442
1050620234
1026259012
1048110885
1057416585
806732845
985957066
937719880
1016644325
949195206
1040797138
957344533
842386742
876315707
1059256302
982018642
925330525
878622112
884804171
827040488
1012117528
890758603
966080742
1055584048
858031426
1061886312
1017178685
871009309
873157089
853994887
816227111
942213641
1030755268
920269935
1070777150
948858137
928620704
825144821
857294068
1051502465
848037042
965664644
967893129
941281525
1003229944
886482933
862793540
948831457
993005273
830839585
920176456
949079208
885655655
897783381
835932938
876319267
810305631
922808465
833406133
1014913469
854602503
997148347
845777143
908593937
903786511
917838398
903557749
999135157
830301967
994233021
833890584
944028322
1063755225
905970112
835606021
999430346
1072502872
857607058
836340059
973729514
883533897
815904634
1038558703
1023018366
822639604
881287238
930459620
979514620
1063882945
912547203
1072916904
870071794
841616329
899804569
943189140
839129351
809013149
810098750
1059040382
824372118
957675988
1057630373
840848814
971261398
1036650344
999028682
921039301
904864661
951982537
965512064
957568087
953706856
916577951
1031117411
866440437
887935498
931092453
875037008
1045063376
847949434
1029786190
948213545
957226490
863881555
851539665
938330094
877267906
1022439164
972339917
952655319
1021523325
847958233
1027962212
982505967
866277180
956189887
952505884
1031321150
901578264
1000822063
915771060
985913292
998974133
940880829
975267830
970882726
910882004
901925334
891030803
864205040
846199335
887386902
863519469
933539117
1069215649
1022695505
875530937
873021887
1014509139
1025348983
836635628
994965968
970741644
962381127
1055324211
1066252937
904738119
1044410775
826580919
1033919545
959599636
817310531
890705187
1023166364
855855551
1025416231
1000299985
988906632
997664625
881006685
877599704
835742207
898124481
990475594
1037706283
937953095
851288547
961839354
898318436
897586378
807842059
1024450076
1026041753
1064273739
908266888
925864913
1035508501
820797170
962732064
921250510
844320463
900695715
1043054029
1047144649
1014275708
831051986
883899301
814714992
1065673906
969262509
930882411
1023268493
1022420165
965744851
867206084
1051978104
993381779
979174884
1070330631
1068886363
892965924
807595959
866607924
940773884
853479377
875096114
897783569
901438089
958737832
1002893869
942711531
1051163008
958906301
953149736
1066281267
911823945
837989633
848746054
936620988
983445719
1070836829
949786625
1015691832
925260779
852776723
881984278
869159645
915750808
918689470
842081291
910420553
897785514
943052475
911127293
1018737432
985421297
893761922
944653999
1048116015
1009888133
949882473
1067336113
947826927
1064351538
945655825
960452588
979935847
927852500
913321574
959244127
859939972
1001230736
960461451
991660075
886861656
1060883955
1042581184
905394953
962759497
890905334
973591173
859388624
928976185
978240521
1055199423
872028815
1048208683
1048899737
878598728
1049749956
956085059
932096954
862534020
941250293
973723409
1001358910
872321533
1009309801
1059625950
910097282
897294976
852840219
826358242
852697226
1033656042
911942110
853811565
878186394
931474448
810908343
1055291769
866196222
829803704
1049287672
1052471934
922087373
991773972
905501260
914077534
961229898
1045838830
1008194634
873171169
874543562
891198637
959193800
810744444
992556622
988143938
932233763
913690031
873715042
807145909
875395497
924816110
1012026636
995966058
950500418
916741276
965479514
975726562
1047471615
974077220
813023496
830646850
820449722
871007851
872915614
1027491668
1001971585
868315349
1028637797
885222562
963396107
820058715
835376426
1017907625
867697810
900928831
860366110
949534512
910157552
903007138
1049889626
893163839
805541539
973366598
929875788
1034028342
960168345
1067303761
1069438177
839095299
936736299
863248441
1028966118
857216804
992614217
869765226
946526360
830961282
958710502
914028162
859206437
933077857
1041179407
1038619996
849052822
1042338225
1068501923
1064432750
850836673
930665761
815426202
854710453
1015112301
1037495746
823167225
1070926625
1059375868
980716314
1040342891
950138975
953128459
960514501
926380116
898475957
1062022377
1011271394
885813844
979687111
918130929
998977698
950283014
942665042
840729256
905421553
1013158658
915575947
840578279
815158738
849792241
851418670
829049032
805747515
842201963
1064374058
848932430
1046651934
1023758796
846100398
822457833
917231119
1024651927
1015080027
905183042
837968182
961530571
911068930
953074861
1021208658
808535135
881673834
970286527
880940950
827503056
1012323452
862492193
936130794
874022114
936864208
1009100409
1000291723
821234074
853984520
842541837
1013726401
867278308
913734467
977347668
1045501346
964200337
1046760048
934973404
823136251
972121263
824412499
993361051
1066235385
1017387219
1018980011
1020447097
898967925
1006402815
896348323
1000563471
898802255
949359406
934714722
906728962
970714982
1042380611
972616792
956053637
993376625
864374772
869280106
1057587574
831805592
882688701
1062586940
1022619703
1044903578
906280181
978804710
1026912514
903588372
948497588
1051883409
925311028
903029235
969892807
927863107
994193821
901718150
848137508
892669602
843691928
1002985386
836326130
843717908
932610508
885976328
1010473522
1020879223
1043921570
988192297
813734076
853929834
1050959042
1034506636
825170819
1056258430
813117798
981264740
826001199
887797241
1005913857
887056460
1023793459
866196607
834947052
903588102
962299360
996870219
996016543
818003750
931804442
990514767
853971838
1013980803
1038196121
1023560483
965532370
898975069
935414126
1064626162
891517119
906584891
842375696
1019836966
1030353764
1004669313
890133373
899186790
950370372
815482038
913079698
890552473
950846018
1059524916
881721972
821664781
972032629
922400387
848170013
836377457
894406090
909832187
810751107
943357793
910137327
829613612
909110215
882006767
900125323
916254304
1017299815
933714862
808777372
916578858
981685775
1022141784
936910656
859747634
945453020
873812942
1009069843
1033927797
863537020
895390574
1019150642
968648593
829244899
810115712
828287183
973737699
899127425
919544030
842577880
1043951487
897832565
838054374
1031910248
832221618
1070724480
841004826
1068169112
1004529880
909499552
822868564
948805823
864848940
991906672
860141607
926598016
987645446
1063609377
941825426
858496877
1015628983
854554370
870779535
907380205
934092879
974151604
858219844
1070392926
907841156
1031740393
915002750
1031176181
892207123
1054297193
812452235
1045678926
861415054
875607144
824935942
867394995
904024749
1049488476
937722955
866134495
1055429821
821501249
1064023413
1031714398
923036634
989903816
922634104
989391432
930642634
1051964902
904901638
922356402
1044943566
996634298
861921930
862107328
921075290
971906858
981744890
870351469
1015533730
895959118
1063051434
852465436
954026742
958763898
925330348
942835081
998675690
924106364
985316519
878909849
982046245
1005437730
946591331
1070028604
980880951
919139015
868047541
862079864
1015045509
914418492
941753834
1019180837
1062051733
865074273
1028029379
1072340244
821323438
1059103697
961792966
887450153
880157184
906618319
914355478
816692128
1029081328
897624825
865135091
865474102
977641009
814142966
809208872
864452518
985373834
898572478
819143022
814696195
858975660
832589833
884762765
1049765397
1059232975
959891362
1053604142
978815482
1040874913
901943982
939326013
906501716
864969346
997123685
933823239
934624408
1001677659
829941217
998118648
1051617817
922425470
842621400
975438405
860055798
926641914
909286838
907832244
1005869400
1018466698
1069376862
919390572
821836718
986232407
959757910
1050644049
961969613
854764281
846528882
955920882
953738285
992205716
884910196
920635508
885946971
952071801
906662089
866099800
826915984
938547490
854727517
1012162362
982711642
1028569627
993112072
862938556
956129647
948869034
1001972423
953050740
832249127
951398510
939157605
810146860
972835053
899446958
1017193849
910821089
808252017
929186891
905688834
918200973
1003284840
839214992
862902025
908661061
927232122
818854483
1069664123
1003173086
997746498
1014738795
962134979
906106647
845204516
899275579
1043036122
1063471242
826328817
892993512
954424054
1017533390
958636436
960421683
1028164097
876909167
1045849997
849002958
861762809
921158412
929421315
933696835
981672956
1028738613
992654866
936157323
933293590
931732128
924212663
1029958487
981145041
977560584
1015141538
853910913
932645002
896614219
935525858
1041188956
1008029256
841223966
827456160
1018012010
984626968
1005550609
810782755
965002818
874087222
1001978787
916647030
888267605
831564893
964442213
813247243
946518453
1057788318
912205558
1025701952
965877111
806441190
971845243
965532859
888647687
1053184283
834570782
878735540
972204118
996755704
880757038
974395125
893964635
1039980447
922905492
823543325
836686516
1065981881
1017038422
838855301
979412554
855139066
1025836658
1025510130
987656889
833786047
910873889
943972346
1017666794
861679633
1008743170
822549013
1059538211
1050588567
834977038
939834978
889659717
970147659
952161691
820816141
963119535
847687172
1060737267
816363541
1000267042
919341782
884350007
1059030326
1036496576
844407655
906888211
892292981
955350257
987423354
834411201
867786254
982214759
891543788
979566178
902990889
996713724
868562085
936115941
1060433530
961371133
919304737
1034733959
1014769382
891029970
929103017
1025879065
900651446
908005143
950526912
860951773
1030013171
942927883
835914319
1049192751
852615904
1036698464
1039729359
956949267
1006906761
1054202706
993590830
850373131
966035465
950793212
817719924
1030738000
832439195
1016716215
952091495
961433039
977478735
841092530
852870883
910904225
1020969013
1002211085
1017161576
813163214
869655426
970343199
913547703
941579944
1050457936
964384124
896755744
1059218506
1069297002
1000151651
826366316
1014765270
1064526013
922440671
894158938
820635228
810696726
934119041
965317215
860980837
953149481
899693036
892235167
999064284
852572854
967156460
812699026
1053539984
1021361730
912743586
1035381293
865589401
870866456
1005526682
888396854
974397510
837427073
827716449
1065188859
993881073
954984597
949480938
1023155625
1038641707
979109485
866343242
891848765
997179826
1051327420
888814957
817438636
817344962
918517568
913067396
959989340
837515365
1016162785
889407739
858770207
920190422
876082125
1001259150
1027982736
918219255
1038679016
821730485
977737241
834239814
832591985
866371612
910987322
824092255
907689905
1013560690
833242550
1038070065
857534240
815008386
999140772
892040843
1065112628
991291520
885372712
854340095
824141085
879435910
1068998796
826926190
807577860
948295594
1010737926
971158331
911196718
1040834676
903901385
936780893
929909458
988556744
903150459
925804334
1068684655
902242382
813457238
893228492
806887857
831271738
967697889
1028910549
932957861
889900072
969702024
933076863
856753735
922611572
820731469
1016199911
903492372
958999984
992434834
814835673
826540809
1067257162
952453402
975304589
914491106
952924627
1010105438
1013877864
892528220
868812244
1046385361
910832739
844398054
982177143
993346548
932553811
1050807554
931240277
921645428
1008054623
1055033058
894655759
1049874999
827382009
921315868
978452262
937801788
1044478509
910171122
1040655212
909566979
963433534
852461125
1067058557
917696129
881143567
984458059
889146677
1053246196
863249244
913923701
866621496
1029421544
991833987
1016384020
1002498883
1025163291
1065615225
866154007
1040566919
1042864168
1011526164
939133800
925772846
1033192862
1047571317
1020711077
815642299
1009546397
1051544859
834829852
953156825
1010066839
905782220
983786253
983173047
1060343378
1057508115
1044620509
940832174
812838226
942812744
832517679
994104670
920885848
1056573378
821336281
1049941091
822462081
905568925
858987309
955350413
920859657
876758944
993984283
1041960342
852287295
1045963580
861779907
950178954
1004147907
1050416044
951768071
850370049
935711324
1045604028
1056132136
1010357420
868255699
817821187
1000183969
985835745
853934796
871845965
914328121
1016940870
956465882
906719692
823955333
984037232
1059648119
1019844423
875474851
938272373
1064248062
837734163
818212051
1043127134
916454429
909646474
1053993791
1063534698
902657421
915747081
929204375
1018744632
1040843298
915447266
1005317117
975961011
978473523
976403086
981502473
1067408403
824013823
935301827
807380388
957138391
847198336
1013354029
960049182
1012218243
848863366
838866800
1028891267
1028343519
864003370
871216328
1067208676
840990109
852946673
810703050
891781049
1020412720
956785441
1007913392
896088989
921367061
1065336219
876971316
970919935
913763697
925311078
985509556
1043892781
905932929
949350218
959177287
1022186927
837854373
833059349
901860258
1019615852
1007956102
839048893
910637333
830528125
824797733
986429241
860016405
978119494
952258358
863390352
1034341300
1055921504
988500704
1069421491
991309653
957984973
831063654
884438591
844477629
1061821905
903748073
824949974
1059429437
831619482
880112937
919572808
990711082
1006309281
806798591
973444607
920259346
982279299
872345560
980045765
917558675
926375445
1047944000
953237964
976231234
1007465238
853127286
920345164
942211995
1035444972
922289336
987738621
829339140
849249426
811647212
944733181
1045937400
973419226
917401111
968298471
839897262
1054863771
868443569
958663366
982682270
833028055
895857174
1038845463
997532122
1006623701
959984968
865596494
1067270453
907458359
1022624137
816715666
993531939
973111971
1026494904
860749431
1067280756
810762767
930241532
935310104
846692579
812066355
835192405
1046204441
893873897
846129144
890749559
915749482
813646284
934557157
1026638492
914734033
963448240
837267157
1064564378
849317917
1043241171
852321024
944723598
960503594
917307879
889209155
826818225
880653455
948425743
816748941
1035980084
902053295
1033042621
927167298
964225046
961016301
1064064940
940698894
1050002925
978309780
1023727621
885909160
882029962
976909756
890567380
1071230883
958257758
991336349
954780333
1019009031
812091045
926423293
1057226545
936723875
1051236040
1038879731
1039960850
929642056
914448091
876334112
870310252
966735798
940389051
988076707
833554336
894604601
1019338674
999395818
810666974
985065547
943183633
1053624142
822579184
857204925
808338452
1037121379
827352613
880659596
813516027
848970423
906277508
1016069267
1068834493
881026804
873028019
930952327
846357408
1025793741
906575552
969282647
893599324
819906751
938484216
928229285
908856342
860581237
1029453361
892066419
995161776
837365972
991352150
1050778643
1021175866
1002860331
878840414
1014078890
918977907
988834497
863021679
902801635
880334947
861277702
820178991
1041834758
942929040
839053939
982337925
1052114528
913376019
1000709707
936973112
977607331
919385667
842430302
1059166521
1046993246
1012595388
965365986
895830476
953953065
939801028
894780302
994128395
847746870
840139819
991856744
882811540
992751295
942791544
1038396576
992518155
891340171
810610594
1010738771
938188074
1067394381
841067996
921073141
805388696
895806403
832634161
893702276
861503927
1058447505
941239268
919142783
1070101112
838952627
893560175
911964978
867433300
1071976866
839085481
900705381
976630618
853056127
908109515
847908784
1040507282
936251340
1033850558
989675557
859334616
948782296
1036871783
1020267754
902116180
908808120
1011891375
1044184420
1055914108
1008011961
1021405165
877291277
836022951
1048313998
1021785196
961891866
1061380335
863099101
867468222
975914437
946873935
893235990
1020434430
1003074460
882250297
1031193412
832075593
1036179602
1069229757
986482536
1041512784
1026468630
1002055394
1067735748
1068739706
910144273
999886129
831458324
902360057
1006179829
846993835
984504187
931619166
953234890
942141324
838579305
861264231
872990563
925880309
964144788
821210911
1010780431
990324904
902046759
974617039
906531348
936058671
1013475743
928087971
845668558
842503370
936809648
834464515
949529703
983219103
827221066
876933681
902123808
829708394
996359816
837425919
927643038
1064673416
1009004652
917787799
929592445
895812703
893536416
1073219525
903307151
867602170
937846532
1010296225
947543544
1011220235
955708044
832724660
929048126
1000344180
931389235
808248329
1023085748
1034392197
825704537
858627787
874929577
949428845
1069368930
934644289
904540348
1042274868
922966056
984428422
891573565
820738890
987125486
906292083
858422542
845322478
986714041
833084565
949605381
1065960134
850044599
828523748
1058787027
1054940928
837597682
1054088028
930096982
807456348
951134380
992581253
817405046
1039013459
844325133
930303279
896569769
852345724
816334075
924454160
897185402
1010830728
1001195213
886443030
849295490
1058399258
998192939
856735330
977553850
928903633
975275491
1030594295
838474817
1042098021
846356360
1045353438
972878120
829581164
999946806
1066327368
868564246
814140602
818213116
944551726
861697612
1066784979
873220487
958775394
1030386147
815887246
974624040
988692069
1012340646
1024672222
929032703
860339667
1061070504
1070482267
986446607
914927757
887365353
814049350
885387370
1062617529
960121233
827572868
1027128790
1033597170
1057671232
962696201
948917701
967150776
973830309
1034966304
926498716
955852038
840542827
1072940773
850825342
1001964592
887582996
976487038
983913996
934328821
1064496927
929077046
812541847
950245959
828611220
959702135
1025772875
902565334
882092584
953411163
982799955
914560408
855341173
915399941
884647377
885465195
1049393672
855840667
876717885
874871196
876565583
1002550384
824959440
902685341
939901796
823533857
954956805
1055737187
1022162813
879634581
1051978599
823344374
854028088
1028531489
952474726
922405191
913378180
875609763
871094317
861381048
952354827
1044356632
1066472654
890643810
931310044
947301664
977840167
933582709
1018261343
1008763651
837130195
858569142
1015449617
932007498
978496777
1071389340
1007160413
821768063
885795727
825180142
849041065
885047015
808669597
911020919
885969924
930505097
890242751
889302473
1051327156
856661555
929738664
886795172
932116075
837949574
835959735
908540922
948851188
866559364
1072443561
1009679602
857321759
815548032
1011699377
1042857607
1003377702
1013505069
903025341
1068006880
1066099882
893119376
989164538
819267685
816308324
839393472
862450334
970139656
969549140
933766427
954363538
980442739
953945729
915943628
914184568
1020138885
856763440
806261014
927705812
890576137
963633085
971565010
1052864748
823632214
1050302407
844206448
805899065
1062061106
957054680
884651996
889246987
1061711002
879857998
926232572
999803257
961477727
883070168
964718357
962579793
867448078
975823143
847079894
916414471
902181826
1047081713
903477014
1006913463
1073722271
941416535
984608519
961890558
1016759961
874701046
998654589
1002926282
988323390
981618744
860185147
856324818
960035969
871923574
948295745
907641918
939089735
864008011
916324927
1013419096
814179452
1066213992
886406740
887850421
977789555
816024042
947577695
1018119145
916805452
916657032
852099183
898685571
826892272
839768473
896015804
1018573323
886462759
815370220
1002307443
868245677
891973756
886822605
824128776
987697070
1049470817
1013820730
1054884671
1002988241
862701758
975664161
837059822
853204599
939462086
880612704
992739090
928658018
818461436
976958133
916093620
812142837
877860588
865282106
817757442
956051268
885668848
964031129
1006331098
915735090
831635958
863899514
1027089558
911625234
911516056
887717657
858411092
1027699954
864195019
872164546
971802199
867667499
942807041
1007447994
909096603
897235342
884499065
848643605
865579566
984909952
1039509452
810182152
1045472244
973069873
984889749
935447914
845698180
1057259938
987039917
894285855
898116098
997143006
955832428
1039094985
878421181
1009848765
918706379
1068260461
908859522
851623566
1055181144
868594825
1034528779
1040037195
871813407
1068922499
807709864
833280921
929034202
842998090
961928525
863460670
927262707
1039209062
1027477797
995658879
989694551
944579089
958492181
896111167
1005496297
1019315088
1006844664
977564353
874785622
854541921
1035336965
1062374371
828012906
958995782
810100787
950291348
899364933
927574271
963338811
883097876
826941337
916788485
882266319
988909513
857317180
1039000308
925897561
897636302
913518062
1006293795
995577836
864386043
897277238
956133975
1018654404
809081458
1066232413
890660498
1025878853
924534326
1032847919
865386583
1070491241
921517880
841786757
1071676256
1041504129
1026708499
973650038
992650779
856886287
863818777
884672927
841929966
868306558
893630610
1035692280
931737054
1047747864
831498489
807730870
944806476
939195450
849359780
1029756199
935955543
876635971
919113916
1041261160
892289795
981021759
880610464
933876070
823059280
839545216
966862251
843271462
848626771
950936265
807247062
835556407
870645140
904066856
886257971
1067019449
865525064
928214742
914869108
878050811
989178981
877973409
871369654
960434757
944974093
1033443955
937382479
842561531
840373998
976561593
949391950
864805742
848437368
1020592430
889643117
911198123
1003701606
946511295
969442104
964876865
883979757
852622802
1005143756
1003499419
980327451
906121293
835679405
1019696753
929221376
972751719
927802373
827037656
837296840
893083033
832638949
845122368
985828046
1028497853
1048414149
822245669
996085085
820912495
989103924
911142765
901383975
1071757206
1025942591
883460231
944167223
989604971
1052887069
884740838
835228885
931379486
1059308139
906301849
1018754320
1057997513
965166111
992884425
961043218
871230793
893272176
1061878868
922108795
917517456
977693009
890966414
928669417
824447848
921702034
904029833
893110440
997207008
966232680
978878281
849698445
952091465
868417053
959013055
997364268
993297764
811825954
951465646
887786555
919738850
834248912
1071741928
1064172169
852201648
903263009
941177859
1014373831
930906443
842419362
947527304
856904276
959636960
995845267
881658798
871791206
907225555
1045200341
1026427662
893205621
811705119
1005233458
1001724116
985230140
1011248162
890423825
913577190
884404802
998995571
868877249
809156362
1057646123
935012255
998578607
982711841
1008153468
945296481
987854972
862233163
874003438
1065871812
955693233
982031414
1025310751
1060650022
973483128
937907286
898432433
971761618
1015167930
1004504382
989018692
843434518
827066688
973345313
954489865
903412266
865548350
850608582
806801076
1061627054
984930043
1019486670
850679435
924420353
889759190
996915163
842271544
864231929
977373299
974043922
1007729094
806537699
852385327
887290074
879556618
916088756
959246065
939133280
955411071
1030925505
895516377
995919408
1005089873
1069869130
984290854
1025737156
861058908
915735412
972489699
936794210
991011690
938300034
1051173324
1045409915
981748268
1005044398
909337356
913465236
968876341
958015716
836346439
892149675
941389857
912269599
1000699233
856927060
893711355
958318254
1063590710
809589633
1020681445
859500132
946957352
996323631
1007466292
891835053
851302982
1007409237
856936612
1048874558
922417884
890159581
895610773
986744147
1063020277
968032987
850541422
904753534
1058371714
1019139009
866879260
1034891745
809603758
988872475
877705250
1034508823
905950750
1003508449
811165950
1018319865
1006730053
871301745
953178325
1010009506
872632675
1030123157
895057921
920104065
1062990858
1066776180
974058567
995894886
864719640
1018923165
957708891
913514767
833114177
1060876102
1071099667
1005713297
814303168
1058692601
929718547
852887063
874008328
1044786802
862406268
867437222
914047402
1038002292
891028497
898008056
952578190
841442316
1034098948
956645430
863071158
855862800
915436612
951244408
830445033
900833674
904244651
930977511
944147722
968063172
844427236
950903500
1010903095
1040529288
963162053
1008175776
895967410
811141531
830923729
994756030
876460316
931236344
1025985721
959050882
930083520
884892306
850452259
998772409
1043211892
967641815
816963864
950827603
808968719
879606631
1018680824
911384436
856717393
1007670249
958111339
868702836
995221587
1002124334
866678222
974373643
855086504
1018633093
873417700
992909445
857097749
865405650
912336816
930193469
837179390
964938940
1060752913
1053545439
833182163
954845393
810154708
923409462
907827041
992468094
1038478316
997413316
884517459
1009376453
1055057391
857563130
984229247
958375432
841213747
829829640
1033251588
887812695
849950578
965779755
968756472
951765454
1032955041
891468832
898788560
979832182
934839180
828872872
877026707
856649011
921510504
1003058225
935456821
884843854
878872056
843308065
855028514
1005431776
806626515
995322559
1032010598
827029453
967999372
866623685
851185946
899986372
1029984612
932711312
943446689
970034743
835240612
920601969
1056067892
830113525
940843702
918886292
867714736
982919440
827669322
846609498
838369709
904380008
829954390
1058981091
964232430
979569326
982319124
904504055
866024070
882812754
834729824
883306677
850499166
984585529
996377863
991571968
960569203
1055828330
944197271
1005674599
878076658
974042906
846368145
1044019488
982842048
873121258
951429684
832619135
927937926
878490681
964820424
1012267711
865709173
928076703
1052213172
913463939
982385242
1049340665
921923009
881158273
977659211
1025429569
884997882
980320820
826838660
924136931
985028968
1029373716
1024735012
1014132505
822761780
814285853
860194352
1022600311
1010317376
1054432032
855257177
997528149
991629396
826162420
1046631261
984120756
815432820
963389306
896076219
829740963
935174960
1010576018
880927966
1037317873
839957821
1020906148
868034527
1001816301
1035738416
915472913
933010121
1051759986
972335525
993873111
954502583
1060533106
1019465759
1040194930
839729691
880750720
855550753
827521660
817756011
1064836309
974179574
849335266
808987911
1033150467
1066403727
885135281
994536140
831868713
1032195011
1001008907
992593750
844318261
832534910
871675125
960565931
903485450
960096637
1037307372
841675490
927110929
969679260
1040447424
1003616769
853813248
1008355088
1017602895
992043860
877304656
853963698
911340666
1002136283
1070728454
946506821
1017378404
857530678
1041935759
922252369
820397134
1067876528
1052595543
1045519523
1027505068
991551543
980344620
819239123
832617630
991564113
954622932
806467846
898421368
1009765579
929397261
854270159
932957552
874179250
966231124
1027865214
1040932707
981945293
993808555
949784952
844471102
837911849
1018432660
875655995
914045926
942559472
834564066
1039477654
908760482
856153733
838279215
978025699
990291489
875732480
999881971
981454583
820881659
920931564
815349996
972679454
1032517739
867734696
983625644
992023865
1017871233
880282400
805839079
890626088
958419490
1050107149
807311621
833833668
824299723
902640989
833081832
986248091
1019459673
891073487
1061621690
1058281012
1071852202
957125332
1022313152
910046190
1035016727
1004739442
923228958
881152245
851959307
866134560
850410634
816886568
934261558
1060816970
819492030
856574279
988616092
1036856380
993545198
913938928
820497914
1001904097
1032252836
855221960
1056834268
901333901
882419471
862849044
1048386546
1009474888
924946058
909631317
854037445
1023083193
890227872
876805526
946696053
973925195
834342066
1016222039
906397301
834802539
1057275307
941260224
805936549
830074223
817635234
1035510030
1062618366
886774112
958812811
925064256
1059026989
1002371373
916396799
991995710
819882184
1045962550
926570440
985348892
955543744
996807168
848846573
919616669
1022820782
973810184
945373128
840721804
897746837
813564220
1034361174
962112568
1055532753
888342444
890746296
964378643
837976606
1071150785
941034172
845738918
921974171
938131166
973570100
906586165
988696088
856348553
901565724
889177907
1041611582
1053694691
854570753
1012213438
922991920
888800091
897521692
879150138
833696372
1046517997
830038969
964258777
869222784
810903136
1036854723
827858667
940286954
1050996856
1026579147
914841310
879714437
976795609
950230005
1033336769
822277718
880653757
1054307903
921337453
877694438
1072829569
888686176
856197218
976757160
907196776
921113822
808587151
910134212
1041964674
837048924
825127449
1026878346
1026009416
812506125
1022852420
846175252
864411976
1009590677
815775173
877659598
865937167
1038985438
841299137
819815493
1037258592
1014209124
1009165359
982714883
937274305
1013665521
1048109232
914960306
899617510
881956085
964617389
989035190
969106722
964152151
1054845377
918434295
1046903982
994216134
930819975
1025549669
909257035
858657116
855529680
1063206808
973995336
940865279
826552975
911821687
1029872235
925467541
996078471
1064605487
920070201
1007126210
971949144
1026388338
994489259
858879663
931144536
1035747100
1003187856
968818788
1032986584
811839489
832998784
805324242
1052880422
841861673
1021776832
1016284519
1069711795
891669849
1047084627
862355569
1049486850
829370434
1062487843
833296943
899825308
1044296679
814895835
929605020
1017188431
1013666392
968716340
805995404
996422066
1068648088
963939902
1034780469
950724679
1062945433
845138955
932651730
858244301
844891367
813262175
901937182
918155486
864330395
1009045064
985449776
928059502
969304583
1058345736
912575279
805351962
873098577
951330817
986065765
981890258
923437092
881418241
1012176953
1062288201
824435453
955497309
982072818
809461584
1023479043
1067489036
886801937
865165384
1073130532
1072045734
882266812
821818885
976393836
919088228
995984382
831765281
921446689
1063557694
943228165
849125431
824374078
1013255535
985426365
862758373
1041837954
1002627079
1073362897
809931297
1069431677
1028101935
886656915
810517960
955141677
905161375
1065173813
882824291
901648703
980916844
1020075890
815015073
1005759358
822014754
864585185
940960052
1037361498
986731979
945403894
941577743
865222968
828738169
871782197
881980332
826219533
839155658
944486285
1018199254
1042983590
887597369
855473810
1054575337
999807172
915105974
1026739102
848327835
820294300
1065645720
879824546
931713026
827238724
1006749838
872274422
978047027
943794434
807991847
1060272656
887348309
865823295
925696098
981152003
1022777544
973504100
927610733
861078981
971288272
950537196
808961734
827115290
1037490109
1020491224
1056963059
916928091
858045638
919919080
971882381
834356751
883484440
820686455
886383700
922746092
857137922
834681949
859632817
915815276
962280089
928248436
971294371
1021700800
816123982
934240963
951760840
856151657
975560037
1045840879
982738814
982091597
1004545055
858133565
1017161028
903574011
927753630
986991185
975165311
947880770
871595282
1046272132
837232085
919770220
997046376
983905564
996599616
871265373
843040093
1071677909
977067314
901258036
858758209
1043237344
1011759630
911253112
1013865403
960283011
912491003
1043824264
1006457379
961923196
941042128
957073036
963495607
1024613427
986904370
1003705269
950920731
992998198
1034066962
958766045
890436153
949593253
865433348
1049687574
962199587
913476076
866874563
965204941
861564983
836967828
938422737
915144941
937792204
980797356
1071557667
1017693282
836734143
953394571
979601812
1019544551
806826040
943860300
811979803
879754981
981135586
961436000
1069702682
1016026664
1038345258
816030953
1057192781
904992660
955190039
933829443
968973265
1014398116
889099337
1055537416
839434960
952045758
986635324
982680597
934450167
898027407
886692165
844230586
892042139
873188515
949358468
853131172
971455335
1066931423
973881474
1007552416
899105953
928783468
808607413
992194022
922609654
927629339
891888516
808223743
883587738
850479639
912514591
861502515
878499663
838900926
941533339
951734853
856315109
1034073751
885542516
865583771
1033788353
805886646
880920253
1039975191
961467956
835022361
830211642
925913851
1018642158
998165101
1024164184
812797853
841173418
969979640
921516959
1057911863
945924412
875796602
842750979
842349084
989425635
807487158
861924860
924669332
896943811
849846615
894121484
853923436
998896480
1054889249
950646141
843142309
977478469
992987455
1056863217
993051552
928317913
827157395
869941777
809577135
964294741
871906377
1030241390
1015786687
848156590
849503263
936433010
904954731
999083132
829047302
905402274
840344331
1006672599
1018296976
1071821706
1020218070
992219684
944743888
810115450
1012893153
911175314
839049409
973187103
1030444443
971067608
821926184
1005782727
861154411
901045581
927687772
867234167
888256313
844797564
858410243
1014037842
907569231
931141699
987484578
896399993
1003914228
964121842
858610091
1046041364
883687365
907907675
906507138
980887670
1053828237
994162104
890916142
859267707
880388028
849983261
970830652
983454327
1048117618
873619731
835673716
1014221317
857736555
1065830106
835342264
1003170836
1024987733
931401274
911391524
854161116
1068147250
926274780
909138480
1045256475
854543510
1024225485
947328220
925447385
1037029043
1038608485
965077578
854217207
954098777
817512881
1015160807
1028132600
1042066815
820721500
1054967859
819424815
940766103
839616208
992259165
991109017
829488215
986616168
925955235
1042447280
825041259
890242606
1069577931
815427322
885068741
1033709593
806617214
912781304
958191432
1072840133
966853837
888315209
941910731
1051145034
961624602
976306211
854594160
943510115
1042897463
1021276059
918917682
939318021
969202412
852840413
1071462508
880270508
834610835
1007502317
1052572669
940154748
895941151
1019812020
1064474396
1027920390
999033120
1021358133
837444259
878576632
980200712
940135314
808298642
902431214
1009052275
959140849
1057111683
876498780
873731466
896990144
835369939
1013241977
945713647
895608068
1050756305
909575719
912362902
869614645
829618438
841169918
808692992
859635018
982726448
930568105
1030373197
859071249
952808850
907933765
876754785
1072878747
1067948549
974522016
918854835
823507696
808477910
930014583
869871085
1065213498
980760469
1043767246
858715812
914310200
934543989
833508793
857486428
810580567
830490738
917402390
872409875
962230013
986638157
987778685
1059118326
1019535886
951215513
1035221496
922491694
896792108
931009574
828410359
987899250
855379990
946084332
857410908
1054799299
999765915
841727889
869331478
916828991
837883036
928660382
1059058612
919110888
902164824
811582538
1012736917
934976879
835216355
1043692822
994984249
841998869
811078162
1055337703
922192466
1005330854
1006697665
939405158
932054616
863379607
834242276
909608628
953346298
819217436
1040460236
1050831925
854881801
805633833
920968663
954374171
949216648
1001913957
953825485
915422901
812026631
1025683379
907746132
834918186
1020293823
871829555
867307988
1001176633
1008630164
961370843
1041055625
865859414
892320498
1048155436
993024601
993535666
856751341
840916944
890949305
895437013
995157741
1002337043
1066510351
925790939
970086259
1038259600
946554512
1015627609
967994810
859225872
965657220
882300437
978309168
1009054807
1052955651
992724692
916565463
1021425716
1007549617
925060418
1034871861
999317042
873847107
869120733
957941517
965066713
1040910056
884314652
863449953
1051393025
1011130904
1039564470
964433032
855576410
1035013682
1033996740
1028454753
945832779
812146622
1060501113
1051193324
920262675
920847504
912301925
1003324963
972573479
1023667363
926873247
1068112281
919980282
1004039428
1033252025
830771421
989208433
854862007
940152061
881059998
872968239
918074305
995444504
855371549
1067475095
858508686
883277322
1021338127
961045628
1031374983
923221936
1061997502
979748570
943006464
899703349
974055973
871512842
935582750
1054771855
1015974801
831959788
899619723
813625896
1059358676
875891917
981247522
834034417
1022995085
981765686
1036003346
811666206
1072740553
916908225
888381575
964094182
1013658599
833650725
853578264
975606575
1059840009
1007138677
929616645
812512755
1063158766
1015677034
859668725
881560146
827223358
920265914
1000525016
896518308
814245452
923693024
1004789246
1044150539
963179123
1073010474
899974215
869949866
998359029
1013855451
1071027187
1044551676
1004610257
955795628
978368548
928610739
884902717
921971475
880014929
1023665555
921299783
1004891188
897500981
1047589147
1037978238
965882142
809953931
913343809
918188125
1041724887
1022392948
1009959280
864450902
984254150
955344731
935361970
904403989
1016587617
1015559693
913248299
946440724
1034638064
998417321
989203812
879592946
1015216589
859399625
985437762
868297694
1071853464
865027154
937135918
966823421
990825575
943129501
993548252
891884896
991670191
905878483
897856098
1002460834
845540185
946888754
924122178
919388807
877880084
1065131443
984661289
829778939
1073388573
929000269
1042171266
859313237
1015609482
1008862515
916503724
1005186007
1048830728
991995966
857498200
1070723194
962352234
889984941
914346632
919785380
864645368
1022446599
1052303448
1072480251
985893210
909166434
942092837
818409525
921736498
817386485
834186513
1002755536
848531225
1072392782
824027673
1023530768
908538415
1060547910
873477375
856066560
988026455
913349428
939050709
1067548103
960872309
990323042
904827361
1059021159
976389786
1028027468
827076569
888283412
923922034
1060933144
974163029
1013644437
1043493762
969453531
964462459
1013257905
965845083
806265736
858041472
909379599
1006770043
855892087
996562182
866914417
1018242707
932844288
954771149
1046394465
940350286
999406236
928556908
915999171
1032254533
869412780
952838143
989997627
906088386
867698896
884316768
1027747539
1026669572
814061490
891424456
809161499
872408485
995405927
886038247
924218626
835715394
911048821
1054830250
1008277396
985907896
817563975
904032751
928065612
1048375433
827983092
879538627
875557282
833311691
1038516512
1042359536
995333713
1060632083
985198624
910088272
989861811
905442552
835471675
818576343
886326941
1037962381
855265714
842970023
869897086
1015751991
972171930
830133842
835053675
981187499
1015902408
958807649
948702279
832589193
1035626209
1047198453
872343910
848317502
870691013
894654470
1068080925
1069713847
865026599
900439984
1007321181
885578893
957164147
815794833
934889299
1036999233
966410403
1070847517
1009063432
932626148
946701228
842527099
1035870947
888313215
968025850
868244080
905866431
825651018
1052769851
963232601
1014744554
1049242454
976422837
870751773
1035305553
968747149
814136239
916721303
806529532
830868539
1016106985
867080388
882524520
883225493
901164631
1055812523
931276348
1011012881
850063027
932342515
1002298747
883185896
962938432
946997610
880769256
894251501
839084079
1065796615
844569337
911486140
838936193
966785682
1008783145
1035576961
840343367
828365437
833939322
1072546031
830815314
912197127
1055710818
846955649
927156859
1029224126
897027245
865591587
947386706
869111605
922287911
1068429796
864080242
981191897
1073150776
819754705
1001643119
866752510
925226401
1068034307
941060188
959237910
817663061
1055110604
953725945
908332194
833537616
1010660947
1035662462
884746813
938907498
998083678
1068630217
829017051
891316923
986423875
847073056
967524646
978860241
951983621
1005961209
991474276
839814141
980002538
881742948
828342721
1019302159
909401965
868564241
999712462
991581655
954208169
894146624
926048644
1055997546
1034208167
1025221616
906601048
827629124
956998360
988277195
825805764
910994492
952933130
913004045
817459102
841714276
1002606449
989414655
815478929
974375788
958007422
1030974779
1022055516
1036675309
876929691
971818094
830339944
826316834
973631654
1000217612
976981293
823414755
857289310
960561225
1061168374
811013835
850092137
1018775090
951559797
981407530
1034294135
896615979
1027224321
975907022
908619940
1039665647
837842422
919342456
1067277562
840902007
934926404
1062641432
824646518
816170475
910335795
1015300053
1023719176
961397636
963854034
1065730758
1065624655
921625929
950547483
1060840023
875872861
1015939514
943606345
834120057
992514069
935236249
1060912318
917993737
957482765
841559479
1031124661
931284716
973234485
1049609120
979418066
946209116
1002511952
832983418
938091352
1056923535
959231689
881871167
1006336514
872495338
838320134
897421821
870574186
990481439
925290801
955890581
877740625
1008690214
963445800
909307865
1045081331
906527123
1005035471
1039682903
809410019
970380509
913263526
969836279
834824553
852887013
970124101
956403245
1055569249
878242570
969903454
864397072
985448748
989684506
1072860570
982663678
806208058
1016713151
1068568353
936870019
939566225
887491497
821675450
944386127
826965160
869342000
887765927
835928698
1060281379
954657608
860356279
872215587
1041821790
893758284
845176298
1067272351
954278845
808623113
895860378
925060322
989211730
852420596
1002658729
1024357788
836891061
1044442777
1047705787
809889878
951649210
982887061
872831736
1058327851
833926366
964326163
996708103
877028919
925113677
858069655
934575669
836593848
932817239
944491847
1058835342
1055617118
855712008
900203104
813027592
825432165
967835193
962115945
912630652
1003456038
857263656
884970223
1045636591
946754390
1010439331
926261348
1066997447
908472404
980405759
1051598451
828829017
936003890
1069750862
1054044098
951163315
1029586581
935947772
871659080
999701835
1034471951
1062758316
943981516
842201846
916045180
1071267556
1045051306
1011068519
825354444
933600759
957749546
1026058222
951880774
942975903
987550392
812579340
880328105
926057729
1036195873
1011850623
940382179
1005766439
1025946407
936053119
817828786
998287898
906624693
914836443
951519813
926973653
833706942
982828205
1034692461
835569767
920499472
910804751
816697698
1009498296
1058769504
890418340
973737390
852434927
979666601
847658156
953914541
920860793
806660374
846732140
953012575
882349731
894402410
1021585965
1051115087
1003436926
925287339
902358318
824262624
1003493471
825388306
1017160738
846903257
862048121
1008329874
935413240
880882452
901921214
904074133
929517795
989927304
1054371207
902405798
889336505
847027223
1051255522
925867199
835632207
1070798585
856423103
1014746162
969548601
899329543
977262630
857489609
859995430
952878045
1021840507
1028411158
860191190
940784566
869316139
937071414
930971284
872684150
1062778555
904947379
1057135252
971718915
926338245
834128794
930480162
1061605891
874235374
895254590
892863788
1034175514
896247583
991680629
1005997682
939825902
975924702
958600647
944237505
992499853
1006939710
852955547
848313085
834908089
930258751
899525330
1043090810
957818968
1065069885
915729449
862275948
1033156246
1038478476
810896121
1016201225
992630049
878682682
867458823
1050849660
1006692296
896777280
1071333459
822848883
940685711
1050733693
883666466
919280917
847416066
827937991
825270783
996885132
946422888
913268056
1007297782
941301113
833834076
1005631968
845868393
920339223
820195703
805530229
1006667558
1007555772
865300767
907642815
872827903
983048524
953076444
1021189720
1026854274
965753421
840731369
1034646941
838626048
880453144
909480968
965769323
943003360
986668824
1048899335
950672302
951069810
998664316
945588330
991336795
930850402
962382912
846366867
857502692
1013608191
1028187928
826058300
999730891
829931580
866886569
822252728
934640050
1065341024
975934818
1044194380
1028976044
868366288
916201627
851427329
934725705
819737802
1001755395
958411899
1040647394
909268365
918634203
890512683
951886596
810849650
883684432
926257676
1052440592
1062459738
944534069
1018123485
824259400
1058024516
1017127398
908899297
915246952
953394585
982647687
905648773
868702917
1020112602
1000362335
847531347
828701754
943806092
990379577
942575764
1061727139
1067823763
945237448
827053806
937924064
1007366972
828064145
1002729616
964032649
986471819
1009441553
986586078
888686136
876004593
843588955
838567208
1024860059
823941032
901500180
1033204674
1054660649
1037187615
1005962726
1023229418
945369963
856256214
1012128742
867144358
1010511870
1068993550
1031277896
922094700
1016116503
901362703
868119824
872476042
1008947266
865734394
814705572
941482458
930334813
998884487
822830441
932154141
956278842
847444607
1022664003
961556544
929634449
876976150
932439774
919344149
1053840247
879449000
1070405419
836936726
972464531
972052201
914110892
827145455
810825550
995911586
968846692
858117876
825244080
927279420
999830181
1041658494
903301532
859981733
941222879
825433636
943728906
1022492256
1000040989
1030189419
811796602
1001152826
885872907
1019962350
977001915
946788610
978262754
992399304
1022063412
996118586
962125938
920549621
976407964
814286294
809207516
846024082
1008482825
942166750
1058514627
887887629
875677986
818151584
924598944
946824017
889855787
814637546
991623296
810667150
855628817
1029170413
966176301
975467436
852188351
992503212
901305227
918254790
899380934
894123405
995508716
1057214109
905731594
1024603623
888345797
959266422
829872561
1001474227
1043433807
837451198
1003947892
903397751
921249037
857024793
903900854
1064395523
864544562
1027348299
1038314795
958612944
1044602259
951333498
864023456
985117646
1049234383
886419522
1058712282
1061517618
962783098
1062777554
844375820
915895434
877420390
831258735
863120639
840346582
901761501
1038681954
823634666
811248593
806814767
1030431975
927668910
889072425
876740539
1055048623
866722485
815429757
1058213540
955067675
845948702
1015296681
958189832
908049682
906093608
1028783126
904301003
886166511
865584407
874814350
895057679
939390296
856285225
1038201348
850894385
819877079
1035851270
1005963930
931788145
1024326255
941441356
959102679
1044827036
858598757
947216499
969256094
896233304
859478966
845856531
893721140
831183313
830148121
1027094258
1060543517
1070372324
985447412
980456888
941789971
828447593
871069881
1017116316
1066795751
1029301165
910628786
957343169
849555401
987856672
912353772
877031160
881689688
1016262734
1029614772
935685056
811941092
836712420
822353027
943452581
1008334375
868183061
812492182
856490854
855496346
945462890
947742970
1017925264
930619468
835499662
1072696033
862366297
1048472679
1006860403
828095746
1001876480
1032510877
990527026
828035955
1043740689
927402605
884397536
853882995
1024531917
889003627
837060436
1009643179
967747740
930673665
845454616
847433098
895261203
981381485
853377612
1030025762
839199239
1054216736
920474401
1005121225
1021043912
824025169
1015771846
953389642
900406336
946453029
926868236
872331062
1058759428
1011010163
818542354
966069932
1054883290
946009945
911423170
1062830948
991820579
952973451
1014958417
1033616217
985926496
860338678
945042586
918083413
843387062
854621702
1035374271
956507364
1056243788
991127781
1042691441
806689761
886675805
1013409734
983219873
1011079820
1051773427
1014580176
879677744
987945959
1002112318
1007222590
807821740
951974334
831672196
1065879494
985251380
919603796
877207628
816805283
1026339788
890229442
855585895
912130463
989276659
932802179
964665052
908381180
942126602
893089948
912865509
838855423
941102935
917683677
813646144
959666576
936590160
1027058245
892773955
870537079
927630141
925637843
888815698
912885638
