724548041
621886510
755126078
763074037
653656811
741759929
660792998
596461294
697530307
605678097
704062093
715870797
693750327
798447141
766215715
630011744
640582669
587720619
687129007
729058135
638827051
558360701
721647382
611696285
800500749
752707495
560205126
690299311
758662571
710260316
786324880
559260009
674879829
647693499
703459488
573363262
594552762
796414173
726213123
591778317
589119451
764102190
740261773
668125026
643076471
583694043
595177009
733131073
707990802
595684260
658367294
749986258
756834244
685512955
580902567
569430472
693974855
676017165
542150120
601106982
667138749
710448358
747045966
564628770
660910313
773121037
650009177
717071526
653541822
657987826
544731359
702951777
654115678
702238507
728783080
642537608
610275556
615679275
770892498
544104779
694915655
766312897
556713681
595837516
679630719
798074765
754256224
614555868
537583994
637448047
753045735
787344873
737606148
622737428
718986844
770536880
645755159
796893150
679535192
557900366
653709404
663169895
604417642
562979111
769619428
783630383
621885432
622380109
564791390
742755426
565093416
578979318
590282427
733794029
715939044
690700725
801121547
603128853
612144206
692010818
593612550
661526083
616508268
758665813
637634000
723224517
765860967
637173149
667769566
697705804
797879427
785656051
617774791
564082537
602406535
651979194
623889505
621439217
608354752
660790003
685400449
750881616
760116149
581014783
704161308
694643023
663685149
584319060
713047175
609888238
662753960
602346593
672568958
606040908
641027648
672817832
663178980
690808095
612728193
657427121
578733812
588345458
555239347
741112861
743875967
568178683
660146473
770164095
748112805
664954680
557732114
538995925
564348944
558740003
657011642
625396678
792158480
679530294
677767912
702438920
562840054
680685184
608538043
620927156
576562612
678857052
583121557
676458442
658044873
794800695
705121620
649595681
628923434
735471606
673588133
603388110
537168862
538131503
791565043
629806710
739890623
545557839
700796821
752917266
552619413
648697436
658505335
788115072
697104465
591281995
794889046
659549196
599035211
715933026
582741162
590735704
615060144
772716403
587676990
677869864
757353131
678032940
672811575
579875847
752352132
796157556
763205088
614504705
669661241
581913250
701507946
691379786
746512709
547199792
561702402
655491430
787664243
767065620
546255924
744653236
790358960
763046283
581377674
575181953
654203693
681744202
788728006
565896199
573672828
615569117
705639933
774198287
608276712
773294755
644027984
668427042
595833962
685786611
643640584
722261973
599380284
750358630
557868549
539201824
741483471
571717256
796289004
551643829
705559198
569999495
698222933
563748195
792154208
593062905
618954369
630318786
767234799
755099696
784021310
566420783
601933327
595586410
669970824
691913998
613248940
797739421
765598124
652307610
559043956
761594562
546551508
554471221
542034702
665476202
694117766
704494216
659707433
768525504
704815083
586183037
553413107
580391313
705264127
573884968
771409158
548857631
672696176
593347726
664591994
731933186
541905132
606773192
672402163
766526219
582608547
603661191
611680240
637539210
663132629
595936535
774666378
771608240
582537000
742549235
679902468
643949843
730721209
672529264
794144636
584372526
641082714
588516323
602054803
550211060
665813255
551356798
753282443
732695262
725100472
562479205
543480629
552213345
550491145
551214961
783375441
712739242
647655004
772783812
800076701
592972836
580872016
541517762
601590351
669907604
710389122
558459469
709470632
578699352
601842570
539524130
572845598
600066866
678184533
765124626
604373273
766851195
563137150
652856788
684079110
584000765
730018974
601972663
594704224
693878221
778032639
701732324
577739909
587784990
719124481
658158613
681052703
661438057
769601446
706518953
764008778
638841987
615901297
572231407
615295588
770749739
579725674
623282379
691386135
538450081
787235767
744924533
772195732
717772213
665947283
604951866
755655360
610724938
671260017
644773897
601325657
756663822
657801589
737977106
556749678
637962346
764113633
545844293
750438463
746175980
619934082
758470109
745927735
674023053
612702703
676560729
796799211
726971604
784736901
789265450
718629082
783531558
703330798
673278768
782136842
728961330
634041565
727771181
694242981
626448065
664897842
585935653
781454898
758936996
679466551
570588933
715984780
719926713
620441816
570939094
615494416
760741321
794135538
663948598
665506143
706536229
604031094
708258381
661379548
672747129
582681378
691650221
769286272
614166360
614920347
583553107
769782062
670129795
540996822
799951103
654690162
759968027
679357635
654617524
792380592
748453256
630404209
616827548
670467186
578127026
736689624
771335654
538212238
731128179
685716310
622352309
760649136
677815125
629229113
634199946
599505669
791770209
734471281
575601666
785172471
608678452
798153689
656660551
753052611
615502281
593131936
709651135
805295622
568106120
564459625
675720816
789854265
578541139
646363106
623192868
602585322
792453882
736909024
637851948
773760083
766547746
682385628
722041847
693671813
548622108
575190221
729295537
585991221
697151496
758080051
779385546
604018215
710530193
576301482
630810039
802606704
699616605
591198468
748517831
659086111
575958544
720371730
642606607
715714251
801110970
650472847
624500855
758129240
575035000
637938806
706547826
611808770
676550399
631603441
611692937
582880279
619700962
604200793
722888794
759934899
660476611
651050177
581858142
702889881
587836159
686017403
566294797
788332771
683729051
766653158
744941875
581831752
684148948
611657231
770675996
709638429
710283746
568954629
791058060
653789120
586891795
572443810
613776543
606394377
569884392
689206302
575332836
540749130
796500814
766147867
745398877
747601279
718637559
673443965
585532601
542571261
653359164
591710224
803873934
778433265
695547564
790682935
796265537
752847114
719557492
625600517
634849707
717034495
668726113
626609618
627000484
539537636
623129336
572480465
789455349
620398024
541772983
767452971
576699413
565707767
589240585
606723307
693485944
760735150
742374061
585210661
790557049
704897497
661103015
635315096
799845648
708207744
681624263
557467177
760705755
589009821
577390160
766773400
636499642
763277598
710083981
792662475
642398446
755520291
633930828
571895914
584932936
623814968
697185715
604763134
597660190
598567115
611665853
675956937
722117725
785015097
629510344
572156403
549067816
800022727
643736641
748381144
646451085
688232720
669998839
760069955
586529152
540800624
712274523
753237299
572919153
560697546
783426747
568036958
596277450
650266308
598849197
702283650
696198136
643886353
635136795
801466067
741230430
743046744
549673731
698372408
570601296
751821804
693699270
646803151
780423944
688989305
737040530
570937416
596785495
657093069
726049853
667470817
630343623
639961137
748954097
550324434
718398246
796414670
773926259
731392106
745100464
678327982
754961679
580165389
766471641
673923813
659235106
796551761
663323840
679806447
736235705
780652824
760641556
788050471
672370727
614824568
661883273
588645352
705153450
620932155
770327362
551643870
787361709
568440458
667961561
635343994
677039535
708982868
571411780
665240328
751816816
669484068
617219199
543501886
778689690
801660769
722807530
641339458
739685792
550651114
727917571
718147060
598247163
610141163
709866326
688348137
545565783
547019612
539316175
708969437
618178671
670044822
738301221
665074175
718662843
656395106
705635815
683001515
761880872
668696048
672615433
571196159
770127621
648141342
762265031
715175539
707715939
694807989
796699959
555092152
581054807
612801029
773255672
650374050
642428099
555039274
803652360
583324898
799487533
680916607
789661091
639878991
675900069
723622291
726692005
622372728
713755006
654789324
755669979
689964824
730394187
558386775
575929147
551346114
540784020
724199458
683681171
754678629
590645253
691817465
724050888
789038593
553573237
741118167
751574950
588175265
753468617
668402743
767017428
689023590
581631114
794838188
790289134
546377143
628221778
574111821
544502186
726653476
730626848
762437439
617438428
741550285
586037288
607505045
663062408
748019310
729608307
683073332
592690568
626251640
643424024
541689620
697312898
767245302
658393333
687286964
620753561
727063543
774966498
720462084
748757675
630119316
553160725
639121024
667578684
597159829
675845809
672030586
639478963
684526544
553950164
594562385
767139639
565755950
547226304
655158218
564697940
767991540
701892322
774535148
651951229
564617003
606247171
708222311
606640316
709956964
734904303
682975431
756925386
715080318
721002411
564215362
544599302
757226491
798260140
546373274
685621996
732238264
702951999
583347111
762293849
549627609
709221250
641590741
571749076
672171293
769006270
704920380
704945805
714802049
718835395
575128790
709033509
603512281
759790335
731614031
654081999
657953179
642180110
771284640
585046381
702553158
593514937
712006187
546404974
632299944
739117724
681801108
629532459
617295749
584167151
748863200
703847476
659785705
784594594
592940049
597845808
764415136
762882314
578712777
616985675
705504545
543773605
734199209
653466655
646392885
670322229
710988389
666731487
576158867
648997871
786085908
786565155
571301040
774289239
563638698
757230761
764529187
798715665
595895806
732601710
733401444
708676175
622174518
614551820
583292339
783877783
616213983
793762028
641161106
768152772
696247604
601283552
700061195
561660412
551686570
796783990
572037740
680891869
563585363
699178061
564894253
578459027
746142383
756502504
670076690
732657478
759349325
617844050
585284833
700029204
608084554
608730923
640387270
660892598
628507114
743558917
730743297
798165196
640321317
678226510
602173172
758592247
696119752
602657198
589493652
605238818
660314499
780878688
645816102
676156612
680800627
638563283
717510035
655839713
654753216
710761967
590972622
597881555
713104215
766547834
569216540
552728575
691477862
616173341
775582384
634263503
713014578
620607667
627901836
717649571
554210523
690929623
743445673
661073289
727773068
691548390
749260800
606741639
610448032
643932685
721451715
765295356
616010512
747701173
803965401
715357707
641623490
696574352
713171773
801262436
729251308
644672709
602167125
765205464
661844405
804106495
547288445
774155806
773589669
555793146
737300751
557090985
689922817
650378802
551770436
592858783
652967305
630383543
709233387
589489440
707383584
560062875
742393774
689335338
613092132
718861337
562907905
638685774
608023476
574856025
649611271
736338911
635898596
537906217
757209999
565637898
725656007
761450281
551137725
677633686
705252477
624364248
712532397
616771528
589145950
617511975
667973427
764510302
767659809
575762544
678840967
707369600
588353182
735194968
712788562
772940475
744663895
632403185
710302521
540148489
598775297
617163560
618974918
749541595
543066141
647317593
558088755
585853052
621984724
696740914
637173456
786043925
730627565
656364516
549534805
702727156
803200327
662778014
607846148
602208771
725373793
702818024
653131380
664281721
576839201
739965786
561591546
770390456
634988414
673837945
707654539
660686848
599866991
655322599
715965103
542133835
636188749
570184392
589355416
765653249
779466066
590971447
588275928
599650184
544139785
695140579
634627422
672348662
755395941
625309966
784445694
604712738
796874809
782282674
620339063
788181950
561787685
630722940
751882765
756707273
590855882
654022702
786805109
716107065
562831087
612188165
693000681
602145037
600383212
679972609
709550708
647997552
718654575
685541502
785033612
641253554
613000695
697507516
555635582
731417680
768801416
682227586
576229795
677304959
717638343
559934811
750333925
784352149
536875777
646523424
543545897
674299470
716733973
722012905
702873999
639305408
590710343
547791698
652067835
727940196
724180625
616226862
780884694
716979823
676539085
594237768
795744277
710596149
648929845
599113628
618398929
639978230
611132423
564431896
555321773
564708593
688245825
777363801
719827514
699807566
763911103
714208899
539959723
599960680
539089904
801118700
718657879
547328507
719586705
749177743
791630618
654829591
744295989
724348110
678330522
670819975
771197099
762667027
654418726
799539799
736904235
719754722
563969412
703327023
645714805
731986885
689293314
572090502
677135058
668079079
606976154
772272732
620989278
630954299
727880048
773700465
626438979
594274624
656616201
601688478
639527165
553251210
664167071
561672877
558304386
758588965
566487318
646658067
690514532
622273164
551002838
771778741
615165953
589602894
733658107
662551917
713533681
788517525
776353428
703512881
664784330
681753795
602643169
783856367
698645140
757205783
591617141
752250496
721045624
761449446
605097055
624500643
630906270
540291260
700291593
752505854
645702792
717338040
654984190
782530094
653542513
592777476
709629787
789998003
555229775
735243783
564310303
799235433
568128165
757417537
640517958
627021526
571470313
631514897
604936651
610215004
630442774
617793228
786775544
577311684
548131729
606629644
740781114
612253713
539442704
768963169
553278499
563831449
612028143
569117142
731283835
694436422
665931285
801636703
639189925
786747266
643003849
727417922
672471726
544069700
662374711
690907948
631710709
543382976
677253867
761542125
768715323
716215990
572987434
713774958
625238984
724285118
742147627
746821672
773175019
671092899
567124530
789550515
539030954
704649431
735456476
645814789
739931539
557609390
558866015
737826735
751620814
631122084
694600644
580237817
708163298
688324284
765240903
751604483
755115824
716421571
753525650
691687601
706201680
562822309
793012689
719296546
675150739
667883024
736849927
653413835
608156600
729022378
800870651
594065166
690516354
743377539
683055115
604601584
759244620
759665546
648842872
653057071
710686697
713361280
549034462
585136202
577066967
711106099
745825517
766547930
684793199
730740023
672530033
695549477
612496116
713275869
707646608
568716022
609347388
558484193
781402695
684414004
767794740
604094724
639500418
753229190
786476858
547867364
677605152
749017378
612164506
740088022
647636252
543248452
659980916
563983399
630790803
627483320
541139825
727951113
601751132
563656442
589890098
656579087
710257533
639233726
761084813
767344240
686286757
661069881
787394109
595291441
596732610
543316795
684195433
550133037
610122507
604385085
632171691
571970869
773131881
707837554
626131765
630611413
586053131
578849541
796356660
554947915
619614221
605162427
755200219
654917284
676768623
591725721
598913389
636900433
716712885
634855433
602962911
800496296
744219164
678708068
611797471
555137476
592218373
649550048
580510879
711582469
791629776
564554515
757365634
788822665
780484224
637952660
680747389
692382646
717084846
693493815
579515000
751438404
759238232
621967233
573607787
702713056
801394973
720072782
598538867
544859406
629742189
757425723
600047240
541188537
570236707
791226413
619719596
628031790
730092209
571546073
693467029
737796805
717057332
557714664
685528509
554064248
628991967
579845330
704025525
560824122
672836422
799027665
592182392
691044926
639375338
788510341
598952643
555339519
753510216
574390526
787193932
796660653
549281516
553943266
554786652
565444097
797027439
663611310
789997468
650293873
586809302
617893389
624546590
752745685
709307258
574882041
678151183
591813822
761881200
574368482
602085527
541624424
577210742
796754825
587847215
587221447
633410002
741738155
687556190
749442274
740812674
698843228
686711346
574837572
789570226
560761957
629707434
645085794
672678827
557991906
673948707
619171993
787654769
787576659
707844057
566171287
756122736
605000105
739347137
552970404
667832493
688997993
738034469
646289962
649098141
742053456
740379134
623057058
665741665
667280554
601142689
701244353
732628543
645974932
571127033
737026040
644686115
654078058
710490770
545104059
780917149
561846452
565324391
559705679
583710410
691242883
740121511
598785509
592987971
548136783
554065454
786204534
564196065
708870195
691797466
760986848
804597051
714784593
638354377
685812660
539651854
764861966
613176923
703058695
749778979
774854003
655298092
640705360
799418522
785827053
720086957
617071248
701837382
769055673
769898677
702188107
770246084
620286274
792534929
579852474
768426859
786467646
656041651
676311426
589989458
575833418
587804891
739306957
641007227
704200078
597705700
623968974
703108859
689435395
796712217
708521956
796727005
773626708
685997799
745230362
726400175
608489027
672362429
567560039
607538566
662426842
672664282
549862141
695791862
558587991
799487123
685980664
540701334
743160235
563958799
722665654
690222508
593462482
539972858
770646772
584216118
540328313
537028968
647221493
564300188
735169577
627899351
741134111
571014077
651983988
544244231
610006879
620856811
658928665
705159106
704001192
601811615
568976390
783766428
581656241
619414739
756863836
545132595
595327115
633789177
724176559
543816083
584470233
676328298
583897706
599809601
772269250
553353451
739218954
597546787
586674494
545469430
616093300
548635592
678434483
684337335
769963603
547515167
769684521
620357160
627968613
660209424
537323272
607173430
727973707
580475975
644006846
586502175
538149865
552492175
803544949
767141030
609886565
734001630
632840251
633561851
693259657
752877455
649196723
639450316
590391961
747576951
552582067
597649314
776310601
776214657
799239236
713675847
660341845
547343198
715623622
724612326
711209208
623205791
581565151
620759684
730901117
749893961
689079946
548304719
732810185
745303219
723628817
619332788
644186311
785122826
721147056
640699578
611083759
585194046
688024293
775274371
617912232
660338537
603071500
738747880
697943054
612290595
756416811
720633508
637741865
730055005
786020054
738325258
557752981
671577842
774105487
758368603
799080156
772462674
652702733
537187194
558567510
631676447
692766941
717763762
708541328
556253423
601257483
650006720
552178433
558882894
735914464
786071264
672547582
647275036
741887762
788114316
717515542
553052631
574875159
649086225
616693090
652577305
617309025
658579089
604110513
799341873
726945143
702582108
659563905
607324110
766576896
631374188
780283006
804984777
584101191
649586333
562593105
568371933
571109850
578835159
777439663
766501310
704299503
568361922
602934747
761287615
642413134
719516075
655493483
753205417
608958792
759282128
700502962
794047196
701108029
673633803
746694707
610196207
682870532
739144699
673766260
541389657
608809893
555266844
676446015
775703402
653368144
691146765
736607052
679755137
800138729
787437250
802351369
770789334
610229749
548265291
803322520
570877651
633625101
646652108
719730777
769011113
554527182
662373356
699759786
799079799
779262920
669099577
566650670
747421587
752793482
633032849
561234335
547287227
653943015
711034409
786256075
789663594
801861184
803859814
571512385
582809788
762340855
722727375
761700201
570537757
606882696
610168266
703894992
647721569
576930460
573597884
740786008
617779473
645088007
709553784
567738509
696137573
577353884
574333649
734772404
724424684
612520789
732719210
653103405
538470558
576176096
595833361
569651769
651995231
709977701
638751543
684429890
683637523
560295669
741102283
571172734
746223404
659764180
657854256
744453328
779080381
791697585
540344545
682852733
802917299
642761749
750778036
567463670
792594130
606664970
615093610
798714792
746890696
614678532
706800945
573961960
641391652
780916715
662142388
800345867
682473097
674256080
624080275
631733286
663666942
648084321
674296399
626167168
763824229
630021040
623861582
700608196
716228019
643588731
614462752
546285238
751752193
709035699
639195508
599851746
567325062
649014914
625925587
722916066
584564932
616546309
657765171
680199769
666916229
597418442
761690963
707666804
725680472
578130211
572002247
637103367
768932405
548311228
696055067
752061503
629635564
651654275
686317788
618484004
738604726
569918166
579748362
564159844
599152573
665689796
637861760
647338431
604543659
567914907
637488970
642696090
764350794
719203371
565576112
680873841
639998662
624797928
560159001
682404912
790077612
742037237
740701227
604741433
712540399
739095574
752395646
656648860
740869694
626649342
678678354
682490883
619637658
609096666
638422383
669789495
718802002
786939303
790811601
648393705
656447752
764527257
602882658
768909662
631542143
571374459
753965861
762912984
575098489
567064123
733487816
548172996
774661843
680676465
593385602
576481755
606777549
725965180
617359850
553918702
717832172
758583223
637262318
622887242
675882205
720151821
595745125
705953116
604799384
610040111
562955142
620575120
581720936
682856856
549992901
539407994
662075651
551997342
743566662
565891480
551359127
800546147
671814773
628878994
649540018
551274123
618664759
568000700
744096019
603792221
597789127
687771199
724737167
669717507
636760786
771615862
794441015
752002941
615301161
541638337
777501105
741278091
715456721
669850049
683198351
771965452
721289904
665826761
591048046
772684001
716545089
571564263
733666187
632556542
741619024
591224833
692410191
610855393
640967141
546582984
693133458
641257691
567980914
773067239
686282289
643884227
611646818
738888218
752508693
711974210
756585127
803163415
677111302
805130592
552444120
779979377
649858300
612267220
715068197
586576761
627894223
609319183
716720172
704054916
666677566
757197344
575349346
588596604
682819674
572927638
557256600
750931820
620814527
797378370
679405573
648974488
613350077
738071036
709297404
799117732
771886721
628665701
702256640
675211281
752606052
743785607
563630268
732670468
544409332
636959627
553668670
740511191
688492706
653373563
661729202
749951255
624896539
670079581
664660732
645088526
617968450
668400203
540224502
717672732
549311399
567412983
603048602
801381761
775648987
550520698
803785455
684752170
710880504
600083395
570227332
673610911
561301858
550005279
744550260
678887510
726662966
803878354
706272443
757462938
792596307
713420649
591488840
759317068
654072480
650770588
795570794
565287888
744784794
559238947
624233561
761078460
699432670
673832757
602209546
677055628
765483975
586044788
740959651
739055141
607146044
547714233
584997294
658944359
652467310
680771711
549582775
725838066
784359212
630849283
665768533
733354893
677678843
639743052
563525626
735319250
562736537
756485888
773825068
602505029
549317355
671490526
626732744
644152886
669783082
581027554
540586723
650691388
596797165
701964920
765613198
666455454
671524101
729738058
694688910
781061413
782696447
592915736
567697484
686591120
712935839
583097676
782504972
775009964
763419147
696123125
612037402
749272120
732805282
584211147
706930353
771365757
648519619
613856273
738669450
661354413
737525529
603103792
577511262
569797612
643803977
795545246
589336430
726783180
796723166
565467922
790033396
771360726
678243061
664395131
742923507
737828219
679983716
570956473
611901276
752242252
712763394
639950114
748916659
736128982
574243431
624106616
780935693
700663791
563845437
558488255
709720745
724316278
660535169
677461623
684537619
694334420
552884267
646699714
584813146
755267378
682898198
788829741
560418843
771760190
747844842
738807087
682310233
645210960
657910764
601811104
607365604
796568196
643314032
659521723
783198204
716359309
691756244
710071933
779717982
715966405
574862473
767839811
578354027
575569756
605536865
726243315
766453392
600323729
544043459
790091326
563294595
587619370
784108251
638720421
663559266
678479270
600282647
573689790
749521891
640783784
794813229
556616567
785379952
556913593
641034444
625390326
683696562
623251594
665727589
666960619
753756908
542432580
742539852
740251678
693876015
782128713
720152940
581304412
553630890
642093305
624867381
537866275
764526967
804328888
656632376
725499581
622947797
661732047
694324710
591643944
661256429
754360967
732327032
764516485
539961960
728326092
774010016
559043756
573285237
665981675
762362413
767006920
635784290
712852130
700052572
617178237
569607293
729676979
712513758
653113296
572869765
786524351
685103202
634356205
631242238
579150587
778348151
557736422
803464474
617584087
537822429
704724872
601942468
726970581
617581181
601173066
582314120
789745911
734691301
546799295
786381151
797993464
780622698
793195081
738902060
665215962
793379858
600347752
556778362
597817947
646196518
743540917
575916489
666306598
772781568
771578527
583755095
550110490
673010167
726552888
613948343
539050419
559278884
742896599
691557807
665555546
742334092
798968636
740668631
684339207
799830393
659565001
543837802
786912319
617632416
737375874
757037835
751196106
671970271
783289942
723090028
727831063
566736800
698687727
791314590
642702800
711992348
670074487
577837454
762145156
732993361
674303402
777818193
711103747
762187998
645702946
608665787
595737201
703734854
758142084
703967407
728316532
657275810
778772403
697007546
622926653
692749620
747948575
684430799
785014153
649790439
780989968
620724879
622371854
652636228
782736993
595939651
727317297
772602216
626565704
561830371
592519904
794565859
601238739
781073930
796719957
630863684
680595531
701421871
684802497
740683826
571214419
698002012
786938084
690923656
743482068
801895929
689284633
734309549
713547837
804887087
651965790
724598512
681843366
593080476
789356956
712680132
588632197
687277314
679139726
715221151
594327304
768502483
601411444
732639051
552705255
604362065
619277610
585791223
645033317
561585320
636401320
673085424
630145482
603144156
759191260
781748054
773784486
666808415
725526485
784961841
594111603
559304005
575472784
624884188
761648652
661512348
571131515
745368068
682412843
784421808
646247712
653858912
751118118
538794432
548773449
652664788
783508859
718993986
720391001
651482313
788166080
752806796
608130886
581124858
630374021
774974430
756852842
586658937
787544327
629634419
803891429
635904178
705295437
552358742
652123352
659813744
643854244
538491037
803234973
761577433
797080652
779145780
587362442
703591984
694679202
700714723
759657684
591957809
696661013
767405145
737156350
635972341
537513609
631715017
571055498
746487040
739605683
600187829
624162538
557872751
571486315
671665318
781486871
543752357
601412395
553358751
682115735
577830248
604937765
670148672
702538137
730885705
773489449
704413226
537368247
718085561
579677826
802706515
713861847
693724641
699279214
683754712
601837728
568761591
676398510
615532899
718701381
699805987
555471656
641787134
562545805
722116799
542955411
636663399
662045833
554671299
732425835
610110021
548495438
728289410
765531582
695147751
645361357
617804718
767777198
740419657
669683017
785463822
659000692
781570361
779017677
692333813
719028468
591769953
603548003
781478924
749581817
727725582
601428415
768647971
571428488
614596808
649359667
633658432
554207829
686518384
701238732
568414228
753248515
588400857
752278030
629875459
538222196
790969203
785735585
539355058
628422477
691456843
780062051
737999233
642590597
743930824
743952702
668122842
727184505
543899881
598371184
772764138
554431700
762465402
639021714
560272722
656911611
653130866
740558173
619097831
693875047
565196159
618669074
594994396
602435092
596070052
717404251
698324187
609036277
634634251
740818334
627383708
738333067
615185273
656974298
803714149
579907957
792944049
579336804
635797817
721504701
657498924
613641312
610117186
586021230
714279401
727531578
693168935
803198341
569619400
597136571
658113761
671548115
697101404
767385162
788187483
618441015
563943640
540237207
722371455
543976787
624645719
714575381
621987614
579662618
674029445
692533102
706557569
717931775
580986033
548849659
748544519
640252772
682831032
581271779
544438372
776536661
625812667
658265541
655574775
569415319
657592233
728089782
729956422
789218183
621241646
761782507
684131650
565197603
748838886
772976375
623976651
753789430
559989373
579468440
730736298
561570004
803605741
724517048
630933138
565102615
718520022
582683235
576648140
694936355
654208939
592388899
545522354
680595696
772988107
569930857
562440249
614738029
783890724
742520999
745445242
595776723
681337711
774778583
789492326
603767886
712444386
752479761
624799643
661906804
596211973
692938756
769570459
723872187
643752635
641047987
672459134
537527713
634349370
772457757
677467310
752567850
781242918
804163385
795130742
743462663
694299944
796958871
798068791
549523960
679324997
565785097
593663215
573357516
738120824
650705272
769838587
639330873
724086210
799768638
577214402
537653103
632814569
800195403
606591137
539746580
757370579
696644469
696278246
632064843
698095410
726143562
697552870
662648471
695839874
740393234
618550021
717641840
575429273
634054275
557607240
610652900
748143594
688141406
753678761
555506052
607364851
701944315
660270348
798739184
560481283
652019864
631299133
560940960
738047901
597840124
597806984
757810224
546563245
644151974
629060858
648386477
537146478
742209514
673571645
796433008
741957568
644505522
697745148
733976369
617655078
681058027
554955489
795513044
632630615
802464680
669028661
765050339
601454543
622071984
676544973
714119298
643118246
658705344
592856983
679391050
702361556
537991995
720177958
683031399
546346939
707841580
650138561
711620183
770992770
623736609
659154681
623401597
591208878
610720687
744750404
738904699
609207786
554234292
642545305
653712438
619414171
724717103
690210539
561950346
756772286
643876671
539177291
659495756
772999371
717053889
600622543
631640191
720797819
542233339
541791921
646547704
564216269
658942331
720849259
651062728
792858557
590119302
685996237
710185793
778883247
607843865
764965632
776643548
770784862
797071962
750530339
780534378
660725750
581455261
713287974
593354308
780723423
607393636
784510008
666251069
739544240
703265392
732467505
773112337
748977948
689285514
667178160
675820748
625997883
762438313
637820713
716620408
568054438
769032967
767699939
608655068
629615327
592793826
760994185
750698870
746419166
544003115
699120048
740803602
691607728
724947774
603497799
715590099
783392604
556489888
575395967
562346173
670416157
727910500
800574847
769466002
738085070
629575045
685566887
600493033
603668946
554180128
668122779
560857225
740763680
639109683
610726883
770568224
660946600
752735135
587596324
677036803
663694234
705999933
764554398
653964681
775546216
707369856
583325040
799365411
645085940
629874771
680067118
799176458
672201056
730928568
662751603
634708623
639660824
573468259
540281153
632162270
625528046
544780483
710717274
712697447
751499706
653454706
640287096
622958354
624865945
664217813
626487370
775724852
602461858
657858041
607249201
612502244
580737297
688432256
663294334
637118439
555322002
597033039
726858010
647892804
687682021
690545243
744211844
572944339
626613960
595511809
740125845
773052176
778091754
648467750
574370787
575789095
784710394
766312245
805241321
780439619
791523143
625789613
597638348
721804242
773751010
640822009
644029928
736582657
668617982
739978659
669424087
682395431
605014718
735436442
668213111
606432884
618245994
541301979
700922539
708575033
670544232
755083484
599173267
591465022
610806417
753108480
665178417
611020241
586307281
770978407
727462411
708960381
593179305
634548159
745288352
701452284
725355502
646780884
629003053
568635416
639660426
607452954
611014687
590175815
650380054
661243579
660465524
739337077
767493582
718908274
759149893
638259321
799566881
569975949
730793385
546708846
551131154
802839346
800279061
542801249
707023136
578903512
786401404
655237657
541768350
654040465
776527985
757914080
607599984
803249269
713164975
648984786
617934176
781067877
635581474
563782186
800154171
571289803
601634134
662385800
738465750
567847286
774432955
778712767
582737198
745818056
573608613
634193778
678972693
568961242
570821297
783148214
696582892
803083946
701539923
551839471
749624224
590275762
796711007
537781925
613515649
635247069
644505754
739939754
772267525
761328563
614140002
622092888
608787843
625859817
698989742
723356930
669813312
780281641
688912554
749244027
541539024
700231226
566600694
637157700
553445247
714994160
664903040
692326582
549547764
656709974
766039325
657812882
684385895
598641798
731551791
771167838
592188898
622273278
632317516
700516096
555266980
576022188
644013241
598210226
767803738
550504538
643419239
538514411
564731611
645912166
593016801
597971527
605065860
758094429
588948045
596054326
797328974
553510953
693744220
646006440
554790177
743458856
683228127
767483920
555053778
550711826
586789732
680096921
616943345
679691440
666337780
640331263
699280244
796211139
789265360
667273143
546632520
642787272
580532154
768876387
650048324
628194599
789568259
697968959
750447113
659459892
539028163
655875637
681769398
681905444
676881427
560809076
630380906
697635066
541071348
711874003
596837696
786905635
638537803
693425543
784352237
763576598
710957935
629861631
596829168
625954920
679594639
613737430
720759390
601508208
628938473
799351864
548253949
696690298
647478776
745972710
743145133
573759876
575905849
689340879
581118550
688198261
663202954
752993812
757832395
718433800
759266254
707337210
741317758
789352782
616033343
792209811
685988584
539975901
725436602
562486958
664991285
633848571
698945389
574729214
656073252
680062146
657950738
637587718
558764194
550951839
763211600
539061310
765515710
707450348
617095019
694382162
660659047
685573544
652733685
559556500
597476563
610536778
636081357
647929945
579094596
623259828
722580883
601201536
692661962
727106772
627206843
665928471
555089981
788043382
553369734
566492532
720348989
595126292
708590142
803484954
781405728
739061125
795193933
616943630
614970023
642983697
793643645
581553661
585084137
742546084
631258572
668557486
563216541
747741577
696935737
608848235
583692931
582056987
712015718
788232412
660918288
554542606
705728504
624305841
635458448
723234851
679739833
668814038
797447443
640415080
539667652
586631040
545113674
707252698
724113033
795792229
569184132
738217899
629212448
650726869
686547132
745691177
780889864
796206657
737122994
647695817
626441544
801749149
662596234
738002370
689559546
768158613
571844956
628553171
792209413
620641398
542960516
683884910
775094295
800343826
599623021
716138322
651952294
763903578
729590433
633241462
627588211
731815381
667193486
729991362
677569358
798065925
782114785
664327948
562843467
732588740
761164961
627943609
622979041
579992102
632175250
563827345
782096624
723285868
776582830
630198177
543154671
703476379
748736470
732596070
663230497
686032440
544279379
774166879
624764056
716360382
656395335
772031636
648061471
668668145
677886786
719018899
769595929
805256298
765341583
539330601
651915012
761938098
735415952
711008777
696984844
654420573
597591500
635957046
649800405
658814558
612784010
753835204
797882085
774622399
791350892
720453276
557227369
547958632
784474216
621077931
783198530
649581549
619475803
792814367
663501286
730711483
647429896
584647118
781443344
722698295
681468850
634861332
570315632
574766320
684260586
555184909
791764648
764302929
602965321
587197246
631013170
727926309
662258525
693307362
677738609
804512495
593899902
623837371
772830669
596959156
776007641
608905708
667487916
743552740
731518649
748717183
804789922
598654169
604287317
720094512
552984900
697360262
577030487
769358246
553930664
708899232
712011830
539555151
581725189
754335448
634242995
670295919
733920699
564150475
652270292
733186573
556922391
546991940
750264944
590876356
621605921
770608615
732255015
679731196
572768819
731816967
628913055
748504958
592297495
741041336
597960341
611761754
636516719
701707994
618286225
736232967
665177701
653042133
692036959
790724693
674420903
783995474
602985323
692401244
587357538
728823703
735268277
676654000
652778564
564811127
601563103
686606436
748754764
682332614
723445408
733826029
698692818
665695602
568109845
712244282
758167910
710605273
675068098
709095136
679752227
763513612
589567796
649327477
705596462
703883127
794184175
603032772
570611539
732625366
631344253
775992975
561080222
788611881
798336132
575671213
775976413
739620807
795846534
749930980
738129313
624491331
735781510
542695426
551645235
599614647
629712806
706050200
608472790
644021688
576878688
671225150
625714413
761964220
779840901
653238845
696521232
604651750
694637920
583911819
550750809
724505654
639261284
704797375
573678579
682391106
650882460
680518621
593100704
667504897
566525981
775604946
632334161
760931488
574975841
600553735
726081841
758852833
615889485
666534242
575367730
798386543
728285356
735852194
559107858
605483561
632134171
628663142
591993288
774014055
638253115
609017315
764467873
539277008
646476313
600025428
724492154
754899324
693342431
785946666
663211005
577689060
794274659
692295863
800497515
590022684
785773099
632673458
686969441
732555541
698848747
570070571
660541395
739942949
787365662
566285759
593719227
635741689
787104351
577088928
681808595
739718234
768579498
724678136
726383033
581238851
787894118
631699545
622462587
765951896
762029618
705878960
639731331
756467377
780586101
584969139
777576962
686200178
638866927
702206729
667095126
762305186
779639843
637313809
544999854
619194212
796398385
579386112
697254474
587144119
674611033
632350754
549704225
644261252
595663752
785610772
737344029
551649145
608428437
622123817
617165974
716097551
601178081
708151969
701435936
541381513
675370663
723056964
638567799
794588189
778314000
636385704
674422231
603169900
692686720
743735939
753869481
693423648
646402392
750597923
782879498
736832463
645579338
643385271
662873735
728014176
601789492
733876802
731445023
701667577
656568786
705722184
775081162
698414705
792628053
655886670
621330931
661861955
734321724
606362836
651562482
640759401
650925483
603084372
538645337
670110266
592199967
546178900
736467746
556341755
720039273
637581131
581742169
584843929
575988980
752653017
577374070
735915827
761825235
562331929
651830441
545504720
778301618
537686986
550367195
650998879
550470481
738284821
544368445
704245145
722586859
713014318
657582876
756799614
658192621
602468466
804809707
640486475
706426749
600534875
648425307
679192145
667130988
619110876
640774502
617688965
674641865
736960451
634570798
545703872
714925042
628566353
746336798
569468648
566125460
545842281
620676988
788134172
771138323
790474559
703473711
683026413
601310785
720689308
739299472
567428190
795654087
714773569
646740683
723236048
751262719
727126218
666192880
587670091
796584989
543220035
756196992
632957077
624317993
735827615
619072623
749868753
541384169
655480434
538280513
801772741
647871730
757637512
592936961
629133048
586177778
662571365
629447307
756763664
711644291
611278356
766182847
711214116
783823412
547671179
787606103
731965115
746178973
578939179
621424288
543194961
690362759
557506561
598914444
602049543
609706848
546802516
770800422
725103477
762549527
548118642
600970791
601855088
591727306
653770251
699576615
778138916
653494649
681904324
773595792
676374491
614519469
725931996
776953248
644736746
801206107
595203889
572195512
781635469
700950160
739336797
625294973
573809222
741522046
707321128
570641623
698726027
669642453
655943408
540109974
769177027
737796542
566942336
541551844
732007035
778221653
683709139
576531558
737795148
676659365
600968380
709801485
645331443
668811155
690187335
541087624
734473935
567492979
702194715
765054039
716130595
590518861
795455424
753641238
751532867
539631230
721392896
617313697
571087297
598843496
612109906
804550675
714274482
750675760
729825153
630397539
668816330
694332960
558509774
581702997
646887167
738491452
641638332
803198699
552077838
637612917
731504655
708175427
800733185
615254060
723250604
577948450
773844775
730950245
776439923
590967033
690733163
606879687
638174436
726279144
755446719
774877517
549553790
560436434
780293551
542039407
756834999
739368490
699417161
640331101
557924295
684578280
672236751
783064512
792458077
719288201
578830182
732143079
563127107
764175831
758886431
606547926
768102518
588341866
678990448
734209612
742353329
753193760
643652963
554027417
553966072
799955451
566111024
785431311
701966046
628393418
637088139
548790352
741218932
654578926
720656170
699240933
662519831
692879762
718913252
620826553
639613475
545673357
666824530
659624658
610216493
752122016
657376861
694088840
706078969
712404377
660712032
546562469
571818187
541905468
559937622
578367535
738980821
769573657
777182490
732510760
614443498
565604112
661271231
655433029
703886124
637055417
782659300
589550097
618094671
751994504
561615660
770637815
569206671
759242029
778644671
780753044
697177565
626806913
705435715
737309541
651318469
722469126
786219544
612120615
641446806
769606130
663240557
771559771
615368501
727434844
776095086
668681044
710361563
681605425
709484510
569282650
592475822
793117446
555000572
704597581
722532870
645946251
559866290
620461077
658364610
751145272
674007144
794013885
728552938
591203913
707901069
555798932
607460633
761545990
628747112
674191172
652956267
787183132
667188527
790052865
604382997
769908090
691400188
643726674
753235529
635878649
771368105
568104583
709438716
630706760
743582950
607038679
728721193
735174212
558413027
699970798
647465685
791921956
741959472
750980176
572682544
711400999
737914395
568084498
552912196
630116283
655705652
731545211
715930904
606983744
658235448
637797284
619289607
611640855
801491954
590325509
542934006
783859887
648251250
788075064
658684336
791565879
776256102
679491435
744338630
700527532
640053979
558133861
676586335
581685614
715861683
750350132
730491363
654157674
624039459
803682062
748542516
767991062
666491555
696153566
556420996
677209335
800482006
784117557
622448123
543175718
728027184
582680712
675407350
672615031
784552962
684574481
636588594
576561179
637122517
693896327
587879671
583477973
713904909
596878152
603144212
563577000
754286847
731769721
629483200
721951586
564327949
729503361
751144591
784980084
683330535
697399882
787662120
580258965
567171864
593191455
740256295
756442132
736364282
562957431
630187812
786614727
637152300
664978523
719192806
733270536
551223911
741181539
611961658
542694884
682917124
747390965
796591495
718323704
639091697
572167856
707708866
550953481
799707389
721531325
736070137
641171771
592325395
596884874
546571942
778762069
781793963
674106806
791053461
765828547
803173538
617567796
661105022
548274461
660097286
606361242
697271422
786616571
785286527
769819870
546377671
628925084
567019513
622100127
705511270
665654753
618903460
586064487
761879906
566861438
572457023
601010844
699827559
705435523
576136707
551167355
546082286
710776588
734369505
625326535
800824367
742644514
576454624
593874176
745148278
586086102
675300408
627019004
583128956
803895616
584893874
617602881
722427725
607073511
552472615
618044887
786575208
712401524
725020033
704420910
605918405
702051942
592364520
714583584
726512683
696250659
607895649
586291548
618564404
645791074
592823957
671914692
757444477
666381808
709758149
559576133
676575018
549579908
572384773
725079867
560090158
713531894
590819750
702456813
756133588
681354414
688004678
622916613
751258588
697145766
707831376
729981072
736082147
746341259
612960514
669948598
589758505
682584915
764033635
686126508
737399869
696862921
793313734
682881973
732776883
745956390
669424022
544198971
621332169
647613563
650372327
537240010
608286187
651817090
779506228
754255735
580269983
770296025
658102344
583759453
711889593
623522369
641518256
718115085
725515272
676465131
798275878
676023821
658166177
760814052
610343296
673159967
701349235
625070036
789170028
620667271
652912001
790421838
682230029
579422153
776986620
559006515
554432389
537815292
600128009
791832792
761252182
710390407
600756788
615770836
788751288
598005437
671097132
643037374
641761885
547466498
760432833
783646953
562130797
555409116
570081463
560544837
552916641
764850466
697407095
689979009
759829349
596444820
632982767
774958838
597270176
784458759
607624667
762291707
683045854
793948413
571166251
558007026
715327786
672035996
797661085
714795293
644157617
667605575
759840654
612462487
552939919
674558721
652333002
556348501
565725854
644999931
757563242
802693597
561831311
599791495
582727765
629044538
538457198
694305240
754881034
627693581
679201389
683045658
644227681
587634003
607730821
568843094
776624317
727043167
716637568
758310627
788650576
650661366
702900490
780822861
621543103
626894421
641993486
666861198
695051765
629024729
671529708
576451981
599953383
780359465
576775849
685984577
665898683
620189339
761381246
607746303
775132686
741753769
590507565
609477039
756541308
693594071
565310581
797363660
748188856
562546175
712253996
643940008
635023714
561726461
579214731
633809340
551822047
663582076
749076879
709410356
721734412
589132554
708222268
733790012
542926588
727233107
659375886
538458077
626682128
581536735
742853343
641870993
545148003
602090371
665543888
595167164
743619714
662507849
545851308
790846888
598225430
767429531
615879151
555270840
616883193
558467486
606798591
557232739
579383720
645652341
757116211
652818343
646394961
797494373
761955920
556058335
569043803
568546568
580187870
658883776
687729863
557623719
708110695
541846910
601296865
592153748
760209843
788343519
784864107
662536864
800001507
725761665
540546950
759838648
672789194
666861155
760692402
776839968
680516407
774983849
618183616
752244395
782518304
602722768
723200621
663933550
538896808
670795459
641139495
720652656
673518390
665467217
690371422
698523204
768411944
718301061
764486545
696114330
608451769
771695082
718340813
667177538
708443308
625380027
618242702
750233668
657564338
588125299
654079190
728742929
659526135
635714877
604023110
664220734
706009857
542604535
682090643
769829557
586570327
716529536
744723786
631813088
565990135
769430238
569895532
639916826
729457166
543586841
783251003
593796735
601667907
580330745
718659701
666074501
605270637
775699154
636924563
802394562
584610144
628169498
571824670
608319246
716698732
632614892
602309154
540702699
689968590
693199674
717552827
613332597
690580943
649874697
748488518
783030540
783457426
580941864
565360774
680426506
780267123
736378394
642406758
706293000
548777536
652048390
665591305
675200270
646859151
547882008
710370166
676087443
550501251
629202956
696777332
742010514
763535381
584125617
741260070
763017063
612305253
756019168
619196461
665624865
720438377
630260243
746486976
640206120
784618897
565856173
764065092
776232247
581656439
598665150
626421965
652464068
633191723
777926659
618958354
744360824
549418645
762565265
556111308
540880411
599723547
608632828
542704930
593589325
700872588
633729087
753827352
667767552
738601765
762420899
799867426
553768464
596029965
758654823
639131774
613648507
662147698
749671620
704096094
719772938
672090329
772864460
657729423
613277701
586689868
621201349
692528381
606600519
587772352
553335736
752060507
804078801
740821260
776009641
596901655
541508431
686813581
554119004
772717831
758074773
656809674
800146541
593116594
587337095
653791248
777196017
651556060
569800229
594917263
618282546
562759112
661659778
781110380
585236998
798809807
750306878
565418569
562869009
615626430
686516669
648694869
680026476
711657721
560476733
732545781
759085355
589986264
724352436
763621712
627704383
693210320
675633543
750790741
737958739
713870200
640910232
758898554
568177555
641689510
557723507
784146413
667631838
628620663
669868286
655320200
786319080
584043521
670427488
645010363
730398063
554292885
642167749
582726168
708347867
610031800
564032225
658958798
636000988
563371824
685816177
767625258
741446627
767262638
749882490
773189948
705505139
605758803
799654712
790606469
791995274
604616158
541717444
542990349
759740342
606991395
560296365
661903355
550070446
542470367
679597955
597105812
627852211
601516080
644521086
667837242
602681957
679532925
660320741
589276830
784551463
669000614
689430956
588812397
645825968
541639243
649892199
649172731
566414476
731133349
655395597
630825008
785211287
770684598
580776511
591131822
570790436
687206445
639473903
647721729
631016333
616643820
707531169
612067112
721185901
602094798
691588104
659179677
689907617
791220705
611283113
718458031
596604667
666007497
704358294
727187561
745527792
564206631
627307652
718333540
552529477
644473386
717112299
678308194
673540554
680543424
767154071
591785762
691998495
547200452
803141258
651825070
701356748
724960194
708908808
637945245
583545981
720718305
551365132
576496388
736286654
677620172
560626516
711219371
615564860
638279205
718868828
655772453
548501468
593522051
746893634
701629983
628533817
738218081
664100995
734812337
589123613
737049971
669831906
592453487
552779538
638952755
647737655
583070533
621334095
613515258
611828104
722662692
671273475
608269531
614988396
595256086
629581719
627839354
573106362
639411043
618127398
660951465
745087508
602888310
775513094
678737288
741163554
776136434
785351148
545059686
643866421
584768417
618654136
682248005
679733113
741273074
762097409
545523088
694176061
736105080
577572438
694040604
774528365
745779760
611829229
599369051
611536151
620547016
725235559
716366460
639692850
697596966
622083360
728215904
581927809
594602379
540649825
769778357
602265854
565587824
626204683
573870600
638583856
790293022
591632081
615938834
659494688
631246129
753625174
728688390
651646876
723071310
753232662
757159891
720856836
668795283
737682833
647651685
656759323
697379494
577465375
722363210
580193812
541888889
644156256
803592268
779715852
704516581
542214406
604439962
590287333
597593673
774876205
686343958
595702104
574333204
587003549
698571360
559444783
712690911
746933715
601202320
802917076
566483995
719997478
580678170
689844419
649873605
563375712
695319959
658799229
616887582
694410420
695352802
671585446
627056451
664584166
687456317
628988537
768627006
769724173
596813638
658575699
707638337
579174062
574348147
584822887
802555367
606045354
732441725
593446091
691017613
667018080
667825518
676776387
709920549
687461725
665986982
776172303
693679511
587390932
669042175
788354757
597545070
606287957
732759851
619423666
579879056
777496964
745614526
627646937
692296984
543945956
656322416
666556592
618915448
708934397
622913449
785386955
620866808
589507148
786409597
594400399
771154357
612907613
731085153
595555798
552400523
695329948
600380214
692701214
764486221
618589951
548668827
611430950
685737806
694705835
754816965
562672212
538373503
740583735
537056895
732059007
757637237
571327371
678821824
560291720
631710003
768545397
713627816
579530415
782813549
736500008
616912529
719644520
554465538
698170119
593147415
543475870
608827847
613331514
711259862
660084200
793530435
761350314
795091082
625595150
648916980
690868780
702879613
579660978
712768816
769958650
643086694
567910795
744583267
548540107
679527086
804357476
669288681
704622184
762953425
589525270
713973890
570685371
710525207
605365121
671098561
734765341
695730592
703667104
659575045
801884794
747222391
693062977
660704108
596535165
614191166
735265926
802707265
578796158
580363377
545200305
712490238
741305768
730037373
685865189
584243521
599717221
743592626
657844789
558142508
554535915
781844698
573455589
587963746
793574339
743789333
660038942
738498840
606577241
551556778
592658192
782045149
683300253
748376397
569393654
720195819
542420657
557179579
647217707
740539541
612505860
723889903
717800823
793157642
632245884
757966409
576707847
772105981
643303295
704172552
624095854
743523791
739899763
631464261
693133394
709130667
712182920
720775037
749363716
661101720
775625360
645789152
670019384
601359976
622038118
758509678
673774267
564425587
541489875
628918222
765128973
573268427
622194668
539854635
583273507
621063525
732674740
664623347
755614456
738125469
571672494
582056368
637750220
605320160
543133152
680171265
615892839
549466869
630175836
700085213
732648524
706361761
549970271
629224648
675483001
661615423
567972263
782988129
797401341
644577511
611813749
667867422
698488401
617293676
730960677
559866778
619086302
656848339
556804927
666523989
775763318
770472335
652105979
782124155
586285353
546679145
655790809
721978806
714618268
785988237
664995298
542746548
706332116
616603444
615430692
690384835
686914284
546597549
804211860
728853397
547216053
603326791
687794852
750330218
559439311
587504875
559031703
670757775
702560366
793690295
697120132
765604363
615089622
740706412
667386925
758698588
715311229
640928839
717248067
729328801
668103321
681791876
757431088
779516687
581018877
609210076
660840689
732896848
740323979
731512295
670520156
556262977
676019082
789376587
788228595
556224032
783242282
641296286
623462347
630845253
689443946
799737402
767767012
593404948
736117977
689996653
646840618
629010418
799489989
546361961
580515050
537759397
590732503
573530507
714124519
540288172
800617635
573059497
756719535
562340214
637931746
560023772
650460286
662140768
789712663
764165470
792880414
766428613
682374687
793732079
755044461
638059532
679040348
718775946
790877512
693038616
711772818
792684709
583918660
653422979
557088472
773386017
751460697
697894680
632289811
719596047
611061613
615155687
586796551
787443267
563585966
748113708
632729416
645944735
703440232
556841551
771505299
704035418
541730731
631166645
756472939
542363104
779756721
788063171
716023300
688511721
761167294
628714799
762300133
678772643
713539129
652517498
798708746
781245790
615951239
699511625
596510956
703759929
593073571
656704354
639574909
654931520
761149846
729272572
582632327
611485057
748490317
661498176
633476027
702237087
741859532
602124760
600978519
724791417
750651381
656646302
551030005
621803899
624195628
688283224
764682084
691711393
651014514
676871897
575380668
614458960
544418681
574068266
541933521
724091061
647539754
712321351
681249853
730083818
573694296
614702011
571495602
803147446
784839406
571560214
723109300
636511602
779639941
705546804
776528872
614548099
575837762
719413052
776988858
703551178
576018239
693100454
632891766
682460353
643204893
734775585
660570477
769202732
633924982
727825232
739749968
719540889
642671719
764682704
713129003
718624748
576411347
713855385
722896024
677582482
761132057
684190033
798384835
783617919
609882495
694306550
558015428
620267701
690318685
715273692
788005787
763880222
687857544
728165953
709581376
800284887
576242867
747097527
672007816
708723504
590073448
802536180
796491882
766334255
618696717
776330712
618903494
759487786
654345130
714142995
773657846
643058549
734221235
793842143
764016999
621100789
643177327
621031271
641147908
607833910
722190485
675850895
580940992
718006793
717740130
624643874
673581861
738172854
669539936
571946976
704876298
664608315
768307417
641882306
592676647
644810857
571528763
540745828
671581451
690922367
612049387
732718899
633310414
709590018
747496290
576894493
781398821
578519379
562230777
697768708
665768739
743069163
675530480
781962335
584632643
739575216
789649223
779631259
559066783
779390999
795708314
795700202
595982263
555892111
661035497
583200856
559422272
572348255
802131580
731277476
609934509
568164553
755870798
722056093
583682109
738305724
562037710
667300270
614839631
752105704
624413197
582724067
637594728
642458281
664209254
793896678
792756689
667124205
722858626
670874794
761344729
793193163
719247603
603981938
680622994
550766881
584267968
633283093
623131684
698637358
665366519
665056539
658990933
657025818
775989051
616619672
701159057
565065332
586659021
673826151
619542646
740940608
617685066
542326402
736946943
679472487
586904649
776635426
598350485
683038002
781932722
584190649
606686739
612316425
710477125
680987404
554603161
550534628
658075579
606934208
637935628
588642768
794808645
754235659
804842200
628051875
566724141
628776615
627291318
746058293
591299979
673284004
679214623
671717716
657720608
646018186
626646078
736678927
589033909
677690848
713212155
751402246
732694688
558948349
563558276
730093722
741093283
718819749
599600559
578156922
704678290
595327441
668960684
668050879
646171305
687833547
757930959
768359018
627637183
745802722
759529759
705232909
537411842
770161705
793800739
624165639
648936988
727003823
748945879
606066200
683768360
619296541
728545853
789000376
594156709
738725285
798437219
597371521
583991480
653984383
748956798
787630277
560733214
786337603
601117339
767968187
742162155
658595531
662819224
580349798
666124322
731179416
681823502
670415649
592359290
629446375
704819620
653925009
801228781
696085535
742716051
554658604
670282388
548269888
776258600
575242034
555942721
689505298
781337713
642348026
561351576
598574299
727199208
618922228
672823289
748187708
704893284
595113970
569152260
546962361
656525179
605083409
693711199
795468409
580881861
723883381
621256574
576824255
628658283
631563616
564928081
541712668
744993433
700339740
643362308
731059522
666059210
723913184
642561707
661647096
632526074
770958827
539771435
561196306
729109707
663709695
604425802
561884361
558879327
652925702
601356539
757502037
714032835
681954585
601175520
714764179
699346100
625827065
682545290
776519843
762562560
729995604
734068280
598024976
765357325
787119958
609166523
640840098
761963834
655163257
654845351
790736059
667412344
754985019
792789414
744815160
714060273
791526681
626561249
652827087
782349074
683239802
680886749
603617564
718213527
739189976
771443736
631172732
764783965
675829512
549048583
635598615
549708591
582875166
625836303
569128694
794306852
652025826
698742404
794780246
668553893
674533342
669816310
662774204
609343772
594161943
641225367
537858577
787284814
561322294
601485512
690531063
798612301
653132154
693730552
569728555
757697810
777803394
553213903
687800709
566780668
722026120
660784244
606380633
722402699
682567734
796798121
744305242
734625766
593472258
692963690
623998953
663870491
750119631
743075589
573748553
563483915
542150439
616449468
697803851
541247863
729486312
788504295
776640191
758324245
574123686
574757875
570575797
640692125
714615623
714078854
684128059
714961551
594357841
636376626
548723967
595092459
651550545
645822621
650054492
598021478
682924921
608684991
580240797
549577481
672441501
618146794
555467951
550339184
586564238
770474448
687670385
667036606
768601816
800352011
602827734
569932188
601332108
548097867
734676466
792508746
702301279
789393984
691766101
659930299
763845777
740738678
611275045
674965590
539968321
628658348
746806107
793851166
578281184
803791700
560453731
602360145
563664325
629839873
577490861
638279846
754250825
740574249
622493321
571033753
695456675
545171207
574836933
630599083
548199810
579352998
752614784
593704875
670189049
569311766
768075531
614209558
556413864
749918038
692591875
642567084
603565466
775366737
625352526
729947175
725768878
562290520
706827279
543347509
695209366
723639360
767312270
579204432
703255609
678366627
685714305
599920065
556010169
555259559
685052679
789003061
703572110
648982651
707794909
740598306
673687323
556253458
625738232
600872876
787978960
559631806
579331788
790280902
625479982
648571454
728029757
715336445
800374776
661266159
541956582
741392121
684773308
708043412
725946006
554863796
580194056
760927850
663961373
593798411
710899341
568359616
707256575
778576158
565882987
655868446
629248008
759492509
791786761
729545593
604062531
685615473
794956435
713556994
781394888
763486365
601662228
643158208
573160426
691224495
651445767
619773484
800265889
726490529
716981691
683188547
655683739
703943544
696884611
645714647
671674892
761011011
650303854
589403119
598435680
698391978
545063757
661493728
681691103
622508506
743339707
790162312
558720901
629258467
677416111
615777313
733750367
789683801
563645570
547147069
696104049
733728586
650840596
772358583
744927098
788218536
662717017
701799461
712912622
539390353
548755826
731519247
671330455
738800246
584065527
667233441
794036919
650957756
667426407
724288059
562742087
600512334
786408208
737090153
724453664
540647130
729849022
606045724
737637066
683482686
702686356
558410915
635647016
790563713
666138636
667123812
798316570
729377252
782521006
779404118
562030371
635739082
583250530
774864034
593426690
705399651
797916046
726464964
624295393
682275526
729313813
623219537
623576487
688485922
670609646
722280433
751793876
737545963
671570216
549892175
592891009
582271931
632239862
597237149
593932887
583589348
686537095
672518972
621368066
578523959
794291976
747001996
777429550
687436175
766512322
608391271
682894399
637083948
772624146
605390507
673510203
552379173
782042990
598866277
547898968
778436909
675271414
550650770
633594785
694476048
701627699
539307716
649628366
629037957
606380036
745313769
695066093
736171403
547116742
611700235
658767654
598186435
569419601
615494670
553482246
617624921
664828674
662854282
728726442
536984050
624110864
584891950
556656170
692059966
609858399
731489184
576757907
731024656
680258220
554205148
585426621
661413698
637064144
707201285
671831422
726357675
550897153
576329548
570859223
719183207
635617791
680078015
703628880
748753627
746752774
753448202
611469792
595571327
718904812
664720240
695911231
597806233
616330366
554059056
701939943
578654343
672423419
786318002
566245298
607697355
799697450
582883975
561039653
584482935
671089765
558110718
616697233
587733003
560317590
771245234
722734665
647023245
644136065
545020059
547995790
560156969
742848967
776299772
747597026
691152401
590435882
794186038
692832028
644283395
568423922
625207646
591026612
735473025
548595121
771593942
614777354
690722528
622262380
764433594
710778517
800184373
676163847
641181476
749791456
565639884
589036103
738653390
741026399
719552198
550233439
601881983
579293138
629750385
604958709
602834954
618967848
589243042
757610031
593483099
655418142
625668910
698488368
609708709
556282122
730334770
618549987
722829696
623323361
636396336
585123801
548335316
595929382
635516860
781653128
633215220
598394005
656599816
617939278
704200171
748344700
781944377
590539789
759293880
714278176
745914256
553067917
607360087
787809829
651170136
554980490
609665061
721749606
569649500
695732591
578842001
705918276
552767544
642896180
795795845
555597489
781127893
755511510
780001200
716572909
597455005
767692575
607763124
538363372
677259922
726983886
681818723
683347857
745117274
722619348
802582408
772136536
553505926
700353352
703592548
700378508
792024636
615780142
727978111
695104763
602778826
707675538
646046612
720295102
650586524
671475606
545252978
633821316
727120515
685147595
591798471
586634381
578941332
726803163
751008776
733899936
775546548
646376845
648061757
775978663
802827150
544980289
632922250
680178665
774021031
783837412
701104266
769057652
541153838
590933387
556189265
584043502
736409418
602781831
592040978
669313173
664662287
660062950
609747357
747235424
737241213
635282610
718743883
798453173
633960854
562500288
632202209
648449391
660076888
564684451
773810195
640732490
659105909
702676262
702838270
537777629
687434590
745833862
572091093
617650861
553354369
729583970
774350837
622269607
665726379
598134230
614227077
588371158
682756592
719121017
552926853
654279580
700070362
700992326
777024670
563425441
732695781
595509689
780085563
542859580
748676856
540197987
723260496
587337513
683949210
563449538
651575808
537545119
798946237
660104975
640509229
559997128
735260674
747012915
615737304
642085394
706543366
650323452
755902250
648931527
727643978
739250812
548707752
615291958
566375620
642642497
558661064
699656005
571901112
561834440
769100473
539783011
606467175
669847598
757437254
761059364
599557359
548117526
716075464
642240013
606476602
736098358
751384932
789291917
751917826
615122490
720363143
634512019
587417427
776179340
746505892
604210201
636293863
631813054
699302006
589895551
704270580
542999933
743676873
805118830
614870584
788915858
797498935
687260422
650746752
686149960
688270273
685628483
676835117
629495424
599419616
640162074
750767466
793944631
573189443
695736602
718878429
728796611
750501426
652050754
782709127
542075550
651413214
651135726
751854797
622909919
588402322
773377456
688634548
536871783
701794008
752893967
558708612
576364331
706807746
605297560
539230288
543792819
725077214
737305689
797526408
747428435
747397734
662324411
545050279
578188982
632959779
547069943
669475024
685909729
650835973
789518421
748212619
661510742
796667060
678485668
797516646
783178184
699885594
694880198
640398294
554128823
616947134
762377399
579251224
741271033
733309624
626799263
679062150
707639469
646823449
592048069
680432382
574580783
712009948
697903048
796500105
700569047
723124349
643699978
649228179
648614814
575667525
761443302
595596715
772284537
589215602
774916556
663393921
732046617
791927163
633658653
647950179
623741702
583630110
696019850
569764495
627060648
774935048
607837978
568529615
566031025
563544662
738171848
586725292
695011753
703021717
638723124
716190524
546676883
671369563
546069020
648500689
617720376
654447278
601782341
597416017
689884560
631501280
595177471
804914437
538033065
561588153
578503864
683986313
545184395
690005264
769415195
616689602
746409605
686541576
618305913
656168884
611290472
782997008
671452533
572858566
782790795
805252095
637713169
594344832
802152113
627541607
564994542
679022619
723793093
597906501
724743070
587949130
784445685
644237300
694153505
648431919
752495999
660160793
564236222
777345894
763528944
787136381
605491869
793819330
602143332
730183554
732443976
793220961
763611705
634444398
632945381
648205766
628135441
754953435
763751188
779283576
576076257
639218049
586125964
713382028
707934800
632115355
630947952
733679948
688352321
644929115
557956814
662303143
608001063
587965020
791503046
693399719
575840674
731083077
650918559
725785174
795730500
581780701
574622293
646662968
544211195
672486821
583159319
658236798
644272248
592096327
654202168
585740809
751439685
688722845
678719264
681216598
663506208
637831149
572697856
714198376
787647571
651066241
565459198
602701928
600327273
717857046
756746262
686188289
736292047
745578625
661079846
796992854
584482755
610630691
689228624
708068789
697955339
651384839
548772662
642490374
655702855
585110800
581571117
753560329
744595444
597898985
656363898
637229328
724550211
687737671
576183916
542022600
683649509
675335493
751957862
630247736
744804160
741152491
793112924
615983939
543192066
585014340
613845727
750369151
768342307
750205854
538709567
557781824
694576993
783684642
639035871
747015129
604804441
571076427
596006134
765836729
586662646
793411481
796923629
587076913
777039139
583745675
549863107
776392596
708584220
729628223
719856748
540981584
716125486
723238866
739545566
740711030
742366783
684866992
651097031
800510775
676522510
777141354
551599125
612570039
544176089
607467794
553767141
645734600
541445019
718109212
693194165
714274445
665426210
611479522
800696199
742298222
572785015
700260549
743180538
643541306
792600793
641706134
574583081
722589932
787841044
668138784
640979319
614006074
579995645
740045801
645271237
757578471
769605681
539443166
752377861
578630500
762249340
555150976
621909419
742709499
798592170
557247427
562886878
733247714
762441191
589324292
645007358
706661376
662893878
723358786
549012227
740267631
622937715
799840948
758055050
577965236
605518066
565024674
689539806
701542918
589022885
736950387
636951501
542087610
708304709
733742414
547411181
605680923
803075330
555394803
739269484
732096622
611963267
755922311
693310113
785125795
610483112
579553730
590645924
767654948
656132717
705011083
586894194
629625063
730510107
622432602
685075044
541747286
709726174
747171747
713642121
747550422
544104029
797627953
744065839
574352826
563733041
621370816
583396077
593489280
782845312
617911693
631213796
788870587
805183711
749569902
791071165
630019426
726003945
561631749
554061585
789843018
762901879
624311203
665100904
648823013
735915738
567620531
697284372
777284922
761838699
800316000
589471829
692061436
637831182
777809160
630152404
659948656
545946376
717093443
595355158
733392573
539717045
706658005
645491398
690098089
622353799
661222977
703845024
796448861
668031570
588690812
722712414
698142088
625418469
717386932
603088478
763175591
615093340
579581579
725136419
709809781
624477476
744786284
796403973
681505066
701221601
772896859
682599851
616027153
645128986
678101267
634630218
575628250
632317249
734472350
682444576
545970933
679074234
734752914
571596140
590119717
776062635
569002813
618380249
579750785
640934022
729583213
669681058
757770594
773039617
655364231
734333563
754261284
548965126
668032637
742619821
653572410
577562753
623132734
602604341
541664228
585066190
624804284
681366170
567047794
735861000
731690749
718109650
748648882
706847932
700467078
665128726
577039749
784361991
751525929
559416442
746179376
708142529
697749205
587547530
670290952
584601228
731084844
724237670
735841921
741699548
699847352
788905014
793769468
732308882
681059382
648852090
725536519
748952304
602011698
544695140
599264828
690948598
682854166
627096689
545650460
570811606
593600757
759054604
690349137
799623432
591287478
703144494
667526115
597635000
739840262
644899365
803941915
725941444
638437725
777565108
614696835
795415401
798402515
780370705
701092407
598681398
713807131
803508641
798133325
633174881
669317541
619787978
708795037
752504685
747329895
611437134
590217331
564233248
557699253
596297675
617708406
772867563
703690254
565209931
610478142
715492862
638331640
617730882
767519742
698622758
602747980
688821826
751292380
739476871
760275745
620411719
765687048
567341761
688584258
691203563
684229669
755358620
542842246
627228822
756326994
751097476
545886853
588756663
660964390
792228341
640198858
638941115
595897123
641244046
763983198
604078332
656790865
780341385
803710033
774397373
737587207
768395181
774476226
552385934
721809609
654988332
652709026
593276015
587055297
666050873
683030654
758258626
592637424
687210098
585209258
682899220
563169586
772304498
540455986
749887384
539036527
714282061
678652593
651032132
600300201
712677468
580779957
756416109
569857467
718512441
595275414
683530144
598037806
739120168
689172701
628580341
769338521
538457360
760486549
561081339
751956457
671611108
722671575
697772775
777438539
544089459
669119263
541714243
559084517
722242605
803103887
788047350
794537456
733858439
685178766
724917158
685336144
768612077
585916619
587124912
752396133
804473962
741200910
557840008
690715706
683910262
675195901
804554527
642466592
741102303
714551540
768311040
560876705
542201622
751448520
721907376
556636922
647845901
712826974
764309221
616732893
598473113
775261957
656853478
649154223
620101314
732120487
582395843
734221208
692262907
720575879
563504732
647704348
560256229
609582993
739746724
795521474
783035182
790037484
602356603
645185703
659755925
643671018
669542926
737319606
550856837
749678983
655024828
804736183
759832618
633946542
597112210
718800316
757084089
782049575
729576300
719620956
765263819
687175206
751317683
615653314
730278518
618656059
753150000
651194126
552423607
717776342
738718301
695615610
642698015
668073998
666101005
546874276
783179257
728982557
644982685
780948960
543881302
642656011
661726227
537046138
614462027
611294974
681002871
659020352
592065785
585700541
595591593
767561772
800146577
588903998
727678895
547076058
759617887
669175513
680140902
698127966
682173323
747517289
648728195
641986949
567412487
646981393
779809855
680624891
753196986
757394367
550532088
699886072
672358731
617060068
593075568
758563691
642022822
598377056
740705149
611333860
703586974
574499484
789575591
568347491
709927491
660966734
760401341
636788836
576384365
778062757
792476101
588176550
728066697
739970269
737738825
668774854
774013309
786086921
567172922
691959248
708929593
712504547
656746114
576224962
574894259
547170478
622330054
594193105
704831337
652734436
761889888
583287813
708738583
649082105
729449545
773050014
796854711
663388258
795600733
702438372
692776762
614865167
595255424
593609476
788076953
766643834
643297138
802733755
541801800
680463285
766916986
781682464
708472126
594937140
715432509
702001066
638789032
695872540
637706916
733992339
622366261
653411458
762996485
637500766
552142703
573726843
801927811
659435049
763200171
592490608
727983253
626639336
705297491
539324323
795904307
642083253
623231085
550858319
626724013
763275880
563485987
547367282
726673127
572130779
569944515
688462025
783951404
608642278
685434748
560284885
780924104
801520435
685789371
591659322
740315058
665872070
775236288
666207102
678833344
669575190
627861107
735176732
635847563
762814285
650778081
709503949
746667046
574336392
744955532
567399475
594942810
588216853
669550362
719158711
723000453
613372600
752454257
770276145
659698939
690332942
559321330
756381001
648521156
577753717
669709191
548751600
696253025
659779501
682082293
702166038
708001876
741706969
681056105
753267207
715955590
576966478
555701742
735278355
612238363
557864811
708352550
695170287
557012206
561249851
641617754
657572943
749937128
674253043
757550266
736902000
768588058
573320768
544092878
652239305
556058756
678894770
684860966
695664194
591044223
799333993
800723111
664694570
640107503
770103397
766575747
723203015
736857129
753194201
561653090
765237696
798945320
803019075
615884176
591193607
680777207
652799361
770680113
638192076
546917223
675314784
694520643
655638161
709834170
757069856
773446571
756302611
561201603
587351787
613655969
792145505
693775323
682394369
574936406
707021844
583361899
671274354
588241568
593344895
622974909
730912405
661922124
548698518
744732444
669501381
611113510
661638618
623583104
790074777
763503387
673308503
794539788
546440055
604446178
777165271
561340121
803926505
628379839
769901852
804911304
601506689
740184601
622951075
745994597
537720157
561712781
733471141
592078725
584594865
540025260
712315107
723041284
791330767
741170259
652414210
683516073
789764785
691970506
638865549
694966586
541840527
752310027
704507363
747113317
651111973
665534544
544498062
678128718
655351211
562491057
774265443
779423123
706769046
699233262
558759086
742386698
685581289
577278769
618747919
803996160
658876813
567058264
665403365
542961459
583989685
636219305
672699232
635637617
683927098
676174604
573498830
694022726
612514990
649480030
703299517
692251124
729897087
546989424
663122022
670915369
555892807
545317701
546277549
564313295
639771181
803487079
622733585
790746223
559388729
746423287
583532776
584748550
566453850
575902427
707692715
545053465
556328901
689425047
786393821
614845490
538532754
779939798
732874887
795431665
678414042
768728933
634293416
638599656
589424416
639944923
717233816
557400564
543758385
658882995
540658403
669247109
749016809
768338066
549161622
763507766
681905606
720752163
711539982
623211585
579454452
546683100
626881114
553125926
593259360
655033716
645113730
755193814
537729673
766747408
615604155
644752737
602648425
751779401
588199071
743503778
729251352
578253232
741490263
639957192
615321488
711198492
736523361
671544528
554754513
606731956
591912889
794059460
742676147
661105761
626630616
544900431
563663748
694650906
699222593
551485984
556756860
768381041
769112552
742455749
602422153
732711774
559059564
762550642
694435300
727225028
770888971
617259536
743538143
727922514
543898209
541917065
800611918
789617041
725708879
698831722
688970692
581089501
549367435
681519458
660189226
629786819
568500278
718431198
591249009
570290654
720755064
788843432
717290404
542915390
792739725
670362188
558342275
549083171
720965534
540182447
685549350
654559058
689604614
798872172
790568317
740226266
665930211
662077668
801376644
574120296
625610907
599283749
673075321
660035976
803250187
709693246
744507074
626407031
636633781
681685344
623409023
747105113
549620169
732178073
738323089
665980200
556668170
732048097
628487113
766002420
749536902
745678527
576843261
776350597
632175498
543706902
537257166
735508180
712607234
610758954
604254572
570810846
804859517
724668638
549934409
781939823
584204933
668325894
747590897
577223554
646738020
749651648
581277328
613215655
656428150
780045318
740973539
746736612
627512782
761849620
787875459
739090466
796154204
769211859
566105931
726439014
771375594
660504092
732838429
671629659
801134619
758933652
550278081
774335536
711620357
592050492
727339257
700581585
646979312
789330156
717143690
730275285
540048586
605255742
577032231
644479968
657509928
578778800
582335785
640947948
729205805
579758465
613106128
614594342
660589798
550084905
605447927
701438740
538808213
590322003
685437216
688239598
565176777
763897347
561256283
682102656
776883591
661742183
606745442
613977930
749352935
616748781
695446312
760807884
758981587
541228251
674127377
712751566
682295311
688519376
711696044
744546468
800720171
682588728
757500946
553926285
556939425
647311110
703788242
538163556
598908937
787909055
616910551
735988022
668043949
751634855
577278214
562744309
606788355
583945038
799941212
586768877
698067680
802579929
593097544
650922286
539448888
661587383
736582465
803526412
604109089
576362021
741175138
612019887
727612647
740370526
679012735
763365804
776164738
767883509
767886402
639387593
647227670
734946474
707658530
795988977
785573909
687713036
761271010
572181727
795029138
743599796
653178378
732497062
729859134
555464368
748099171
719747935
722974509
587761215
605818617
761115419
758549636
746807615
541451544
741706729
790581409
788205248
647537311
672120322
739315179
711655604
578193016
725771125
613439211
594479699
719972828
638465664
749418003
628879770
587993967
733645177
789925815
669541556
643050666
740109418
661005800
768048362
643335933
757182938
787439766
762052043
741808130
697378044
675902781
591769031
590183455
608151642
675091336
738739491
661708378
647927320
797351341
541652162
600454237
733420188
591139254
541878389
770340873
614592568
629044930
652663241
566666334
746461190
709264551
659329661
551907056
596418246
573180752
747130047
568228241
565431535
758994498
745919222
637231330
676302663
731171379
769427745
551244513
769736872
633088437
652990109
700825030
790869710
796400017
689810707
785778193
707231814
658487034
586206949
585958536
780450168
780576105
695734845
549541013
673974521
732648264
569222017
682394632
734650926
595459432
573267062
616038735
782962679
612115143
592659239
555598967
789900869
657386951
547501567
645750589
790735954
600142419
747670951
565968792
682273890
747745337
700846368
717205033
775916063
582708879
743728172
731518896
635507851
660025267
669716874
702672167
768650920
623136026
783708583
605895844
738629793
695423287
735212756
632034902
738824124
593545298
708593806
672770845
755906677
538134675
621490500
795141797
557175531
708826740
787308711
783251287
674286271
789376422
772521829
598076161
636593217
794399901
763847715
774834105
757385895
755499090
728700489
588190747
552282065
795267212
542405354
614938829
686304094
803745289
665510675
781314930
641501968
795333552
775034491
787635405
669199127
564134795
765228845
583944832
732305714
650669477
789733822
586883335
697765245
689932244
719791377
777351461
801252110
725574907
605094151
789425459
784926230
604948174
694062763
714983814
580974241
772147415
654656742
672029164
784040103
649465400
658199052
773299597
668314823
748651923
562966482
583730838
733679987
655105617
603120841
688675261
697268383
771219603
657672830
804573398
555542948
795849576
555310290
593309442
747199864
751412926
670687759
629579892
644584287
681057402
720921239
557631527
677859124
665345687
752713162
584168837
796018190
573430965
733782872
795530806
592713442
614784140
643900601
761250221
798529099
763373304
786151069
723891091
767475899
582892080
573200243
744376512
785591061
678097933
606953714
780176653
675601016
620863839
740863878
542460644
612320975
561973441
780392273
660563384
566490097
692388801
730818187
541268855
766871817
621385015
777041490
742853722
724278392
717932816
696614082
696583919
662071173
585321249
635194202
767347519
617162020
760583619
566542110
724447051
607178519
544575056
579017761
550976585
646276214
731040793
745149433
715708341
755539464
544841289
635645254
595682093
571814247
788414880
646768432
716755383
668182536
665063632
657256031
797792412
594006917
755046369
654989153
688479645
639369966
694054254
778611681
618474503
710104029
721991952
549519944
785127511
571150381
552214583
552871305
600398268
601381491
728832801
724325640
764758886
802551031
645504798
650116961
800129241
802174688
651778406
613368627
641281134
683251779
579943548
784794031
734652495
654314004
793794127
573446319
705633365
544634635
714757077
711125241
756728535
734244350
755580244
684145359
796049170
602568691
601123810
555450416
787416598
717160174
692702999
591868517
722853860
749796590
740425549
736707457
634434469
674689775
543861868
745186716
798681823
594887784
676063412
685613307
790131613
691780318
628332089
645518690
783045109
736870630
653948521
670240017
651091489
665322364
615324717
688148682
590567648
760681970
568354317
672915891
756189442
688733580
580967226
719581931
694688527
708878201
640812703
562566870
540664499
748366543
