275070501
415937666
488630539
345228506
431891829
297617921
377216272
408089348
308575637
442973865
343342518
272817179
295394387
480714690
324735736
415568000
354984034
511630239
284947980
392392451
526471552
405372913
512784140
318775839
524522337
456023884
453632452
358499029
461366788
429723624
482818620
509522731
427694064
309535966
484651856
318830260
477563555
366785011
317874438
491039804
498889535
369234075
428461115
405839761
381070341
293778543
405867226
319722853
331248922
363533581
534246706
301132725
382478120
522786632
315361842
489155540
481427225
458968704
278502798
327074204
290340770
281507419
440833093
371430998
297886127
305588636
290055659
471013959
396265073
496799753
298567228
396119411
323042806
374816528
525112928
319442727
345167743
306809417
473479605
408615601
525259166
448109989
535996155
494963711
494031378
435119119
444660378
503087755
534814291
403802231
357248917
324627262
354830794
305810738
479232489
361312858
502221408
373909764
283411587
407834427
289779264
341388777
483649359
386570246
469813958
535172514
292551840
328235859
522062951
343213615
361076190
323382432
425616902
465175785
331162825
309716753
419745378
446210725
337136035
300131280
490830026
406263321
410822782
271218327
391194165
519960122
345359430
410520976
337391255
500459905
432074990
329395509
292460597
325587374
494589934
384842352
311464725
310247566
363021355
450942443
418152414
396704321
353794400
319066090
298872691
326074778
358507412
286951156
328474305
350664917
389668681
294306524
408151104
325749400
397513524
494088859
433265989
304384475
465784105
377403717
383092062
287853945
276825932
344529601
317037085
360472627
433393094
532038240
482818564
297173938
308726927
476198775
412277268
276479336
481699935
313061983
281351909
384013533
274310222
387686852
399285224
460573261
377538284
480628075
469666754
383788922
354320043
316876213
458019896
319025341
427363100
518726021
442701767
373465175
442963922
346997721
497832031
411116969
461601094
407855499
413246734
360062543
365137719
412606446
503705882
530215008
437467456
519630697
408652913
388759102
391957830
317652197
356405874
309162185
284772995
513553048
410454743
482788964
448104765
443168358
456905802
521149345
510863719
380936241
515789269
327921945
490263612
333676564
381321064
521325655
484882387
306240847
354258532
423697045
386894435
299508142
376996349
312134156
442105082
376264742
452730413
500148134
357298319
359872773
440733572
407113422
293870872
358784229
310078110
317197849
411958324
422129978
488513912
509850257
536059122
295696246
316090796
282364849
303305082
410340802
439937504
311873647
414701558
272789275
512154288
380676832
450162150
421418670
272308472
292670232
360332753
435554594
536665594
460518080
357586517
534734821
527843417
412063112
492529015
345422276
345978338
303880672
286096277
432394561
339286019
341424427
474218511
386205499
282695547
268626537
321117108
482039799
271436714
377877549
449673528
481713563
424773996
336171433
531678790
305027082
503286092
350416701
449715529
502324062
471450241
510230571
506888941
411353293
470848840
340553819
355110354
518422258
535496474
345487374
495814382
327197840
303812781
421722125
400945348
504834880
334773588
363859543
508776609
498972463
303859451
454497671
348458459
459687990
473578397
446536304
515502399
516936335
298256912
304941892
522733767
502332674
336264151
399331909
282490618
501430693
528047023
508678712
374323442
417964461
394861681
517930516
517329192
391861090
319526570
433312965
318822916
373261679
419102177
389516400
492457863
306246460
304106992
295797766
352010804
472650659
495059857
287585500
306925492
438215957
428447217
533890565
338607339
536487703
310821554
279254242
448974034
532351780
471542704
517404075
453167434
358764956
271869151
333781252
353895145
343717280
431394064
325663072
371053825
486481635
371505511
326825321
272325457
324989398
333813948
375610085
478866441
516654711
323417031
488553773
520739733
286483953
316085275
526548279
387725426
344377101
304501410
330863548
295743402
311684401
445505307
350776532
352845358
410435856
272530989
276877865
485023895
515828504
491082891
435809902
404810274
399428953
287096705
448750038
286312650
419816663
504711130
426123041
413864745
279183279
436959798
439263680
335769813
429586094
283321672
327162860
424030066
342883774
438897773
441287667
371641033
436603115
438579840
421564692
517603407
403886879
305558930
318262621
492053068
517036342
429558953
311430282
527170315
397565894
400296352
483095965
418964286
415755340
475873381
367456692
490279961
297233344
406370349
309947694
425574339
388892224
496093427
474471385
285042640
394992845
358100764
499079868
402133848
346676967
428032138
374713119
505701991
379918855
526753887
447954609
390979797
360617799
372052047
472980029
523422118
306109542
459164244
487791263
286477669
480956750
477106617
356182884
297116073
440621643
488202645
522897476
307663405
506312417
487623177
285161339
342411268
269664468
488683859
374610776
469894198
495689358
298721930
284233689
505880688
408334839
393627449
477859306
366507973
404098434
522358813
427511318
357941347
296143069
405464495
303002579
313546109
397347209
528119520
310247111
384149341
294911336
424340285
481709460
446541480
351015479
462753899
432121522
525623119
307024029
293632077
308785280
315522608
429032499
445645291
486648905
295516794
383777039
490381475
311657054
271988410
290718545
495177219
293010255
380017864
292625940
470172927
466421242
531819500
299928702
426996379
422996894
375856516
317518618
276195395
303915945
414058192
313259288
343466540
361724354
371502025
516809097
431455901
532874431
468488662
325779133
385367236
429808809
457073606
453942425
473884927
502253331
523738422
374880945
433054498
312438864
321296278
499840943
471716471
340235941
465508281
448239798
431080723
323515352
478123656
295712274
351936548
339695735
389065070
418933631
452107351
309845633
524352111
293646980
288061213
307238510
474691536
296152338
459308353
535274506
354681893
390224614
320485864
299945434
425202256
318115167
322624993
315997532
345671553
352652823
529323820
276225084
535834923
375092831
269786495
322089459
280336236
338118956
363452636
361166536
487246853
523135729
390380950
531499831
313794444
482679425
428755028
301141936
348155628
454943501
491427560
284847463
360678469
460252073
505645050
436034682
317123062
440574412
400278546
458647271
282850548
349947323
519084023
365396980
335853990
336701983
511739123
527966245
503126815
370714978
314600939
531058284
534240895
528096134
371539569
280590828
462634974
511894289
496249543
488052642
490709537
485477902
450563820
269578155
273319208
393356305
380820681
531241231
441208401
448710996
287412072
397183318
377897047
446788188
387022627
347557892
363017826
354456248
343698530
484910906
350625503
517598617
309572792
441041953
358007810
521950632
358609300
506576060
477282165
447570519
468393855
403872284
505639852
476895881
303445897
373430958
351808534
385358271
519408227
314909878
345486848
428782511
506728068
456890232
302190224
424890245
429768009
301329545
407892793
460868039
313498512
495443046
448606296
531146527
428337633
496037374
437788253
316585560
472315548
281037425
441879234
480705981
413025753
473017564
277131643
479784571
275854804
428842419
501442517
268664330
453591799
284095513
437923232
386140896
412894712
316377757
415848478
447682676
338360214
405442861
426519109
452152797
288309225
388598998
321693706
383794240
280170542
351773667
273707641
517873037
439657293
430871422
315058029
397993513
334063118
419684875
518015663
340690263
307867036
447154296
424991679
449348159
433112057
411779462
455806106
459112357
426818557
453980922
534287376
434405584
508880480
413383100
407892523
313100307
466431649
522708030
370923862
509947332
456040642
533365072
290922850
328716629
506636943
332433265
301507805
467837609
346200063
278590476
313321825
451642877
329083544
331869861
497007672
274511403
485794744
477274679
471125848
530554029
279381855
369169080
353697405
508420051
436663725
535582223
488904136
475715570
278922680
417148276
527402285
500853067
286422011
474504205
483093642
486886698
523749890
288398008
352444276
498826119
506865508
422988602
520634263
421452280
285256181
492325862
426168299
274004060
398137211
467659580
513715092
330756034
348819041
451401361
304848559
300542102
344707152
320415948
346085396
405738379
480252331
395047511
333352168
317969662
343333852
431077743
377977210
419029047
291909487
320223103
347900388
290073112
273845034
474801381
279227242
398843700
362408390
493338917
442842209
317969157
454801995
364945170
387189171
478265937
317242238
437681486
504208384
489998596
477471182
527856976
475253698
372814955
384836502
332602926
429510013
443555999
399205187
521646626
435980867
534125488
394516168
516577033
290820780
318182751
393977731
431199289
422823614
392018623
344723260
342637971
485014276
478350315
388716989
515298723
366270573
480453581
487902507
340700963
495337978
381453447
384451777
504163305
393746867
438855666
461284157
368968485
313469208
518331705
401213203
481975641
471093720
473635188
483571362
399761928
295509565
315955701
387958593
510905440
393385755
471159910
399540197
373054206
495516834
372164781
334292574
356970054
389445039
373970449
490475119
344185193
524744617
327619792
439777809
379542021
394563600
356177621
416882089
390202151
465793716
505852039
279342615
373808840
502235974
423485888
361683758
330267810
398001363
309995098
525667507
390734334
346334993
289059465
516367264
360167029
360728934
370930000
481992503
475195947
488500226
505938996
422324566
518617203
309402791
334198421
357191423
514658345
425398507
536168843
455757744
338645217
521989555
505906828
468149942
428921844
505365201
298295906
388339353
501530326
422873055
428339260
368225784
375526687
322605184
304378943
397909899
440242681
416427482
381213229
431056710
336651315
359967414
289333486
452473924
293487505
365911396
491395537
480723106
503958769
524533338
373269724
279307653
531188156
338077719
372890423
391913431
420407652
530265921
464935058
331105345
480351281
511322474
511828601
470217912
398612303
354933664
438148172
320240420
371719618
353230899
392874496
415402001
282569250
511766501
531267292
310372185
386395046
492259596
520024008
514205554
506699386
294192065
476419252
335646340
482133570
450070813
462072042
368782928
306415597
460685177
495576406
465892138
535478661
284266877
311849895
500399481
399922545
522559363
396074531
456310941
282024931
376061849
510901182
397249243
270291711
362392691
331024612
402715696
397979149
309660710
401503613
277250356
402542334
305615514
278420683
406501031
504235492
471373988
497505140
409455817
329434157
494085865
306339094
498956090
302975024
269324278
419416877
408849020
468987342
517303439
520051222
303266904
513269178
298818016
464674199
272213646
279570580
294827612
513425100
299115298
398816316
384011130
327404632
277360135
534381918
410235532
307315202
312966295
442900959
272449999
480821107
358067061
462272238
311098816
457911225
425007533
385070192
463745165
427691490
427532289
320977295
424927797
291682080
457369915
491234530
381765955
372451197
446274522
316539607
305369543
297367343
347312429
491892213
328427710
450810052
291470467
463967497
510865305
351704074
335974112
470546998
366640028
387215203
516150167
423554518
531718494
525134907
392437895
386525213
487062802
365210666
420419436
467956547
430730448
494393792
390666453
517740372
395884064
327352980
299441807
324059471
526605866
380508656
291725287
511628532
458864460
528224411
499126708
356122654
276588075
305686471
306647591
391592047
427609735
276186474
371870033
490214061
495840198
307613282
490572469
502799300
279792687
275288716
326535556
419923411
509147329
272915213
425275660
377154097
478733921
308702578
269863616
385917917
502394809
444148519
452491185
528347493
524951118
301031413
415249937
426517881
461272642
378000381
310758869
511331759
382038692
434637863
461012081
283501309
463987537
456095514
526354825
452435639
344184340
430625088
486969735
522671907
290721569
373287173
353815263
364725531
487905157
448246359
385918333
517049450
358190526
314166911
398622449
511109096
335624762
440591568
513818202
401460323
488103840
463464918
322886386
352929150
520956835
313078448
498278434
513897384
506850255
463343457
527868211
390947480
294602501
491023342
478935265
302161031
480519664
393283153
272291674
432376977
294430212
513200330
341193432
509930764
307199453
367854092
353730842
289764512
297993661
519266768
377911739
313082884
489184464
462613428
521457888
516336352
333644809
372319979
350333362
408066898
456122241
502106154
367055727
388574321
495428164
329452647
531759605
425098266
381165709
317468274
306405890
296338643
505270884
386312405
504543052
469824790
314482228
376380611
326149429
378055517
396200507
316306925
501203255
486821488
351295026
349843146
474543603
315464593
528204117
394039068
515417573
352666413
359887150
465028161
419696815
287669734
533441223
367666373
284387838
532605709
356291661
366656480
529983836
301368153
496208151
461034914
489352529
522157256
272285491
462665861
351134271
402836232
289203282
369804988
455274207
303552212
292380669
376256989
361778687
503870182
474352286
366856410
487357829
442131966
448137718
358146841
313127034
536099494
427067590
533125221
282411461
512352407
335522437
461795387
348495069
287262989
390981905
513249164
462959325
367997038
341269657
482639418
329071723
454609720
346465540
426245447
277830721
452826516
341865149
517789945
522509727
342630960
495948397
416197569
293729203
378036361
506506155
352297747
379742301
282310801
503473061
479655375
393036688
518328974
427602797
353685026
506291839
291659297
411731476
481444512
388734486
433079309
417543244
434427765
338906313
314160323
334407704
434369162
320987259
479340843
336625170
410333100
534344182
399815185
478744752
274614970
519000167
373484441
512098105
307590088
301592189
382633468
382076196
468547063
466474671
371906927
479575504
481790246
500476839
415310281
492877300
309577369
396744804
301275251
408028611
521238159
391453705
437914007
285818202
287116355
318954370
369462199
292852284
496206065
464924314
378167845
283070787
401677177
273311512
510281628
311062080
315005549
423444471
280118410
354952327
524138866
408778966
420173359
341405236
499750820
485915225
437567488
386564189
479318286
387763579
315715009
325270898
340971385
292796461
375765572
523957853
505475231
529489004
432368775
382033453
412228186
527411027
339733470
339049388
344292167
522972623
274370109
333182346
514884324
343186842
476140733
282144696
335578745
286370296
386241296
468366950
534646076
407229359
463714211
362957400
458069943
496590959
362009497
473770174
504862131
508186058
438076852
442154975
453210403
494076071
297651169
526915532
396673910
527716005
481358599
501079854
328523275
380476208
523455826
517742867
501981617
343084249
478869845
523882505
283801819
472883484
437057566
411378491
507548914
409322356
500455599
278902703
446114832
439413950
328302374
447393680
365353179
275266511
368757495
492980095
522655113
459994703
297279024
307202946
288934219
316010589
357882236
299244079
363483065
271110072
469475394
499655863
330950494
319637657
470938949
469250991
497393081
358183330
348309657
514349929
395630936
351279186
503711799
442015411
368609785
479397481
362919289
336816441
495538282
431203702
302522460
512847186
517654092
515013906
302270826
513611552
345355695
434848250
389304993
515289354
418738673
402543235
443558045
389587510
452352715
479122195
481957578
426695721
511155813
276624758
273882811
390945025
474562989
268805334
282820525
326850045
451736583
302260155
518642960
286853780
518785970
461576246
286014829
490595155
530614992
492139962
514226575
481915090
369672488
273120853
439126070
439135803
465473195
269246544
515137516
460520414
285965629
369027541
427336674
518847735
424186936
431706801
386945763
489719264
466894581
408135656
397167368
393973661
489347578
336982135
441946613
496712339
430967173
433979167
300938734
276168136
490531264
380735994
420722740
471703704
308709103
490574420
500555989
524734377
404326622
446597032
351668851
338445935
320782600
385134659
468227118
325102566
470131770
501476573
457748025
443175208
272492662
534015112
524639784
277202946
321772583
343064086
476410566
470503479
447961317
528504821
519752288
317892340
290398065
300247740
477439737
355804557
522123641
295399296
502873434
421339040
449337939
374652117
482474131
268854282
272357899
435300818
439534029
310338808
372468930
373397852
331008566
369269999
406310735
411202283
390546997
398663527
323085853
507819002
326599929
280005371
505655369
275268963
445690387
503776185
285533439
484812715
353136188
506950191
512621043
519933614
299739438
297228490
495133966
406641153
278210051
434282768
485816601
330452099
361345238
272179506
365396110
453791146
465695039
427411402
508519105
302285297
525468933
420562877
410623313
308983391
369668315
332439016
322129379
440054873
313745734
392918621
480002625
509637366
332704505
432955826
449145113
377829908
352845290
493507005
269055135
493525465
343863253
363115556
460192890
360693386
378969753
342808717
509905180
530007480
396180887
367806376
448897946
391355487
401455457
292965168
371674051
270579317
311745867
310279314
450122678
427016520
529737747
427391767
343446726
332849509
372841400
481606954
389001794
270495167
293008432
377464231
466131253
483152330
476503139
500194587
424160457
492811003
408129725
430621115
392405196
485657001
491011549
287202160
323330617
458878792
343879623
290891705
351324345
353697334
298888430
295372727
529536487
529090378
522838534
473282282
465149974
307819264
316726304
332472163
391816527
521502429
328834843
481968623
306987945
489225391
417520200
315446963
512559526
320735541
499986590
378956738
530550469
393676420
534151690
341311328
518791505
513108348
509994146
517952476
432637689
521899415
461460994
481720726
515310340
434472124
524203978
344269965
376907576
442603099
343893118
372233354
476829266
401707945
335098105
399011768
428587944
416466304
470548398
408567323
493954918
317051742
435659514
423384415
445929793
506063323
523474425
442420020
406039491
445902421
473254203
274926917
350905156
293978877
352594649
383649289
442159875
428374222
306087475
521193171
408339261
489740311
482692476
398101965
355105763
524191023
416330881
413216962
289689985
449005419
318038773
443523203
452949457
330028712
286946696
388910651
476107511
496457940
466943606
429295649
527179034
271773720
536047417
360692631
393687195
455130024
507523015
499859768
508639379
425043075
496552194
493075601
374188973
327974210
514964498
360524752
422817669
378891650
464423928
302353646
444163075
458058454
322853772
513947067
353771231
524445184
475706802
298817337
436121113
325085683
529349942
407982571
482452807
351818741
354353535
305848492
373365445
486088979
528935624
464447644
288009863
284740095
376585536
291353945
304048445
286408638
340778356
358601693
526039952
300588442
448846767
490997132
425312734
501070436
430225764
355914628
396913689
390431757
472726327
281672043
486809739
284484278
525369385
292672668
329583179
528691854
407182958
532657031
436594966
342666375
273320712
320249838
369900947
489333478
419599840
494147712
525708789
395269552
525580054
501727179
387174180
519263069
486035855
349920266
333741078
534967676
308573449
302104985
463556732
436274111
485431232
398496856
386373171
398069714
396164238
502613145
335106918
341800099
374938151
353674868
427159724
368692213
297015600
437013610
375806331
526340121
351476030
410763958
443010877
308198924
445053826
453449400
419016473
285092803
390204355
283381531
352185277
418447975
494374737
405188729
529870489
353054871
498111421
381778590
270187496
288589643
328279614
389045001
394027541
354027113
357360880
332259846
533441096
453091076
471355200
293928857
531597949
462840376
461279483
374404655
425826804
330713394
328231266
280597304
423227964
519415435
513081180
526060447
489615253
414916195
318082989
407354494
359363242
276175638
520764719
435977287
328156391
403575749
420370526
302337957
422502332
413113099
476946382
533377681
378521822
389784890
307069027
368120556
271132640
416891380
430554413
427514951
276961170
435109587
454627555
476496478
361142911
394009471
337868118
524935930
484751733
476895546
453470430
520688765
459915705
333741516
485261534
527286942
271474134
520110857
380869484
319527090
330918586
337578532
417654143
314191286
483489863
405986780
533128855
296221185
337866829
442110034
492407276
289055388
421896387
287064589
362313039
328830628
413087679
348166195
371851862
416727746
391022238
464668311
297761731
470997158
443996256
505284325
410934148
410372145
308681051
345270592
328638740
365030482
402827566
441143293
362486434
339779170
340251109
436259184
306969567
418092034
381003095
301284052
345350038
394786269
353332186
516232457
302217446
536217311
417452846
363584599
536727028
270976141
536423515
354765044
400184345
336399104
535435248
309336897
509838509
392937877
494442162
450992708
320622880
432263228
422378067
324334341
412885911
470408150
497807271
321198255
463774254
519987840
479416256
405417731
349072559
446899268
455445728
364374033
321310387
366358798
490165786
523219003
459248812
338933080
411726940
322016382
331867443
418790312
473516453
402999743
457674313
371310787
359619363
523593434
340203138
500344632
306234933
274384925
286163391
432478058
397737712
370882289
461373626
495839941
452862300
506372537
314019089
360729671
484420117
324883200
439585860
406299669
349818887
421204474
286592509
288176853
353111618
311793377
342494935
286721351
405899435
433440926
529733657
323405777
427505489
398653147
514717229
391834851
465734392
306209221
515504634
415851425
271408724
310579883
509025327
368158951
396567700
465598536
311955889
478158122
329186527
423808022
350201682
381876369
350605218
293246760
450957421
452652305
405346216
333941239
480046114
374539263
308593774
291767271
531004168
321405020
499757381
491048708
368553168
415316316
498732664
317893911
275365065
482872856
279002026
507258405
392349889
322070918
458554088
366575430
473163685
383842234
493452387
488441745
335553016
473477975
422971143
413243782
283097594
461554893
276949039
423932384
378156747
432302512
277983242
395336131
490061009
526284848
413319682
524783155
339584730
526799000
301822391
519541286
520045282
429300794
478044336
491187571
334637802
278397106
309530028
297815818
291196491
291113474
285172603
450990581
323879122
345722081
408636680
357576109
330057090
371257811
376050060
342601361
449271311
463856040
511201440
475304691
357774499
513333293
491393251
346465222
315556254
356327710
294087779
455322210
510237224
431779502
495602836
477473460
338809896
380443238
321750498
468700816
486837737
286037725
485102187
296496584
321911067
494203374
497308990
323018995
504226790
478860336
298706800
371090957
361989175
423267697
283707009
408195649
444995029
460719506
299912225
404090540
301538920
494189999
344220101
447523250
453789487
270938160
523153957
404984074
310330119
474840396
438287018
471446306
326397031
368305863
323660766
409602428
408144748
455110707
453803340
310893727
467198074
456233196
485776462
289611440
343632952
323928097
380603517
524189653
507056263
459609497
523738773
509190690
377269578
273435032
504294197
310856788
436277786
523867388
462720906
400774504
410330709
284445609
469064782
461566156
352373811
305356731
457225542
315983220
308665218
504235848
331463097
471121372
284641387
303142498
491786545
503402939
502242536
415775062
384349195
321557978
515913052
269574738
485892394
422399363
280111866
288904748
286161266
382890987
374053591
479084121
406262728
453462664
434655727
467556024
526437729
374288719
308396017
288751314
318826399
438336091
445238082
525474210
412934160
535608614
299048968
433816654
485822867
377314137
354601812
492718725
306150090
473338490
412163641
308320407
441539906
457161098
339166125
277146897
350290092
536586356
458391274
420873525
529506527
356404312
456888029
388198320
269402927
276929533
330265082
485723344
437190377
507268068
462468031
270058656
317332304
307325288
487843469
488617057
497725074
386698782
469611097
487411642
323081534
310130291
385661145
336291640
375342154
396725702
304258413
430742559
508768521
394216063
371629624
410061740
301580624
307240774
456741999
429388549
348938259
360762633
416148816
283329778
489662375
474947813
367087992
275842159
369707224
504262887
364404782
307195876
307803348
492302621
509848040
322953744
317250518
355400683
450224332
298311782
513333932
531305309
535563527
308514531
465855056
530685006
378907630
354251952
332519311
329184308
275463823
530548677
279205829
379699530
276796655
533960540
411850965
307454485
397766268
404178268
500377090
285821122
420502447
425936215
283873513
494034449
291075024
420162239
405981246
497215068
518621356
299315129
485908851
310568970
332913956
483346182
311314810
424606325
328651572
416792653
501938993
480440982
429595671
492801326
313890488
506587285
501247412
274757771
473509688
381329189
300397048
323393756
520856896
348009866
322331145
311882569
319970490
377960660
471389488
513165143
508738820
299644821
419727625
443581627
495543128
277565437
403636020
505840414
534816901
313740703
428791703
399200840
455814514
322735860
313314038
480868828
328688120
531901838
400709498
459154526
417879163
471078338
451852561
310061508
398104392
483612614
424624754
426026990
530414048
296723539
529969806
403822058
447461453
452256790
476930591
514441549
297415599
332056245
410489473
498050527
317249626
536053300
395167558
375765796
424974082
500646481
365987674
406243931
310833662
496244820
423209784
409390380
473813265
283160635
274569120
391682529
467273153
401652662
463293019
481901222
331495043
484735016
496930568
410853832
351472306
376513801
371455924
425584456
346883375
335653391
341867760
459197435
302842359
279662747
511350708
477673359
336040764
421506466
385658730
476127093
362562363
287341918
339254818
275877417
286148727
486435184
369250788
397081274
306883438
488861687
284652250
378561882
522758251
434195869
524180076
519348680
417235929
301310944
452493637
393935262
487266651
333997582
314984612
421502819
379052371
370296349
421941643
418159184
355164743
323453267
295694667
502904427
391492617
399587664
420576349
294470027
427599699
464681391
276261204
490877003
536805841
417323511
448046552
494048681
469004589
457486525
535894202
530010004
442839296
359938393
454090737
297733162
466958699
302853940
519815038
453408799
319646410
324756811
500342824
302868744
472177263
481682558
502880492
283849089
490712449
353518561
453525729
296282936
324349597
536681456
294843942
326426288
480470017
522561301
365999655
410203670
298586582
456615941
332739833
275071386
521958181
508488946
307083143
322855372
419492541
382196645
486882075
484017141
323331657
510761248
407711293
498283478
529195767
486220426
490474679
472983908
371514864
280028601
299260744
402042661
498009130
398849510
274642172
524571139
474555954
414189310
470487954
332457242
462295787
494232931
399001804
369317624
385359780
292288320
471331481
461464977
415755279
450191828
466290280
286770623
488040908
409798859
394644527
430957714
473457625
353501062
469506277
520683079
487702956
527911349
536672964
469449305
485786947
327930117
379043486
452647083
411456348
509822628
450476458
521713340
410648518
531542555
403377944
386885757
323442646
512473748
467971590
355502975
512389500
354711953
447738558
304549421
357226668
449119107
363339890
532859239
281950813
500040240
393389728
392464373
442182042
407229578
522461992
361414500
295176660
461305662
289518047
488867121
352977590
512080275
491665331
316376458
337289700
419298410
289907165
288971365
308877079
376099199
397336544
274398940
322849344
527585313
431585350
301345562
427620122
407899615
401604059
377335746
474858070
393734116
508524826
269317191
526294244
358013308
363869493
330202649
503598051
494723060
345522428
404881666
280465800
506429103
457309808
296469143
485900942
317541594
322351659
307491076
299232509
483156979
476787657
369132436
525899616
421291699
486157279
387280113
391654977
335240587
447833866
398488824
348932281
357110205
369895522
436091459
306171414
399865380
300841898
461851521
380678329
289609439
494388782
359369007
490104339
297491714
328314235
297797898
464786255
496106739
273525047
456901499
272256422
362201582
490225164
402226717
344199250
280615820
504591955
352648684
373298420
317750018
504223038
452947543
365760896
516479745
413496731
440165674
342362764
369556576
331875032
469354708
468735828
516208256
438854750
365479719
484581316
422170188
330456908
442614405
473059402
445950184
269704915
409412103
462519404
339982676
359776433
460583409
353098316
372818908
376270946
382665552
387868381
409338068
490402671
490074387
328783305
479213895
309333304
527212951
295554384
362484318
427653054
394911088
309544124
458570058
527591764
490252652
521664381
536522511
484871847
486930512
524507240
289792785
532825775
375828088
455339402
402203676
455827845
458876076
414724153
525218565
442744625
338578502
452488797
309471009
350780180
430020060
441941586
330232319
380635074
369946311
327065959
389061128
325555018
446371205
274515011
361605527
452068335
275958301
419104604
480776015
445425533
470282353
330090968
485754594
363969364
398460530
354242724
276307030
395333570
320578793
411828061
521195618
332644170
358117903
423441764
289991176
438429030
440635951
417067598
303038512
435745334
318069862
368951400
359182129
305367544
394192459
500693847
295744616
481156821
315995769
379988209
284996127
341047459
300998850
284099118
490945034
404463359
275647867
529452138
311913358
287850535
482552891
437764338
327313590
389205027
292524495
308901950
284502775
461601873
421740777
459607644
406845539
308054505
529589170
284711680
357317612
280196840
492461391
325673143
528591525
503955514
336355393
535620029
516876600
299846730
463544116
432982366
447044296
401923486
524346132
453972597
485016728
358156527
281550639
302069058
348511276
486874726
358598670
311546466
531813203
274646282
325669833
534693914
278903895
416007382
440418487
402495683
370749815
534620634
367409784
477268360
410135680
290465510
461972341
412315262
321860762
413708950
391496547
405912169
403638110
304565271
351587231
279310959
276701006
501484497
279505769
482590072
388490668
412486147
423562131
519098454
296724224
404641568
460253182
372170923
481433692
345794552
370420738
462072633
447985156
339549810
474037958
366927460
457809126
288870671
468192517
522526145
413335948
311514972
456793903
376565500
519889357
470747613
349762155
459649704
299357128
523374329
393780478
462875901
399554340
301386100
324853303
355084178
306893013
435565030
503310709
516541453
441413266
411702569
498258541
427200835
371925414
366806332
416739956
441890264
400058828
469572207
363224898
297789125
285292140
291359621
365487625
268472715
474100117
293414470
520634339
273432737
449515785
489440094
522671409
340469401
349262433
486474354
523390471
353443198
283438013
445706720
486090016
338760842
536783092
334334182
375190061
490874881
420836910
318012354
456351723
307178910
357729224
363417500
272388261
379428424
467032986
330057392
276021741
452936066
527973860
359331000
298793933
298530915
391749548
319549615
303953280
525329328
282432800
308197499
289626248
512148048
347251424
489460539
387339701
527592308
530083779
421978719
395804973
460496105
464887999
369737570
347567217
329656622
421742013
301883820
333063170
450002253
340135979
325117847
422894861
417831316
472692705
321324822
335412699
342857934
392112017
473224026
345442476
512025697
506223058
489151955
452214015
369430486
430554949
362079276
497849769
396782716
331625442
308069684
480950319
303398765
453842785
277321036
428539208
516907305
517131375
383996348
418920761
359756231
430994090
405652729
430785270
398944449
376108591
467375038
308174508
504560854
522759760
292382322
377638334
419725379
464524676
305790974
285385353
360558493
518935660
300306540
349982460
326743929
404960598
391926665
367070399
497834444
472848548
480898683
404972044
526913222
418814070
382013473
506735674
423839797
428218301
375371439
342780721
480305269
408418638
337921510
526843904
325754455
344666233
337943862
375151024
435209186
326914197
338742788
505330648
310870213
505340057
450018132
529376632
460471103
447867995
343060688
303797150
432449333
420544224
532274392
377032394
450914412
436438066
535073441
396244403
424082637
319602358
299487155
475007149
307153528
303211306
347006603
404256584
378664987
494321577
517629735
451041384
405786681
421491762
281918894
282678750
516257448
322014803
337949851
522401116
373426064
518501573
522370216
342496900
316040188
382476476
393941249
438636051
519867388
443351177
462331916
507458033
356152245
339329552
421519230
310745767
528140795
372440775
478842525
430633519
275761004
282665705
396988771
368623899
354051210
516276797
296230945
487291529
497201030
519581893
389542395
318132941
342852712
281185153
342163844
300643081
483702022
280177770
370600712
297801645
425137976
483422353
346235898
387217792
296683827
269254683
404915324
486460142
526195418
370666605
485087027
335834036
287512756
295321128
507410747
510723805
403290487
472086250
365974735
319787131
466825324
328642386
330040530
456991732
411415270
467894313
417569449
400774832
505228507
473676884
417749484
347557093
284409452
427857214
414609897
486667739
269071449
517783723
518461533
498829320
509438768
380976711
527463074
344734215
473812164
480071394
506443676
495405461
368215684
533833364
367873532
311306652
392988419
521166884
404780233
420939872
357153650
313876987
519811555
367029937
434970035
437329625
468425357
420920408
505050804
438612212
330309215
473495082
485780935
518802727
272265497
425997573
415411281
519588424
491405770
445870625
520669068
396279331
486826991
517798438
532770431
468681714
466469050
439537850
509950089
430382281
508602206
534825398
440804142
339202406
470578555
416852363
309317781
415735173
443999672
491282656
517017594
463218557
533559454
504162085
294178439
281454741
450768125
305388036
507677063
430510210
353381220
289387339
442212168
416395040
409235157
329812413
519014887
466933168
436226513
488548099
307873249
312334434
536600287
274655970
399414457
457059232
481937680
373895233
483291405
360789272
417841396
283513943
300004748
345157043
329322591
525407961
354802480
482108311
301354438
451082765
386766495
365526037
416341553
451616628
458832298
273619128
503103272
272207562
461542874
444556765
335640321
525350884
303857900
363820179
425527683
373048563
384172903
408216718
276229101
379701198
274669057
396360511
272937053
419068112
317034979
451843501
272062820
447506589
403178441
307294849
456073583
282536707
321804134
319411794
461841443
510137816
447164921
322906599
322808357
285980363
463987755
370025955
433058581
319645003
391452485
347087959
353442585
464792776
338621497
324967196
321534026
280845542
496603517
422920606
298536976
330268868
337069980
399712754
300331115
449565088
437480199
359622910
268444079
478818881
354597380
478736376
280659191
411103739
380955598
531051334
376174417
276084055
327136748
418627767
516590364
443597083
469791713
491919933
303707684
302507476
364494498
289699335
457197461
531744181
277059505
275442274
462066630
476754113
326910063
330421218
524715712
435393407
321265002
482723945
310842177
275544992
488134422
530768195
315578838
469425902
310237146
371205936
357592748
487927557
375438074
486308129
291840799
458990413
452912936
470189400
452074269
346459657
381172530
438336853
342916410
477299378
289784058
273664516
276542581
476966937
472145320
352694165
485594897
308052552
482603938
381901916
514427992
331796684
284302353
320972678
346176184
479914067
439293211
431852559
387698857
455787587
361432775
292596141
509863463
296886596
348211721
294952048
378857579
298260085
333505097
273703282
456424083
369946575
286371346
346723071
523322818
518075125
486884453
310129045
426453992
474736911
416870885
316435982
284591829
525257949
391498906
276722931
285550543
439429341
378662379
478761273
369513571
504139193
487958910
423987879
395694856
411659873
493047893
417654350
301059280
522213377
388122318
271093560
488194776
404236756
398829659
428985642
405227269
452958440
465089328
527274493
382175065
354959745
472519773
502761848
416246704
426111062
424123019
339345679
411210508
273252500
420297974
277710611
451626277
436332709
408279834
343416869
295904544
389573606
425388036
338297209
305118217
347093488
459146223
322535423
414199675
278735817
415304655
445096415
512104838
506272635
383648616
406315581
477048665
269152930
484968002
521786228
329308777
347399369
304142489
340796382
437610031
334450004
475635628
487349797
479912291
324169135
280603218
274937618
399362724
501824474
286832818
476378562
350180773
361524617
309048423
394862974
412547372
304198270
526209772
512738298
327984330
278337825
370905712
463420055
357379273
459430750
336870745
510565421
535873061
316999282
328749893
453023096
523679734
283005014
280841079
382279917
482607692
416270364
489107526
275746456
446806979
482659610
433264571
484475272
390650664
460298180
433652533
522648204
445086910
395471280
435198490
310040149
467033914
378039212
356059634
505111915
435139560
498704649
360059851
482323782
397159099
464522590
426810238
517482893
300484933
465215649
334916233
429732238
269206227
293073940
505585466
381719206
373097810
305911813
476949713
406414525
462801600
488285825
519401428
384456317
469528461
399581419
308401094
344188877
442923114
347284204
408455947
342039620
440785714
276175655
359244055
323283117
344264714
300900571
438874408
458770619
422507938
328591103
424204374
415277823
405531717
393064484
417369974
328531118
280444456
450288125
515322223
420911038
406813115
465406635
335727477
343828963
517820781
459773711
404713428
402132432
472588359
520465054
380962203
508363629
378960884
398951105
474512369
376545980
465366260
473884265
278953984
339357882
499056842
514135825
342449284
479062777
482364412
285552579
328286938
462680715
461158756
450392555
451641246
529470888
521828455
483663224
292123623
527249145
399700346
374497468
421893615
322223129
453819189
447683822
413929490
402358322
479691585
269570778
394145960
400417400
439641306
367194057
312961945
353270948
408695302
534808374
446709284
472182061
374664561
372658462
454215439
534485585
303865516
416060864
300188452
317704653
438783358
324663557
396226136
334126033
472602931
341093936
271710044
484620368
358406580
507706750
312614746
323238847
525935370
291759263
347195366
489928446
279532112
407526960
288852281
320130305
462748445
413772065
511361921
377429151
453713596
498922644
440820131
346419394
343833915
355234313
273671206
283633070
354169613
446077675
369376692
400053309
322879688
417362988
359730493
405316735
495323437
275875107
473120187
446280954
396174310
299900448
511839165
341966901
444789443
384838174
365167813
388745099
293684508
449537762
388652438
295174548
275410742
286318070
536689012
374194467
489301472
342419878
359786018
494211082
483979941
454813716
519366639
479268556
522027173
477406097
499730737
503316988
355142917
314713016
420632263
428477275
417134018
433189679
379831621
405131762
331138189
324193314
400855447
524788144
420163743
438411550
286172045
310572116
530882514
330180184
374234938
274617465
366222530
452686541
391539151
427425613
497260089
417359231
315296439
359205906
311928523
471553241
364123079
406596726
534112555
535629514
423767557
442726402
389457453
272444377
270197234
509282738
508473235
433051774
302093018
281032176
364762783
268975459
472162807
534105509
509684908
535017334
418497992
505686763
444826836
413892039
314608192
498171904
388610981
407570402
431921657
313475872
459411316
481348193
457616917
318211974
384555612
357052673
462086375
340032035
435861887
337002884
276572682
437639136
333642702
518876565
376901434
339253974
444729300
445604549
352018090
302848060
394790346
535605819
403536010
435929402
487529699
459702183
531437825
386972562
390144341
425444726
467188265
331648728
524014447
269555888
474352450
290666186
499388446
418560125
532254407
451443544
275108593
520304936
313724919
448330342
335388857
516286968
448755152
421798467
439350911
296730445
319657490
483850105
352999584
378855140
339363640
363191357
503778504
270668033
323003578
293881781
520069452
464873369
518310938
345070716
370494629
440775226
415336768
368924987
342237833
463745741
356617999
495578300
349528059
316356059
290371800
281401320
474501642
321449337
533917838
401375204
292843728
434227611
273788997
276469354
492107513
492246894
328685287
337564119
489161863
448284219
464821888
503799235
384728579
513287678
456186367
454276119
399267053
366353294
420673731
455740905
381735193
398335762
290033621
445926825
312192524
379253129
352514090
395656076
368321706
481210137
465435903
481622601
431705335
471858624
442780706
481411457
323074422
312579055
387175380
496989149
292101775
365397778
507828375
375463844
321870678
287391148
470781535
423021490
287369126
470601786
396300991
445481376
483839159
338214891
464651358
409912643
406006979
448801555
448588432
412026865
375519310
478590361
455451515
532302042
502346848
511052059
455496853
482941862
435168697
412220677
347328406
373802424
471159609
501399450
367145397
288543519
500770993
431629190
517387364
395835359
475733567
365714354
519105509
288470854
501792274
448746490
451751384
308532472
392681225
282740070
317363943
468854868
299048222
372295053
351048212
493297819
387271035
281809320
307076053
382116235
318983797
345114461
444560050
519764970
413299028
367319712
386829092
445845791
290830967
516958252
340609531
472797313
312288871
449062176
361173109
503777879
489474232
452166336
373589398
279423930
382145021
389517381
306874972
296060567
535973264
489065767
376286158
369076470
511828724
279674536
327022215
472039972
492366217
398469385
452097740
434113889
405411128
331337335
284702215
508087310
308745469
322099421
323823293
510111842
501487853
321094010
502257127
445476441
525668594
301229478
311756137
462157623
341720348
485158836
432566177
533304409
273469651
296009556
499564290
292032969
498184467
301698193
324153159
365383519
437387375
479310316
306256775
518977364
386355857
339868541
366367437
378768429
453183879
529745333
351030958
500002927
316182906
443181358
329299715
290052668
351366806
270432761
320141401
521855621
468597611
535169140
489570981
469478277
365677063
412166945
289572847
364358827
442357388
387218871
324292238
325658321
504206329
377958156
374416129
274622550
471121220
397285143
308933861
314972421
302482598
397706417
494706546
424460448
367227521
383964196
373025123
387213579
381071069
393067473
341884912
286691835
283636840
488597831
442086231
479007642
429665427
295367580
485023445
443027254
314835463
298469382
391121129
325230426
389410838
413909287
477444449
509276648
357572161
305465845
295383501
368695048
437572214
269531593
409806263
311629664
507297771
310634037
349245432
531891652
411777548
474071995
354276267
378278991
411764493
468875486
292273200
412240336
524590230
273044097
448071371
349765026
336459914
373159479
508218779
286468272
518645785
444675394
510925083
474887398
310372721
284937284
503325795
294674017
507423798
478242476
512088376
365332203
290227922
402065983
431949933
286606860
515784406
297123437
497394381
353347502
468784440
304033005
380911517
304280210
475324229
495836399
302081408
305621757
527982018
514342581
331724663
332368376
299407979
438028347
486080428
349829589
451376180
269420943
431478789
329422742
499889567
280108414
507053034
534523238
492308392
526197555
484423564
505801427
486690496
503304604
309465197
297474396
518293166
365438133
343363397
277363974
463532643
335269825
270765607
356727939
277110162
510295167
413824902
311881142
288855607
401266432
415161165
378576301
517186883
371243689
395654377
462528186
271897232
299946655
277006227
323237779
274649125
398194413
307544129
443427437
380920900
475015806
530370441
427442539
329669572
392281301
488666100
526259462
424197115
334291809
533649205
279644278
441568087
439345425
479481331
293802133
535719973
353157970
491059719
431172739
456799432
313088406
410784373
338348368
479486866
464561097
531757326
493458901
469325319
317712792
290201886
369365117
428001115
410787041
535114436
287106761
437050302
323226314
371355987
445749413
493474457
312772208
467713643
414142937
463040609
412115906
325072473
468942788
418830400
296490108
447456625
536621601
489939961
284013361
311245320
462822869
306258788
383976556
340721181
310910720
444678598
389348698
305870795
436824472
488752725
389560190
528444184
355006018
403377238
519926092
443420159
479261411
529615880
493815680
402087529
498950567
357882256
281204956
435667746
449708683
483306723
433276426
492015000
374607508
268917501
372377489
467696776
289420562
435031952
437356259
519018062
311366455
420895649
530872336
362150742
483741723
495144828
517594672
381523391
439347711
274826495
309591744
285058004
378888964
298747168
315114040
430741637
297294160
385644664
345827062
484990228
499653951
517698686
469166237
486798536
509318084
300769280
530249644
377275043
464735230
516573116
289929466
445073058
409440933
332156279
459716638
318766240
422250199
357417247
306690735
432468631
500001048
342256267
508330855
340564871
338648333
308062744
502605241
487763646
358608234
439151006
358317620
290999288
286758142
439101802
439085843
420648899
349424396
509427270
314204917
295003931
450695375
488515990
341441799
392876663
356469768
315069547
536558348
485906459
534234400
321488389
319121321
452523831
417982491
350352158
519918610
513189499
474619570
508947208
311150334
498926060
317683457
315175919
327265231
433012984
327261839
274871303
281976537
423207116
521473119
321225270
290371749
469593948
277241777
305372901
514933759
375750604
514089840
374259545
356346789
277351827
453813182
320657373
415105388
384570483
310533835
418312406
500245589
336054806
297319202
302832010
365101797
482963125
292381929
501412670
332481732
330795641
369483986
359268770
285798237
395376117
285588125
411724624
504628431
401822624
495312553
391971131
472709895
398371459
336249831
281756561
406829806
367126884
391963906
383614847
301032808
380941743
444912307
322822906
434571035
393016473
400577332
352816576
394950563
324019180
406819592
474900674
270722745
449999995
417349695
385941235
436360359
401742917
299450328
359390684
335753179
367569310
379591280
395947026
504609522
341875552
289936049
340725044
356604525
454346265
295948329
475700764
436572850
387351504
303123838
426516146
527747257
379699667
275768958
397085395
525748915
483471082
301974727
432052098
498210765
339788901
521346793
464649397
412730026
479110251
527415877
472838680
472413011
274080798
370354138
496103794
422851793
437239532
358516922
393115650
413013018
406260066
470300684
447022640
392252777
375173758
340519359
337198631
462711377
376144399
324007241
533650622
354963741
485647111
334616495
287461174
457202031
522790146
478337563
273734481
496022033
415525590
354644907
365938197
495516919
347131309
479151035
410993612
468606204
313179132
494499505
279618811
340092158
385091342
271321509
328456431
377668818
356621487
487188486
359716353
343410529
311986952
298406969
394931055
422893345
290065157
364017583
369509118
276046263
523225738
341525669
295583221
448910622
396285085
478695159
431439662
322016162
283362251
465758027
391306542
317726163
337722504
332922783
536056338
522340052
296349322
390575017
284854076
353791589
494104024
488917242
308944838
302338158
294345999
506171603
339313555
303332719
532388193
394929103
491683053
309722590
275064781
406556701
489181517
386110610
428319625
325037835
491847307
489499685
371948340
331090613
318621457
474925491
348162403
288323557
487336472
274205639
517931576
393547692
407132249
516299672
418046117
457459036
528688468
497670961
340597246
297403514
339230713
428001344
485769183
293727163
527483977
475714856
432518906
336861604
309199304
486015689
493250831
441564183
401151676
357202373
384029661
319383270
458620965
477409449
294687931
419188327
318180538
520796769
296011474
434924124
270987389
535922571
384774551
395074527
405025382
333214676
500896203
373679793
303646048
298596536
371347464
402338504
398764210
487180549
438285908
296713680
276877277
340986705
457147546
311943779
357141724
282354675
448549983
366474466
520599075
522856027
323275719
297446038
416782383
389786393
318280521
364548521
345966454
296623591
519087637
370065224
533572302
448780243
485596431
459656175
369113244
532542592
361862638
452604080
324214782
320347993
362247234
322915228
415944826
328493909
329857367
349983682
367865214
358724257
376137552
381699704
491866263
466488354
309005708
518379804
435936968
336542445
302519499
400101564
383965478
531620927
452541016
290555319
304376600
464254185
417386297
358100954
495442966
281666427
389813617
369741029
484048477
508184459
513078320
331056003
500884342
321210181
380641726
481334778
531503169
303607844
321708515
486605941
305168158
308717396
536567028
379462341
389899807
422285023
292495670
397991149
343377390
296960505
457619084
321661640
535794156
402941353
504422308
451934994
489816507
380151164
326051513
457731094
316987519
438413082
445749144
411975121
321592974
494435716
366946629
279482217
310837750
305065988
400055049
418622859
291386162
375124088
475803370
464451495
452238702
498473307
286411182
278620851
430165460
512171798
457647284
291105006
309041910
320651313
529990783
498938098
502761129
306657536
276528090
534218503
302307720
473711620
393577878
527872476
457968467
471866480
529905739
292980860
379767132
284652838
453728799
461877387
268730353
382651005
289362037
524221698
448583975
430188879
430365217
536657887
289622671
370579623
328756766
426277288
293909043
280014308
450154279
479138599
468408989
455766160
333080663
442840760
421886424
432074249
400114952
403304333
388472827
468276247
332526232
352963056
489009289
530178450
528757754
505804871
328265746
444974282
320731735
312622617
304384332
289547294
362951135
331609615
340280375
513800026
408989517
408384527
535063271
291495484
369200826
326428656
349356034
426653255
366150215
437935971
343276958
503016145
438580381
302719062
372028814
319358418
386161312
432692137
531083402
485988648
269840358
526757924
275646612
307392359
277874671
519537735
517823450
460901406
304305665
492019197
370686606
494346990
459592220
485721788
363603782
344257980
424280559
433084036
495468576
313751713
534375288
342210242
302412791
453970757
439733106
353215802
403432928
324978868
338375913
348883938
504336742
442721678
404395742
415290517
322112933
517378708
480815020
284335982
526558757
347622074
485732482
521006130
330767924
507983123
325913882
515051247
291081544
423386705
293524063
403807054
535933068
364891820
496534839
331433344
442650887
437153465
447311101
501416760
409426394
356027214
322130464
471703809
311542322
305012057
317731015
529693107
316702169
355795698
440908976
451154181
510302220
333450863
281995074
458910771
306363309
337390323
520183704
336479847
430115523
527224440
423605262
486785227
496593070
401277927
398229410
496936735
482993535
312101262
359885707
324483219
305483312
286208739
513558048
275622251
350885960
392028325
366149917
420281385
300288921
515980722
284093302
387301315
376777948
455978882
388523319
462534683
519587409
373636087
350907772
455183031
306523409
464616179
354390417
472039548
527978168
436857430
276916150
516254937
523104392
493596986
394315812
288909464
309418558
527976631
375370916
363725150
366709495
500600826
274106217
405280031
475283969
438886740
277856526
531466798
473274208
469505057
355140437
430446141
361668453
505538078
500706078
429747248
429132633
531431958
513416653
535706977
448344444
292310141
330057669
336718729
428229328
479291058
489840719
404915256
522776363
510324649
390141472
335295730
474589867
442661704
477785653
459544337
346573694
400961429
428238242
402133854
497149460
287024703
500966004
373077225
414441730
289343908
289747115
434363476
449965964
368423592
452504282
297611717
488522184
462835789
283684562
338748511
275238980
382085660
484888988
402826103
294941617
332916472
513194876
340216194
471862337
484947238
408238099
502206290
415374848
442788683
374024294
449789780
521990707
434438964
324109737
513720150
310439832
398026880
407825364
340653739
341951235
269488848
462502390
472760317
530223487
294534377
390069979
294944151
392279041
423617756
501238061
273084510
514291576
525344665
405371720
315786603
454091953
511116630
429576096
279222687
362787205
433384493
531542645
284702959
534613766
504041790
328806794
422358813
381089442
342153299
410200033
271864415
401009701
354866913
310439526
354513439
339690732
348504026
355493915
413436095
433901859
477613204
317959892
400496760
316776500
486277657
459915670
289759470
515206109
400287225
437793708
420375936
481866636
503276620
517941535
512965923
296700994
363467273
491505171
399420892
285556772
376414971
356569270
475377695
495426612
514595304
394632714
471880813
441295426
448242069
410740223
357415852
442807237
388080852
335910779
491052873
305577013
508153066
374014358
408231401
533397876
528797327
498081349
528403415
282906156
413464562
310471069
472008765
443067122
444717521
426271974
447391604
373002504
401915402
486564524
529481934
402582025
470015658
280354046
463661034
403401119
329571485
359166715
286147128
340750410
340731945
302197999
465727583
331629501
524398269
516782936
281297234
344180211
350056475
278017372
336134354
454183528
498587235
533340065
429228178
437711307
295103535
401093100
268725606
302174092
527988717
473521428
283833653
423302107
364375727
379437583
529084118
425360551
381595655
513947870
520231784
370603936
526798705
361640811
469303066
290117606
270168854
462046907
386189153
524497046
495538551
415762467
409499836
436684553
280325268
333399526
331893766
492800436
439654053
511627410
273381139
428304971
480238269
359838433
360640688
436007953
405896351
408016525
323557415
314832638
533661429
359290374
448459760
450023439
303865700
308506331
441682363
524451337
330861148
490440751
362621548
297705243
289521160
395590162
362594439
386630767
386548767
285324727
516800568
534194332
296407872
441032087
395546016
287428784
285245950
341993165
440233250
298309670
367580377
315379931
432694821
302761264
447670263
366593897
411693366
386537574
369400114
533984883
511255968
307432977
271562066
385118827
295086117
329860416
425562398
494304720
472701291
498193687
320426302
414580601
480878398
291593880
325118130
343655934
482351319
350169195
393154190
309319631
368225941
319911656
464860569
389787684
420730705
430932250
337400429
299917311
413406525
309574304
462903672
350239203
446689752
451710538
404579886
427152682
468417261
302380347
414072833
400649427
312947637
366383671
354679367
506776390
283311324
488645766
388989184
513441933
492982357
444081565
502685658
509365286
450545414
278913108
376026842
436516854
503736240
317664242
389272008
446935713
364330916
337349433
411582679
459019295
338864693
521935807
302126003
513522629
294357913
517972239
441662373
304493446
415334179
388862781
374890000
489616524
427158333
486353853
318945909
504755498
339574649
364641872
388999398
342222337
533603239
483150940
509431941
432346932
496602078
441856714
375232119
519892586
284828403
329753061
375070176
273194141
518499053
506771438
340318097
382294743
427124272
378809048
440623636
486176046
461703295
449586306
342336868
318413246
305479509
505924767
501584904
388459515
309826421
483938909
521823975
299992945
340240598
357871872
285010982
482369695
412834018
499505530
450129855
491746020
523317897
473524345
446070805
387078619
422610434
468702569
426386700
378167340
377999243
444053462
509402030
384473990
270511447
352783452
378444826
390238586
368071772
287958892
368094904
468861382
403998161
415377966
285059475
399111582
330084802
478129380
397542659
378774129
285662493
374326144
422405694
330976368
337299788
353676322
471007598
275020698
296254038
457635221
534946915
350556387
528204165
468520851
326910158
391306148
392128115
295485056
360690712
406853507
500329361
456474222
495281324
350307867
500469451
488570621
318516559
451630119
516011640
393752170
358240630
509793195
453998669
377328692
277065339
345282807
430476933
402730703
509397315
524958442
461909099
459909882
385481040
268881304
293346320
512363256
398714520
368350235
286180330
394106293
410230761
459996615
348433813
494833061
477638566
521347151
467137102
321647383
402419145
360215479
417010853
427298226
327440252
464933725
420485538
455113379
415965806
339995097
490150860
372056288
491920596
458625370
384629475
394007206
284672783
401476696
472488008
412133594
338172334
282205738
433435705
301094955
313083920
302171972
522655486
481653795
360851433
291787820
443839131
379602051
405289484
340284316
311851819
450530629
343487738
302526408
378068257
359699762
407048383
272502034
496210491
304075862
515488624
329049503
414870025
392757154
534341241
498607661
454288092
278163992
349757453
413782426
301027153
498338406
464142555
470817595
307955680
318250213
511885287
383191060
398499634
491201024
499051044
277634522
444375370
429509688
386012619
536692027
349833369
434597991
313552777
514475194
469354365
393978014
328245950
470821246
496039641
397272398
363897796
306478037
474317556
322530578
486264694
434461923
283297260
269137237
526958607
410857680
364340114
284812581
356041402
330552775
415710013
450993489
361452691
309841267
322249537
393634783
532154122
298551505
363803509
317888230
333385731
378338818
512076430
313569960
326027922
375642362
509207961
411959304
449711042
345060798
313629647
504060228
376643605
290159952
453128307
299248148
402062848
464870411
425176220
499559339
466136971
532028631
399086891
327901216
313281928
371580302
417506844
275742687
324283157
269347555
501997311
470424439
366541844
285603438
335059784
356208536
466207904
368759551
342117405
469900270
270547950
428263962
286497018
499530604
528116470
495258430
493990954
444033582
489923667
523981468
407413766
322855525
484070582
314624829
471008322
480741027
299419625
345016730
358064930
334773938
305509145
342956257
438127131
497876937
343162738
323793917
360003812
410931780
400778158
334960327
499812536
477999047
381945868
434217326
301565742
365583225
424531078
284908938
397315974
283992600
476600944
374680115
286768471
295289952
273978330
531545440
459593657
519860832
430417289
384405370
321707050
474857235
387281187
454121290
481720749
369986972
271963253
305484717
522383833
327161589
303000782
330943683
394007336
417335380
317343232
289293007
308171371
390364689
516839968
312251711
391733365
304704574
449945609
442415375
394704225
348289946
278480526
413272405
428735560
523636009
489539445
429808939
364048589
476583150
497786376
308544877
291532307
301528887
534450845
378191427
416203730
394201469
342040607
491734444
410095989
394373619
471276796
333750831
480024021
396461045
290515915
386038748
279842913
445369900
396165262
403550972
392373116
285888737
333475995
499455709
296640231
409348448
422139426
306917838
326911931
284780699
499123430
375609098
440378552
370211172
388820725
458036829
301840151
405882331
464963419
458205667
369263451
407760384
422945782
499088107
445614708
466400371
357724191
324987113
353212687
378710858
425892805
367082623
409513285
288552890
341773460
475812445
440537287
417813138
514658028
388715499
450454925
409089688
296006687
416301818
399075109
433425777
329589567
336551167
293952482
408870121
310166820
323719433
327136596
444020624
400659386
408165078
369916451
526825484
452098645
524743066
340160197
504324941
323670425
331604729
507524293
425900437
331159995
496658365
381515717
368070427
442255817
305590249
471863522
480664833
483966378
535905549
465674394
284490710
504722611
487279666
381312725
319077251
446916781
299233307
333019995
463818536
464621008
272357520
510480583
344410217
312084660
329121283
318937234
411006685
530059869
403974283
278687968
446057188
447699613
495855800
306539979
434023139
509795850
355553433
378974333
379835023
443014501
526598580
420050971
513628329
477801305
429474295
286865598
367104214
524506777
329608660
418835916
520446179
491183655
276445365
325719747
490834942
473422203
274916399
346858746
469001725
386627447
475647801
302985498
418576361
517210163
503549068
381365931
403609299
514229479
279644707
468377569
486692815
396268267
428440059
276734307
300052435
508555247
376578332
274404283
424794910
526131090
430342223
302651571
342525083
381668768
432552940
287594333
273887396
379818679
460142082
305038546
285307534
497520008
314068405
476055718
414696131
399548929
533490569
287707861
497081282
338926215
276399019
520327766
444225000
428700883
348512207
485951391
516125257
432872644
487442940
295713906
456896865
497174582
402763262
320355007
515616333
458475515
344016218
512122543
521779568
451449469
513811338
360972489
353641557
297781202
300950006
443494054
371564689
328496744
516342265
518400758
461287472
346607468
358739106
379515292
466032080
514676952
346604399
355203553
386684133
322858917
307541361
492460100
303734571
337635493
530523209
522028613
282291793
442141873
456629764
518486465
339436938
325166218
343817835
326640493
295255902
335519651
412139540
374966723
307560940
402916627
341153401
418313218
480469517
443895193
403206989
495308537
492290925
403596175
510176375
316353155
522844644
322010162
469697817
443278020
281834700
419029430
299005962
295051574
281595946
515093718
299185783
498892020
426999954
503295284
467123912
486993988
464882991
420150006
326182879
422426879
425724764
533853847
357962474
322005477
299668032
468284738
298071374
536499126
452460775
431648242
536675789
471250850
394147302
280898445
413846159
319981933
507865879
281155224
459130047
476971758
429088614
466428310
283132009
468786063
363443058
297379015
490820681
520345183
364141226
277746258
318546972
491960926
507281318
305345757
280648735
474631748
285653845
296104071
509329811
509946859
446439003
324612020
447982860
507072604
400045985
364592226
284794192
514851596
285148484
380373792
390376500
436586050
508344576
304555037
471442133
373250521
393519234
376291387
472323758
421890644
467252274
330961091
287604818
460641271
435653847
468216527
466462887
509070766
309816238
536098111
358125018
520767132
428218634
359307474
384441976
429227942
316921925
338706437
527970015
309412646
404136868
396161526
415953952
528691504
368315201
356405870
490195899
497979265
273341016
503185066
362865615
339197937
272584158
432054696
525774752
378450950
277559543
475012295
446241626
532840735
296469087
478242182
308397422
412297130
452489246
318426021
425113171
311767825
347994627
394063645
511111074
338002866
406288782
389244839
319890117
349365140
416772459
517076412
313335306
428277735
390970352
524506480
358801035
456515342
430005103
481377582
486638355
499959353
400716903
414712190
287550710
457310235
400826261
338474454
502481821
371292361
483535475
320442774
380857314
516288774
384134319
432404221
348191564
419708205
467524784
434060346
409983313
312587860
409351358
382445865
342354853
288458252
389767363
446526616
330351994
419926512
346494364
340302117
424254857
295474523
522378766
329741030
500312561
526514322
274598242
353807312
326574923
502769557
454328761
500629436
373339353
477432400
375263253
518363372
491499294
362726221
429074926
464664335
274897558
314515301
404497725
388938115
274492861
330591694
403066914
424976386
427134840
472770660
286752440
423626565
415351623
455277152
367544125
536344914
290583236
315294616
306352195
341520736
411621630
338979216
282229859
513662216
375180969
278847946
334117065
411841178
355647587
271118331
373949691
426961103
431316155
428767369
298139676
533815212
308678484
529204950
402724571
341098917
533481319
505859271
307238500
431117661
516021556
360919064
529965179
504023150
453522755
536500038
516088628
453931356
313058079
390186097
365370319
360986819
509244058
344419750
514637027
378966234
406974770
377979990
519844725
300428106
300260497
361286909
406052991
274526573
489199665
319351684
451820607
283544906
495508744
405047529
483241088
448990849
446623474
343238729
370440946
407057268
499328428
293783911
519153701
384240576
271455662
418379798
285716266
305745872
292860771
487769553
423209845
338143159
323443893
395261442
524798088
465892987
469256185
510614612
518584352
341244927
363865042
532824216
373424791
412658976
475135114
519618777
487903821
317536198
514388695
381819091
528283986
277286369
296899813
344277765
302586858
302106561
443627858
370562922
435028043
534492996
371290837
353685818
493357176
456578487
445697399
304557496
448861188
529349808
419199757
411602024
335368293
489286655
339768547
525310448
529506846
510400394
446910265
358647913
379046448
313346383
386682195
354616262
290831727
496019711
489848455
377128495
275973392
528925885
510552417
518927055
496592390
418661204
313793569
354375432
365705175
431393966
452714832
439650682
407476875
302470186
338376769
385831295
382816280
438320866
327776174
485502149
276557166
443033515
344562566
420627523
341027822
429042784
493780936
362773278
408859158
533920597
312014690
484518812
485815833
471786250
498779575
273670424
326189097
332476138
381935907
321890502
324079909
433211573
429643076
373480661
271005040
321096489
303255946
369985155
295721942
483690818
330125343
462989848
357709313
434853809
428769963
286257726
401579180
322283434
380748019
433221020
518211565
509783183
418409093
325048064
329227885
521880574
377303167
473237945
463270458
316765303
514729371
471929733
533652032
476692628
416481787
341999815
505079923
287424318
437903366
283559984
353534175
296420594
519705247
473611942
302238246
469353692
481291590
514346545
401592581
274186415
473163077
519013308
279362334
514880966
353047778
447492037
438663368
481790259
281877459
388353917
351252185
306440074
411615528
368853703
473368748
398908665
460351595
477585425
507597834
518074707
295184332
340352849
311399304
509890403
410872931
511512340
468038340
486039918
303394058
477914138
437095336
359303885
470480185
427119896
404412702
302718996
531604901
425503095
443738793
437454447
359666193
508542065
415570680
412674389
522024246
331391450
338857996
404603405
313817206
423743307
506357084
527645846
461831821
289253275
289987930
458282410
302822491
509389630
432872752
353214873
433976903
380259894
507575497
505354510
444366060
434401455
429289573
483974570
434686273
475213884
303357647
504188555
326161027
488944979
446275400
521019300
445829934
284165359
489804571
371474838
307399616
413602499
349069867
403966384
357349025
467165670
338851223
424363587
339360655
486837815
363472640
473048007
384948252
370081789
396171799
460184685
409237737
471236626
420803578
413307960
391576016
336491284
432967263
475388337
521449780
400550180
396403334
272663269
497560652
376563032
475009300
465531470
438074479
535620114
319423873
525986394
528672680
463593907
397701681
313397445
303185708
273407395
449715830
288437854
285079936
280559277
301946171
434100616
447596736
402011748
413264934
399464911
456239771
479954553
527685623
359442272
406852758
428674208
496769784
517942026
530775681
414399045
351291674
447301903
509406749
295706767
389640069
323952448
513065307
345003403
273057084
416651993
326033727
352610199
367387124
480442530
268480337
409952765
491771026
455059491
339527808
432268602
439811131
411795441
310029915
395467243
320170858
482652422
454775106
412801331
403921298
310448080
297168502
381163097
269971884
407579867
417022499
358156963
306200390
314604161
445116759
387710670
414036907
481710184
440213446
358751392
297424075
272887830
399913507
277306415
319228892
284846314
457827308
480981800
486310194
491185618
497510495
389439449
349465325
528268757
511825274
492947312
488036574
364019854
406556073
351068194
339236497
468911846
473668561
268622385
520714911
408594412
491017018
323067872
382113533
407496002
348404245
323301860
505745417
430485199
287170870
420488250
470812538
394244217
316506828
459465353
412279080
381107678
520600211
513072466
271276932
509180840
339088524
270570419
522206993
291418720
414009286
402223806
352164383
445495641
399344009
388568772
359888750
402562248
335659648
495988359
358780853
330328595
315630218
304296830
419260713
282234910
472932160
502724210
520944034
384670575
364776758
341495789
329512957
338619568
487196884
375700834
320073810
366851639
312128623
333129082
333581173
516402808
289748087
375201675
386201989
401290430
384384892
328300606
493398574
331028368
356897140
442081432
426119349
472707786
364203838
434050812
399223927
513592716
394441784
357960825
401264519
445047188
499652587
333375893
318896002
423422459
361566408
335873247
324550716
529714659
338526106
338982135
364067003
462775282
456836230
369222028
411171289
460546853
499011772
326467706
532225340
349355449
275508572
270112957
407253098
511248122
409238573
298319546
465571594
353628886
509614682
356399007
279826851
328803092
432054750
434172701
366739577
433355325
494780599
470853947
513098707
498045792
277090453
331995879
320045288
383942992
390513628
406094884
304241284
482288967
271477139
444533293
304674459
498217408
310649529
428120409
525775462
449768463
443113989
511029504
486775027
529733120
407588040
459399640
365520859
448702526
536680109
332527713
487459429
461973551
381492240
461814426
427233080
378168075
514470604
353835910
414418194
325849827
290710870
515880285
532543337
367360569
454417867
530348089
285512352
279827417
500325819
274427123
534534966
327300387
394989235
467612759
284711842
329111491
464992714
459059720
387230500
456535108
375323686
484008109
301089437
372237978
303005563
357502399
492737976
492244981
327436641
441696294
285016797
275398430
377155316
273793193
358884577
282535630
343443896
288168751
480018052
395347827
378793133
286701108
380556700
275418672
508747405
500894820
352106441
464667312
496842753
335063523
497602561
269047211
288105745
513370430
428725950
279271907
315725750
298250328
453637026
311271621
331859920
330574545
352290164
433895779
281680327
278581806
332418558
317857684
379370184
456006543
458000107
485125990
347849815
392611387
416388948
303510152
474382511
274748045
403870680
527256132
319702827
419390160
404027382
336959092
336885557
447414389
500271997
402316069
394203420
288282455
440575781
533422478
429889822
374465821
434905560
288264812
411364759
292896360
497361957
492346260
513801637
463073942
534371606
286255472
424132876
484094042
382763906
356211353
344677796
343845213
440554496
475261865
412736006
503630894
445942345
430816778
509802613
280024754
531232122
459991975
512343456
365526902
449852515
483492861
291681772
407171036
526155489
376909419
443763181
483603898
418553434
456649003
320381523
313237887
356434292
484318850
491331408
338248161
377789207
401164351
523849667
444739821
520528671
306079792
536159924
419729477
519766164
488788638
271611913
467133288
476152064
504832756
375303312
281197095
289290857
533071693
462420161
330966232
409062102
323904222
485219972
466238214
294006732
297501946
303825739
298487610
523149153
350137870
535486064
452120731
498070668
458421560
525848993
534505880
493470235
403606539
364841304
448467212
509133308
433901586
342664179
435845908
355621287
459167599
290555332
511276599
476073030
370821200
318389468
457159992
301383778
472592447
463967193
430536603
408061503
441633914
282788021
458466614
322768260
511910229
368775242
532707665
408015925
268480658
404572255
354625136
338990186
378442755
273169159
406098218
348508032
516370255
536806535
460220390
272566899
314702409
429564845
327252954
425536559
478885836
522302552
439998141
347189629
290020896
379656660
507818888
406539146
375859862
475311399
296873138
494741234
409272194
414284579
449465125
499771371
318388129
408119046
369729194
321358205
441687328
324012922
396336398
297892990
418869205
451671316
348634915
348583652
350219433
289786637
432368653
334412157
498831307
448731501
361715008
426950189
399865656
471858718
446997278
487880425
506496104
331250780
396048927
364807327
422295474
415794830
334624345
383896068
455182030
460692617
448984398
502048075
474566244
271978853
293580289
283940587
469184492
416831299
468059870
424873221
477194978
459212548
418670538
437414866
492974290
392050624
337607068
467169866
416260421
508359843
347243418
516764552
277012680
408753530
359468744
530609452
512739269
274063311
298780303
502806715
290024960
313875539
355837624
491791741
367727988
400051337
367352957
465931528
362728970
467409519
308923603
295900063
309194289
341943540
361838775
290302872
441794648
484565032
327126325
275286953
402306127
427674630
509268673
411179570
474350710
305450329
293106286
399912161
401207387
396918808
520290262
298551156
331013762
285568027
416310976
324817310
283433541
485498577
536031824
274797931
296213174
371643541
487269977
284145133
372012868
391163095
519946958
414056917
365334159
357513031
447517316
495197686
520457676
466521269
301680450
342144083
502904026
440978761
511725330
283265773
386548583
274855413
279728419
411004431
435128046
312242854
474976111
349890945
436150135
300647649
510531819
429028447
481506946
269822741
315937643
274838081
416930759
282870853
318324556
435200826
327014613
402705567
322324025
501320590
390140460
470782065
504275190
331853075
468650633
339413045
493470027
317681411
435448952
518258244
278178424
476539150
462366662
284406880
286553924
319103132
508116962
388023219
449194254
335837086
417667845
384321052
369460579
411678792
407881761
275432220
380101641
499439122
381385634
367180101
342045926
279918746
433211352
494353727
409853783
528974482
287543263
475859751
494864835
417292886
479220575
450633521
376834339
436891055
305787905
520544129
528245744
383789928
372411738
396529758
380548093
455271653
282685136
370976091
386711623
517472858
294652115
520158199
328296190
521895552
348592194
387731848
507371165
317192096
299936865
419135573
314930226
443210353
372013995
444714927
469660178
377778310
413000596
517606647
314153654
441682841
412275352
513733355
311649462
506185160
436343638
334686962
329168620
316434373
450519910
458301790
392288025
439493917
506849975
313373285
428341251
367880503
403455310
327793841
326599695
346029584
364555220
531823976
438679212
445691933
437646197
436374559
452797507
353979397
482749091
475245934
493997685
386085351
481650508
348952986
364108902
436279318
316167170
475286659
291244040
480310723
434435086
457091511
352779563
330129815
425251326
536287711
418387435
368557778
425281709
496432280
291180322
464713559
426277240
418816331
336251104
441276649
457022040
285166107
513741816
528232263
394260358
466569503
341244455
496632982
303779598
511013543
335298892
511636673
486756185
432384428
526004062
312333243
484697127
295338875
527711849
512113089
321891971
516553493
268591204
524215311
293327901
466641545
396341272
414450547
333268530
487610967
436734569
517343845
386351789
531969419
430366439
351827749
503509055
368392478
379362968
459797897
481725136
468913784
511344668
273613834
464904023
460201340
329336757
289635937
442769450
477306908
410947530
470294919
332925497
481741879
413613096
337459244
357834495
353982859
366406403
397497154
392304995
536360655
302206633
286364991
423070024
467190103
520088961
351586819
476204330
328816510
518684778
331626595
439251739
375309382
485893275
334163754
426085505
280081108
490329941
386937519
456663599
485348677
452726665
394329669
454135041
295617538
395946331
318998144
457761798
463715356
438958256
343851881
526191689
437766777
513039617
361834920
427846538
487903161
292206283
384071846
535801395
293601297
326277646
418887204
323844166
359689804
412702580
461716583
506529202
322926557
389276644
345936816
452854914
337605689
416481485
281316653
326107712
496932768
465127799
290328669
480609656
327148084
456933025
421060594
276607330
513017370
313301334
366151448
341144907
368546367
355451831
485078531
516700709
483480422
536101454
352955374
502763064
336250159
349542239
453990181
345565978
511124859
506283400
313189573
327238843
464867455
273775894
433902710
324442432
391755430
450453845
473463736
450299540
505837461
292229575
293638418
318301035
430265475
360433141
522932324
487851793
302024778
447223639
381685198
497712621
405022924
486550012
427320475
507679795
415252123
413808649
383507816
343250099
431880618
448053991
335240890
351800073
348793052
405799312
319900275
399814592
531079669
270953778
348325496
506762888
470662702
519035742
397663716
483569589
394044508
513144915
535118755
338761468
467537741
526345959
279099305
304930239
482255224
433525628
369339381
454067150
474263971
521279772
500675345
483137729
399217745
425248526
276098627
379582017
427360973
277946834
460030802
527092458
402335755
400135248
474991959
284223933
494086468
341146657
272091813
290535340
375429458
371028107
474005475
522994331
471833077
475227365
505658547
362185571
382754249
297453026
413676818
485652168
475592505
458937808
386932160
513691373
509919757
383804469
516452496
385383518
300216366
328501839
482710484
344718373
489064864
519885368
517840054
363458783
382285467
391533391
345182851
399888332
534098288
396284687
518322103
309286296
272911684
516790407
298995540
286024036
531056407
476471839
499379035
339446279
338392970
319841048
338086957
336226491
379408869
392014146
282777821
341851954
395180512
334168828
502440422
458211402
521095703
438397828
327167990
332636712
298563679
507235380
388976911
304531750
508611081
361271498
443009856
517494862
506835411
400127802
477280207
506326261
382886132
295834203
316816129
446187003
461294200
331781258
444110750
437724260
518940437
523109214
314282323
417385735
358556401
289237153
419368973
398712590
490139755
424611755
292384450
272932595
430022917
457850448
445141185
516042331
422174947
429924760
405022944
480184273
386307685
377213505
482511329
461284751
357099835
351218333
455337451
302680263
364773308
422995647
473667832
506965691
324185611
377250348
362666082
316234837
285815886
509226341
431104190
457586030
476969790
439803673
514400211
439237559
366220753
415349569
305651982
291128386
525673864
434542725
302850632
379120743
467625054
481580606
379216697
338522353
269026034
364312190
355656767
504816240
331514773
326751514
348919412
329147158
289191299
443151321
291071071
330231966
428671180
340997380
296527478
278767729
508160196
535062825
515668265
522116458
511361459
464842372
388309504
417064786
436830948
463788634
372308991
474181225
341923769
383717020
422256658
433573860
409027027
293368672
466433301
415814650
348582578
276560219
504988622
289387629
328909485
530479897
371100425
377218188
373151770
351467179
522057171
436717482
487494919
467566739
528479195
397190038
530198092
512021649
380742399
420827004
499783793
408386917
387263134
418623775
460100642
332937329
440476842
482615868
499531333
437143797
488532387
413644284
317790484
430891158
403433866
318607052
407289352
522664086
483253775
532934461
449740747
383424988
383138722
399529813
387596569
519519222
485952304
443935307
283140084
293003917
419078441
269126337
439366481
486407988
396427784
335480944
356389666
311216469
400420564
451711159
313945879
374503580
514163110
336917967
321056726
407856183
331084717
342746474
499252999
349830924
385673851
522153815
389048321
517792803
299710984
529839384
494711808
304304366
456867875
406699691
332176621
379749802
300434021
478194014
394700352
522586600
494709756
478188369
478891739
371736335
376577567
466080963
408782680
406554976
410224812
394829782
425187475
474981581
274669120
435895101
510525109
374379272
414735003
432914515
417916178
374071687
278579016
390725772
290846302
411248253
495936999
463358192
523179183
486182217
408673402
311376597
319639830
467698517
486190961
276286122
502475929
503707328
530226922
499341819
291116857
528010357
464969800
363487998
514770770
276748873
518337033
348540969
389456379
467090163
390621527
444113969
319373119
325715532
294347888
415840822
361837331
340978704
291722672
413113046
358716158
327366820
491757880
447647694
436462848
513213146
430172748
302383302
424285617
385553552
345673136
348812161
383017796
402473084
437376074
312496526
433285472
277502135
409977663
433274830
507796429
336799078
353680062
269754582
484871557
301054744
458258755
311078881
452991807
334249208
284752206
385989421
331214848
312984893
335183910
474940025
509287892
326391400
279998438
274083180
496160851
386545307
529833626
372093713
527332281
469515296
429199605
282027532
295600635
409026404
312116478
436739892
377399335
454497409
373136280
269559625
491872596
370484518
349441273
382003252
353406277
520643288
282091497
434623058
287556406
474969787
388783461
527217247
467975359
480502466
415240966
340750768
445295626
407822341
270970821
383211541
273460222
405463216
404261090
404866266
480651298
401893560
446618920
523035115
459131379
305228236
512778289
516822838
535734818
369482322
489998240
332035526
372482043
401339806
335868205
361117568
510378688
332738748
473460536
471652686
442268158
491868743
498934375
508068390
441680524
502200892
515478310
529600330
359418968
435279477
360699526
505779014
402094408
428434930
354192359
440840207
306730911
354031166
271003213
394117304
339395684
478649610
344867843
457144804
534685987
506389328
277907507
365578929
281945878
328836518
269521729
291442388
453058851
399448576
340025732
531916825
306741786
459617932
528312265
338377322
452742262
449678927
503143126
385481938
317151516
367530858
338359750
471591899
471274447
355382519
424090882
453550593
413120073
431371774
331028177
427667457
387217154
406539234
318280177
278212918
495086342
408777790
414088294
382469679
375439651
397986814
303688417
527793412
293540780
456334712
496832990
425505084
