958993442
904047174
815930740
916656913
1048810889
981822220
845157696
1031316267
1019424426
975948807
979271614
1031398441
962891547
891612063
818318744
953116804
906258779
856774520
1037385118
952336153
845063218
1014551751
827962129
897601194
860509883
995689725
1070672439
996230867
903556753
1018607771
890268395
835470400
1073120942
992728454
1028642031
891762652
835138094
920925490
934289379
944699537
891130440
980942122
1058938782
815812337
958573876
1014772812
880223614
880634216
939182324
889059294
938584379
935096177
856192559
887218908
1003328853
980448656
816733485
860076904
885023377
1012577338
1033619867
821128570
915510933
879878868
947218850
815225140
1054040164
847397487
906148770
887205230
1017151972
975493478
885589183
1045138126
828043631
841656258
967617922
869498424
1068873500
883575402
943049893
843002941
931670594
819076788
999708311
930213300
862908761
855581849
834435189
909591671
1060055875
961456894
828686776
925189341
1028720907
961972595
871335928
809168106
991861836
882886849
1067806774
846346491
1068001949
848111284
807214336
1014732987
908673987
884350884
1021019671
849431528
1061881514
860005335
980858604
1029758450
1046592599
881308450
811089801
1072763781
811925553
919295074
816673166
1050748135
901425158
930740248
908509886
903860708
846907499
960293484
1019445910
869834247
863631884
1006776975
1002337268
948751183
969994045
949452212
819381803
1007622326
1070186252
974478629
813066780
871253471
883027907
890199417
1049848888
1013883845
855013672
829128443
978738926
839591480
853861719
876200166
863343446
859561929
863024606
889461110
947050999
996436357
1058710892
921858490
891922181
811950965
967133158
944648246
1042531490
816157873
876821731
985851045
898066911
1063070274
888228481
850624209
1061311735
928853847
873868392
855450230
883339414
806941858
816516027
928946361
842756575
832427244
974780320
1026286479
844220454
1047218153
832555627
862758146
1015744681
959785310
835196007
1066657111
926883722
823347895
993132717
815971642
1051990807
1022710734
807310896
865626565
975100890
872566074
1032729637
1041361844
1043092960
909637460
1006259009
919678133
826810580
1059660969
974447773
1002011447
921666000
808760527
832957911
860642939
831600887
1012699725
1062855384
875352256
1051694592
967780454
952577214
1024689969
951652115
1067342438
947375067
946717003
881777785
833873834
880454441
933158033
1044309483
891022178
894781215
974605062
868126695
944523620
945492319
939004931
932797443
899397997
1020349938
805496151
828200358
843534151
902019723
821578598
900075724
1013022865
982159633
824195729
1008626541
1021093595
820267509
1013096310
1010498101
886096714
932133647
1055433063
921918941
1031839474
807663342
914528260
924565023
837151048
809920899
983632301
946435212
1067399447
967560192
877301691
863299848
970041845
870454423
957276157
865695515
816261215
905280688
982680747
861469584
1026231516
1062912007
840471391
991299281
859259527
990590255
1025234160
1045399285
1054532625
937241085
911350623
884012169
917327196
852710527
992273928
916454784
1053993739
886633118
854113521
867999849
810803689
1015808518
875149719
1031356476
921190213
828188804
925824059
895791869
887935190
937238641
991034809
1056335070
1064882563
994176919
911784180
909823833
903179474
946984192
840768402
834915869
978385772
856861762
862817519
906323997
1025027019
873033949
963503205
805350350
911287003
983884534
868127193
880859232
845808130
978396062
915225623
921455626
973505310
984317192
1049969406
983334569
978482004
984392625
819008256
941892512
957289064
1066183263
1030563068
842859249
974791095
1031033988
1056103605
898114094
882365304
809032192
883525212
890567982
1050732047
939125678
926240283
1018268421
1007877836
859631205
990483326
891796517
1068454275
1024339569
911429635
823473772
1068054357
1036969913
829444981
1034341438
955976189
971003789
1011768029
840637207
1063607498
955852623
928676944
1018042142
890124437
949338173
921001577
1069180665
984330738
1012698514
841301013
942253191
1006379882
875959663
847170631
809777652
938801925
902480626
912168914
960073143
828376512
978788632
987602856
995209534
995664139
1041995047
878907710
978333204
997676779
1058889480
1057564569
900982914
949834362
932737666
917454961
875037837
870766472
958955373
836402882
1052955525
819467462
916697019
896514637
953510851
981277309
831683215
902609157
960285185
865909650
971134778
807295663
837242851
907222213
1056600742
968469678
1048690744
833830287
1062202879
881215916
1014133769
860157626
962544843
926939339
911416174
935017448
1003572022
808471161
826850297
1046792165
849414723
1012025306
981059006
817100862
1042630040
1072177372
982223003
849111693
970800905
868978114
984695647
874269133
844805144
1005756192
1060427860
857955454
868567910
823838350
1031333469
970797017
890413502
1038077707
1028597173
836998387
931070286
956385091
827228743
1043613556
817573178
897283115
984834194
822527960
900590624
844419091
909013350
958941627
859405082
1001026875
920302220
946554133
905690715
1066078644
911384686
918568676
857806397
1069815768
998338123
1037536227
840870755
886819110
1048080188
812928911
939205140
1027453362
1012239323
986918988
917535403
914843484
964847212
978149080
1064537796
927268005
958356755
867932750
1046723301
1052907992
1057270787
987700064
890295297
943730178
814192921
858812253
931323229
963268283
815821891
981002246
853934008
835599438
886113954
1022723228
808579901
862467650
1020940780
976990346
940720581
875737599
828563027
854274833
951739487
981065647
954662095
973498822
979663742
1030624604
953522003
1017385290
883375136
887541542
1032763844
813183223
1041323006
854014494
1041480074
1011095977
807151056
861844127
921036096
980238335
824333947
963299271
883522550
1061572509
849030644
883074017
805701088
838975032
994823388
850727225
846679467
1010301411
1057043565
860666782
837783310
902870543
921833386
849390853
1065222466
898535212
971219166
876564558
1016696065
1020920915
836136757
815526013
839433618
816414148
891867894
1008752526
935593516
934938705
873696895
971066396
912605811
823011461
1002620124
1020894135
911118611
953592744
905146208
814162055
1063096686
958126016
1059797049
885740775
980679376
998158371
1051027339
1005239209
859335933
1018120159
902187962
969832667
874633741
859562556
872798975
881353091
1024220586
907789357
923952552
869410035
959471228
848105427
891956266
974623751
860261883
1066439749
837207694
854495254
953758035
968862297
931351494
903743230
1061442160
998111221
1065180986
975229907
887362144
1003308097
1007231404
855535031
1029375353
1036527829
996376284
808918903
830580594
881576042
849562917
901890127
856916908
956378764
887466282
882138473
971842776
984486534
913884777
1011895667
894000514
1038465675
992239695
1064644826
980610142
982707478
929183359
876226307
807817106
940858528
946719223
941621056
853587235
910699191
1050106285
1059152520
942658477
813132583
1058626861
1053379536
877963821
890926312
1035032266
1070864704
981370387
990071076
916016800
809791410
1033528734
902038019
930970685
1055806418
1019633970
1044540033
954017684
958991635
925470049
1069705251
1060374670
825604285
877357399
1022616585
1009002207
970946333
1050745351
868450967
1059791705
910782414
906329919
1036733428
1065509344
1034813313
980085250
1046809900
1045782995
1028413927
920673921
958448388
1058990831
1065151297
857767094
971989083
926267069
928872437
828278502
944667778
959430146
1015709101
984418189
846259020
975730713
875104792
926954336
817652553
1070100826
955298765
1056144407
887093177
965819826
1018867214
1062757171
833874501
887062541
942785702
960377493
905816752
1011595445
889019225
839384127
907874856
946644428
829919364
1043803342
913175449
1052059030
880548032
808173521
853861605
818132743
1000510349
844974222
893229397
862400707
960822756
912994742
848584994
932823791
924198842
826592798
815784873
983195728
820668840
899045419
972028095
1064001436
963230655
989077536
844199999
850913487
1016611807
934313860
917431993
820525677
1063896088
834230151
820290142
901504147
872006201
971252552
820903706
982194540
1013669685
965676829
1065524268
1054332726
881142263
997067750
896453026
1055466206
924374266
880492332
823891163
989155842
982129861
1047804368
846743291
1010423908
925601706
1006941427
1002740599
868019942
1040043867
1017320597
995695202
1013109320
868315277
856828577
854246913
1051221408
865013196
1004813310
873330144
825388482
917945215
977975261
1000216304
1003003293
1005324074
864554423
825428901
845159679
982398191
1050250780
1060082809
983823644
939975130
962620794
812216633
936484997
986916728
866828840
965043461
835325892
958523745
810128470
932311388
862632876
856414426
1021509407
945190827
1061558045
824811975
839226708
842738440
889398337
1014605373
900513818
1041006963
982473079
942499424
894414315
899519913
968846840
819114720
945322193
969358668
808796917
911091001
975773739
912572027
998201814
920037209
971037931
1032850338
947199860
864978748
911260882
1021001649
959398840
1063228505
1011086054
947272605
908091741
941882266
925572856
1011363171
919048950
827410945
876268663
865399830
915368334
947554360
974185970
955417476
923934197
894373028
972225110
871760434
949485778
1063829661
887165759
1008376585
977864016
886890580
887532613
853462935
824089047
833732654
965048668
976393804
1024039746
974916079
902333767
985236711
1042177826
887152792
928599532
818268644
993579962
815325720
892970542
1071309100
994009029
845973914
845344558
817812013
1052705146
884779296
896851593
832992922
809531702
911612184
932310031
945563207
888256707
979833832
1019679086
1067011833
821155706
1010152093
1056200486
1066334786
995626695
1025065444
968797223
987184070
984412224
1064042195
807922097
860007108
889379564
1018379394
1059901641
937011571
981452318
1047977022
824656528
967592782
1007352663
922088893
1005086875
813299307
813742428
829874270
858617318
970529388
987887320
902223327
1073224926
944155920
1018275274
904577464
894195639
891283642
894101286
842668694
850614005
817395387
883258249
958253295
818823594
1058123572
890197897
1027340571
920711161
983164882
852161761
1041637754
1038640661
895324738
883801820
943573355
1046596358
966112168
944045045
966137285
929426254
832527662
820965760
962874882
834592521
865878404
825306063
966797488
918304619
930718976
868882714
1008456805
1006461497
1044515579
930233975
882740688
926797541
954001165
1064679951
1043179974
955187642
917145321
1061077709
862508111
898172845
911894244
940707499
826573867
881392340
942542459
1033429515
823158972
805807478
881230017
872914631
881626922
974015015
1003289737
919920113
1029815016
816203120
978246819
896456659
901242020
1024918876
809689722
813621938
948163348
874246356
951545035
1034353343
888062856
1020937131
1054138150
813242120
821368559
842952564
1053657460
991709739
871886648
889627976
914988073
1055886076
996807857
993294359
1024930924
1025024590
948701974
894018810
1071132855
824034471
822907584
964230657
928071182
956318782
853722187
1050392155
874040433
815321624
924956653
861134641
936972541
845751954
994462330
848553719
848355860
809264498
943800592
1018252725
949398244
1058701715
932720912
923325329
866612643
1062790390
823024747
978401432
1050741301
809888849
948906982
956119229
964262906
957489338
944360291
895839953
814652300
875221021
814232904
937885254
879386503
991264537
827308900
1031085048
1073279371
826132799
834540038
1001430418
898215465
816306872
911453526
865701063
1003078497
904983073
1045157003
913229162
1034266378
1061082346
880920670
1002655777
840564509
928468875
865624894
868132431
818662701
995758741
950703558
949397613
960699438
1056523294
888756561
869188632
896747845
1016797269
961383033
862305403
993118629
1071588149
1006601831
905603468
833692375
891689306
848289727
1062165182
994918868
899597603
924562929
1055136886
888010169
909531699
899059448
1015161038
872891213
883416226
999328873
1032145162
960911722
1006437293
910992531
935765338
977505274
933212786
898465467
921952801
859702390
985987171
932982891
859008122
865836852
815248952
885066397
1051075901
1052602486
888548677
1062080808
879683771
1069478995
955301335
912003007
978851687
917542638
829610983
1023363154
899741362
1033521873
817553036
870336635
916988577
957320841
982443238
932354255
898883881
997460516
853590007
858003690
1043492933
1038382716
910179408
996050168
873831552
850033210
927527872
841520971
977913884
857970299
921468846
996030498
1010353862
988251591
868939013
890035174
1031285083
917091744
845354897
961736689
969156799
806611797
1054872377
1013365296
992195905
1002566004
853333704
1043939018
995399644
936757710
1004164503
951829265
1021522763
1044644604
991436943
852704084
904466026
832232822
1036487397
968418375
1046899329
1018991380
1057347987
915997311
858063284
997774892
988302616
817380629
991190301
939801379
942082753
956112335
1039043959
847600937
1048020178
854868929
907350794
993996594
973442146
877455759
1041556893
877794187
1015889826
938568688
1010442610
952401174
826449166
1053318985
928182632
1046568242
970982043
1045622176
992378654
1004079642
870537565
811644883
933619965
1028133725
975804596
809526838
930968936
879509256
815041966
856734704
1028192580
887070285
810657776
972484894
867586408
981091943
874554578
1067077574
995370507
855012661
971616605
879482190
847078327
966518947
1068619576
851147070
1000600610
813141681
834289826
840453200
870684779
995397878
852492597
1040982950
884967336
905818744
1037995884
1062407742
986091381
973859353
882731751
848191072
866495990
937095764
912937565
1059122372
993128811
870760978
1039254658
994376025
860942847
905145897
850019412
1065833728
941209975
876347254
988969229
864219507
836336110
822277429
1023060203
926502266
1035558258
1070102259
917626122
828340232
817420258
931901177
911072622
868800998
1003323982
963153809
914108575
821415231
838497793
1039778560
1047314428
819242290
887873271
944834511
877700221
961455373
852088636
1004632970
1026257316
929766794
955670589
1003738309
922664496
1062279803
1016197287
874699791
1019894548
875585005
916302410
944707107
883716091
822329681
822411150
823293035
1000769351
958128304
831754639
825479584
940147118
1051597924
1063453189
827629114
1062567833
822286701
966072587
862300349
1020821672
1017977060
924520187
942865303
1048692014
1040002464
1054778796
934123007
1037257199
916866368
974470819
1039401740
984716982
1070094213
811067222
1005345268
816851598
923503868
1048254104
1032621862
808871881
833551558
943248302
986851772
821030239
1068892929
908656260
806568616
905701862
810592413
1051108290
847463446
996202565
1067547906
822930889
1046801378
932128538
1020996146
869054286
854975102
964499793
1039235924
1010812602
1035165281
1019723138
870749141
964931160
987564774
955988416
878482846
969366609
1021417144
1069485801
957399711
859731205
882836680
817369013
1006697886
836841759
814180479
1037123538
844266499
1063066784
923111668
996101145
872527247
846444621
912351783
923637653
902109392
1034517224
906782180
940014252
826924442
971071422
839990995
909845276
840442020
842188484
811607038
868174402
978946876
1024577329
1018067191
815499167
1008688135
998212968
894275881
855541361
973191087
1068503656
1016381981
982167090
838120626
1072414213
1064229676
1012066470
878377442
818068956
821242234
1035591551
844611579
934949662
984087295
977033829
1031836050
872000413
1000340583
923998093
833081162
1015440022
926345228
887419488
977307214
850067004
918103497
876609576
817962816
1044741082
973660182
1043676097
1067424480
961724021
956018570
1025038775
807143054
1065911725
1057585670
996135107
960970761
939804628
976870044
895018892
1005407062
897226361
1073526806
810933720
846285496
897694391
986199282
835340209
1019637934
828039567
884419390
941027845
1064495606
1021892409
883039280
1062288112
879793128
897029330
930149496
839197238
1025354706
872400274
954671921
980251844
1011532472
993377015
830948941
937895957
896920252
932168379
983879043
1004511409
967865222
910987129
1017926032
1064065382
971262755
860437092
817508553
1063938930
880962251
864696545
929819921
893910190
889377137
944658893
811667836
967763638
936657973
974208153
1025571411
1027184942
824117198
971905382
837606550
1020691252
899853724
817156225
977179682
830360968
995896445
839310586
1017037672
932924056
1003955525
946105984
1017358621
1048328799
1045322927
877640591
1053663980
955627871
1043007554
1061614148
890097099
893983355
974575823
875244572
1022308233
984725264
816131248
971047091
966386114
1034926904
985768759
1036915735
888094979
914845573
1036899539
939654764
1002841442
891414545
984582752
1054192508
906608919
988466375
1034958101
900693075
1021323367
847857714
1035815355
928985545
893016459
923855573
883988439
970332743
1033341554
1067360048
875522530
819054427
912082120
1012402009
920074538
1071917470
854572963
1023194019
920195351
869737025
947203745
824354418
998484273
917386126
858513663
810668638
1027658570
838894820
866759061
1062219547
958112229
925342172
871628187
978655081
808562993
830831190
1026563589
908442177
834866749
1047539761
1005611571
846762269
938754822
979254235
1046534282
939301082
1034048759
823509457
950952535
856872315
863125085
982900085
1048089434
810202375
1054006674
1056187090
986267681
1052645612
921883056
909818168
842870568
836078394
822159958
869843122
1004444974
828426856
863715767
976670424
974927884
1021828094
846930652
831198598
884921688
928169753
868719998
1012550384
879277719
950236228
1072547312
965639779
861980523
1072318833
867665066
1010949123
953528726
908805281
1054702907
865342429
930891885
917615741
962866583
1057175702
810548581
872114353
806080042
1070490469
825665178
1039839229
813832144
819096513
807305851
968026555
990499141
857687079
1018971801
1030491726
953106708
1055514063
822167046
981616602
937765375
1022781066
867137216
859313485
821618576
879307515
1042873061
847160641
972853324
1034051788
967973572
827704948
992853375
816588633
862447841
998424938
1010964468
967972723
874097407
943571233
836400922
1049909076
845817091
959261582
826825094
930714639
849933594
874650901
1001020336
906241079
1072076700
952513232
833538620
883263678
922545616
828429760
879683523
982010878
898522926
852280927
994480124
878633410
1066542936
976699070
919194778
1015530709
984456906
843618649
937130128
1045500372
1049121580
976461871
1053689856
871547850
1048834714
909373515
904578675
1055134575
875834547
917748138
829192157
923638585
1019050418
935803731
991083804
967659076
818754363
879041819
930069592
1020840216
941225097
1034240559
808800732
850089033
837066736
844293389
885789931
1015842167
1053767143
907396663
996242630
816733711
873814185
1056308934
1017668341
995267078
1033506595
840164166
999797846
945234872
950649095
898290014
935819227
805375477
1063514348
1035861601
857387990
967279259
844608895
844605199
855925626
826626754
1018898421
822535836
1038786924
896799311
871793386
1062566376
1013662066
1055387755
915873703
825989373
1070919838
854111340
950965148
1009572575
814780314
969340116
915710908
865738914
951202890
954057430
1025505362
999905586
995083757
928934281
1040491770
1026525317
937250604
1026175271
934901080
1024874924
934969600
940075398
815521234
1034382401
944768784
984572724
848398787
933808270
906252174
851489257
1026824460
939695989
1066616208
950665214
955153223
1061555726
948114033
996392321
963795156
999099415
878683937
864141200
950152314
1012554870
915336977
999201980
839940722
1021308101
982433347
1026268211
1052736761
988492215
838779452
906656645
1020579739
960509906
972470475
902925560
890879959
1057845822
951315500
1013715982
881318293
869454518
1016543134
841969513
989023986
855983112
927199724
1008404220
931350922
1046633327
933723555
896420071
934956514
1007107689
1045059262
1014895240
861933272
970165227
1002359921
898390707
943180888
918450433
912982452
1013157293
886832790
886051869
948582613
981975479
1025373422
836133535
814353838
1018170855
907215585
864768006
991590182
964590725
873386091
887538635
842332325
828705980
925128818
981316467
815333550
1014429316
968679218
820520534
820646169
997367095
817315795
1065224782
1042849221
1030461533
888774424
1044975185
832189227
955629280
1023627547
1001784106
1013882548
1039144566
879679248
1048692962
811724444
913556404
930659693
965076001
960102412
1042154371
1066717370
886818960
1016165571
886718261
1073470697
932297564
910575624
980445133
849373800
921189809
881794718
823095000
870196241
880973058
919482022
859604531
1050155389
966377263
903089137
1056244962
1038421424
966265705
862375369
975208384
1027466295
1019938678
962192833
970052016
818469889
854922362
1002953623
1015019015
1053513074
967384510
1027057060
934088413
822186804
1051831773
851532147
1014544015
981041942
1002372903
822145111
991973325
830629909
842437987
923330552
1013611372
875391259
1006927284
987531886
1073671792
1014030814
855628357
1042218226
872786000
866666039
836469534
965515690
889430154
1031749140
832168463
989864003
812738827
805811647
1030108604
966015051
968725885
830759816
1062614314
1009629674
892077696
978880029
926732019
861175385
877914936
1064676865
1015809805
856363957
880667978
963361602
1030119941
946530503
882124112
1011581851
1065080327
944942808
1048370438
1017246929
808158082
978398591
878190002
1073436068
1024657303
820719071
813887663
952025492
910080041
1007988647
834688820
913904853
869982091
863772348
1025817548
1070819762
833474161
1068614085
871919825
849072778
887598929
876519193
857490119
871196281
835859955
840434612
917278847
972460472
978429490
937298767
889476835
838783615
906954161
993191339
1016817129
949182458
1072848890
928760724
823428287
949916706
977603426
934173963
953813497
933853314
833700911
930547780
845686620
976489871
970682633
1042941589
1012152492
899702184
901147511
837362433
839677888
866170984
809399762
852385504
890091125
896689399
870669558
842360005
1035629235
817182497
890642772
909443558
881505807
926660623
992316513
837438765
902043042
842539949
1008171696
1008171978
889122551
941924733
858885389
808229557
836807774
866912006
1001850892
989232151
974774127
1010530591
908928095
1037476517
871392263
948337000
910360636
977156478
820577852
1004209916
813310121
1022038608
978554741
869496746
1059743442
831605944
969675468
927389627
885309397
907845470
1050836141
896986109
1048983010
806773325
931794670
866618159
846066112
832401587
896290968
970616308
946472607
1033863708
847200649
1023198642
1015690529
946726199
909421046
1070486727
858819559
1027281122
837847282
871999619
928953527
1041133711
1014069607
914000701
807994891
976046178
958279227
907832890
1035758090
1008045127
829969640
1068634767
808232266
968461552
842910432
1049330178
1067328546
988339076
923888270
914694060
993649851
848171203
958570282
1037568356
969196390
875140517
888374580
919074389
875306140
1061405227
875047864
817230663
898097493
1056092446
849375474
916647277
1043490945
834180136
933226574
817046318
964948843
887102652
960346574
916879526
944194609
825206993
821495797
854850652
882979326
1038478870
830000548
929202732
971755088
840003863
1033070163
1071352198
808621694
1044889338
1062637955
1008585371
1002215221
811602748
1017565620
914145363
830384951
872071130
976605152
1041733747
840930850
892378739
834507713
925774923
1053873142
944958591
988069677
1057848135
1008154055
1013395556
919757258
807041004
986128071
922136030
809350310
868127189
938886428
820490916
1036075735
1065780838
819895241
885920691
922493701
851827833
914439034
1066427644
1011441222
922747041
896581625
809318724
959674969
848831844
822188350
848964151
1064113543
810642897
816331877
1039918587
1059884277
967357545
911839174
1054205438
914971127
833588232
831711046
951507960
935524751
944691114
948087601
965237738
1030226881
890322951
847649418
963230532
980849854
986929947
953835151
1059344163
960556922
866905641
921668305
944847592
852382997
932669945
977515113
831153564
1037838452
992618381
910118210
1050100409
832852693
905401944
871994866
866767846
869950168
1069751137
1072202194
855948729
978991482
1050904244
967331071
908028708
978614473
876648980
1064764512
941004212
917208880
1048243968
962751135
854616241
952510649
899982301
953468812
1015962024
1019509513
872032746
836788781
834632294
806397240
867032242
856629481
879419436
841144172
939890905
855669580
883980297
1037382520
1021928540
969164465
917513247
817538560
923093086
929559390
850522539
889714673
957646306
1008278185
957360921
959078278
1071106918
889610024
964647734
874139611
999057036
1035727370
1054322112
1069650132
1070398067
968800696
1011806096
959375942
851162943
838969246
842746272
1048271961
1010625469
813676657
972751903
895380041
1009485956
925998676
1045935469
1007642880
919054636
909602399
1063595812
825356732
877757063
895757434
883907568
827492196
941692887
858659965
837055536
810429337
912789184
933718825
907752015
891768317
940255221
1001465946
940380013
905673364
965426133
993208018
889734849
987010808
1069265705
893774404
976836977
1060411362
960193946
848412993
955180793
1062985050
993821890
839306791
866300626
1011217778
995758585
939461855
994850271
1015692636
985979574
999706640
806226468
806607586
832298778
817434201
1034709041
905419467
919333140
1021967337
826191366
820687163
1010326987
857658274
895223938
968305615
949386602
833892215
1010974075
1021829105
859674851
989830965
998887732
973145000
953297827
897187280
975871657
1012973356
957370847
1019359612
997916515
948571869
1038051865
1046865154
1042815211
930763292
937972224
1032084819
944354867
1072320555
1072416382
997622757
830425205
1038730625
924368258
838934454
992208660
972818534
892510744
1064429250
849428638
985364259
879778569
898502612
937891085
988608710
1038739488
1039396991
1030480798
867810601
1027303368
1024115404
1063029934
840306466
897128268
809791043
956381709
1066693371
853795575
1057508901
829977858
1014044505
946469432
875729399
1063404733
834178759
1042736897
812947706
850102503
968556525
871039565
915505906
909970678
814335688
1039237856
985497053
895342894
921960262
930993133
901014813
1028369826
845840741
975275190
1072325022
860746957
1012236682
1001226981
940706829
964149115
933295702
813836696
834444409
841386525
880392847
875576564
906860973
1038356642
990913553
964492185
1039868488
811697222
1052633903
888136821
832198177
872853852
1026596587
821565164
964382965
808573992
919863429
957706770
913169307
839691194
889486493
850107847
1008386903
1072061820
1020006331
939592666
925424201
993585445
813969898
1014042751
1001024442
910285250
977279987
922752054
864286449
895196339
972801287
977006896
1029088707
881161227
1049638020
965384514
984920422
997769499
1071476380
991017796
944579794
973088966
1043504333
857433281
1067849127
1002448655
825723744
1039228201
1034649400
904190734
968124772
950047328
926642041
966111724
858668191
967569916
859477290
968184963
912153400
930968276
943306054
903210456
830789345
1037509030
989701593
842549659
897024275
841605220
931183187
960643754
862444463
895976946
1048223862
941603924
860566037
835294534
1039356639
889711469
861644011
1037622168
959512351
1013941136
886962550
952583183
998634815
1068704457
868074753
1008992399
982210436
940235272
988090473
966664496
890674578
849780930
889185226
948574341
844618666
914874490
1072176146
1055727548
902319158
831601086
1013457907
1069429064
831705649
954309593
865739254
1044019447
869760159
887479410
1000158246
1013129108
927993820
883679839
875711697
937053050
832326004
966044877
898997539
889479987
1019249031
883743988
837034719
931659852
878492396
1068115747
808901250
909394361
866187095
1052400275
986398126
979585818
1037869091
917825636
877063103
982188013
962527067
934964802
868798301
986294957
1020287256
947906704
918187818
871841295
960325071
1003508119
886364351
959749642
820535634
951236801
1013380661
812355982
990182462
915624181
997112700
1008835922
853988882
864876713
820509740
862859264
894066331
891122251
1032590018
857463423
952859187
882607674
975297811
921287716
980115631
853754990
914207148
834503032
911169529
1015585574
829642579
871656825
849404352
810599580
994081278
970195588
1037474767
996228820
853324653
964110875
931465920
1063028083
868570814
987716940
934657149
821067399
1051352623
825002084
959048858
1043139668
860132812
1019074271
910559491
894178561
824262688
1012167328
809131009
926144669
908607197
1033256043
1009791725
1037695016
1023382003
993796909
878108019
877907659
998049640
1056644671
895734026
977668607
916749951
994987559
833088004
808749088
961018494
1029273924
943919363
990533805
953398259
1070702663
1000112003
979543695
902547717
866023856
889767975
845333825
885875549
857418733
863378301
1068444566
937495330
815159446
996831948
935229380
808881692
1018125399
872498944
983758354
836855429
1044978060
818472571
997443265
919772153
933186717
1041968854
960038941
907545566
1016951284
967331124
853780837
951985658
932104653
922741117
846359942
948459515
1020213357
823020541
1073521332
987711241
1038358560
967025673
918834878
942342406
1002662059
955127067
874707815
836704263
962024717
1068769969
815262300
1047319274
911426825
843967226
903821651
847728583
992809633
925769482
1068937670
828684501
898263330
936486082
891690065
1033702447
963266959
953549417
885766415
888471264
1023649152
884797761
916990353
919214881
1034511331
953934798
884129602
836357697
1020300802
817976049
1073410934
961698152
1013744828
946817958
854667220
882684910
925635080
906460526
993751055
811615349
1009233267
1042430485
1066450252
1040062725
933472561
994149888
1011463326
893094013
930993882
992119011
1018808526
943021774
879952246
904121021
851465450
814554928
913836475
1040339891
818376753
967514941
904894566
1036722168
1013566167
863480929
966323429
982650079
920192486
923111396
969114131
810862756
1053759518
904003721
847001708
1032671125
845555950
828576903
955141156
972542660
850494990
908709863
874969701
814031946
913035988
821355205
1043195849
986833008
935219581
924756334
1059543483
833330517
917282177
839552119
1057443235
1066620869
1062334888
980391549
930917326
826733819
948616861
1054024534
858848925
806236221
810741276
1061339234
1020729619
969729193
933447682
1040017201
1027699304
1020462825
967969465
805681361
1031683810
832428104
1021501523
962350596
885558585
985030432
948118851
879172761
879037378
905550176
890958826
1037484987
973173783
906457753
954399679
911518770
1060113918
841726924
891606350
1064656477
892697268
962885577
828636928
933589449
918822824
838948051
901457873
918224701
1017873844
1027745404
930666242
879662963
839310053
923473139
973367035
888465273
931130671
882967118
901825309
1017649752
886923163
1059264565
945502907
1017881107
1030066411
1057521266
912848666
863122924
1055404921
828554624
885863156
913146610
948601535
991327313
818221704
983807122
919810925
1015326549
1003356740
852593839
913030218
909154820
812991545
1010514510
892668427
1071668537
1012585089
939358343
1052904066
901150990
1018767680
1024858998
839604917
1003381316
1018515813
911464453
1031608443
960092158
970054572
1034594820
1029269433
919871367
1007050219
1004966942
849850802
831108128
1068406249
875675968
839208439
949864118
972661478
1032873923
1025878326
939713149
987147699
991899779
967050543
933674149
984820335
1003288201
1030412501
1059486826
934379907
1044257452
887075443
901282303
940556140
1007870271
1025317883
1037254692
1020033841
995348943
1062869501
1045287826
906046363
986787867
979907506
1037573753
1006945146
1059174661
961239883
846072159
948560359
857282959
980178201
817412518
858929939
877116059
906931308
882659284
868331504
869093669
935706828
871322205
966278422
901099828
860868961
974085581
1046176478
836776390
941429360
917787214
874103758
966540721
920596646
936549667
862114687
973342859
979436245
875958917
1062734946
957783548
1063463286
830021187
907096245
835018491
1001276413
1001795421
1035134206
829290150
872226326
1019208999
890779757
826114390
1040764243
1016923089
1027491402
1024366065
879074121
872432979
983152494
994498899
856524717
1006453196
1035087014
1019541637
918195875
995145350
1004387078
894237547
1046295447
898484013
1015193358
1045296739
825596753
881183516
816453069
888675187
876418294
1058386548
1047533841
994124700
869430721
891943088
1004574202
888184914
806962346
1006982077
1012514254
927384622
979397592
1016974062
1021878556
848530835
946855234
1065503796
816816315
877219451
1023835578
949273656
823574097
889677179
930509914
831141846
887692593
980365107
827717249
865551380
1006409037
1003883586
861268957
990874990
809797328
907364201
1036084642
963149110
1044974364
990623484
899983501
929566097
953228700
877755288
895523929
934448071
1010264098
1032773307
1015683653
1051128588
933771601
866639252
929273410
959385420
1047092830
902319851
987316730
947737985
1069314449
845843326
926645446
1053165962
1047219397
875719777
891914047
867656175
928321507
857457496
835847652
995187363
1036045377
821112492
861511819
807839020
1043163126
1034508524
899120539
1018797277
1069883199
1005927119
1068328769
1072011379
956244026
898496512
1043113760
896751921
889845913
1025309828
1072935759
897082333
1032194809
898618830
1071251887
832939695
986323990
819865359
965532851
860697591
928447154
983148943
861467230
958643735
911686042
1037466511
985050313
976855316
925118025
839400778
906324240
1069079833
1009056815
1059781229
944903280
963425115
935641438
927760188
954625986
1000581456
895300132
827508404
1014956541
889492870
994781846
933095126
857469350
952460961
844412416
983151245
842780159
882045573
953906236
1037854468
891379765
888933960
953254713
870520232
899209550
816993841
1049401727
881284072
996097997
1016772959
925073962
861376995
961185570
898762581
834980817
818458462
867932882
1039357201
1071164805
895486386
807323152
1071338451
955473403
880941293
1073632225
829690655
959795629
901680692
956065843
917562317
963213415
991024313
1001384586
987069024
1026018646
839243065
931083457
911548201
978797604
917227766
945814396
851282630
1038206906
813236088
945352182
1007074561
970604443
961959585
1046869485
1042902488
806163135
856936605
949233110
1013273096
946639176
1016397704
982967981
937708633
824474479
809618204
942515391
1006725949
1063260576
1053518282
1018818541
809503647
924276796
1011123416
880365294
849976072
924131277
979713839
964653474
1014079842
1018365008
890158044
892898299
907699688
1042986802
917503369
834543778
898692172
829878014
856513617
950551951
953501341
816351136
867650419
880381407
934972577
823226744
1065244718
997034509
957371182
825514832
996081115
1008660500
916486866
882113539
808192863
980668290
1056948318
864443357
1022478551
812521930
816828233
964297772
859446722
938511690
818294844
1036505631
1050456370
831278782
1069072657
927339918
901831239
961063369
916564875
1030099614
911621868
1012021465
954148672
925312543
853734612
947109822
811498039
937662383
847799961
1043160753
918810633
1010191014
1066877445
971193345
964273152
908704695
1020706943
905941163
1040083032
823561895
1025594883
1042519120
911939547
835819812
987472658
962391492
855215542
845800238
920574533
964566666
849606449
1001342288
884252623
842004274
900690532
840826385
942800964
880907175
962619721
992568655
859904548
996221365
954108663
828040711
886442401
1035611226
835762641
928571290
825685004
1016043010
991171892
992769511
820036763
898834869
808170379
888737278
1039656785
1016490528
1027124091
869135126
1020928537
846934696
979912931
1020619260
836580893
1033871102
835516070
971708866
869742294
845560749
1005120051
1042323374
884024487
1004978002
994347852
961171698
886696429
915894296
809318181
957405411
903480210
965086226
972765504
895857882
805923794
1032507937
916615534
1051864592
900677654
1066999364
844758174
949438974
875746903
888344760
838435279
820187876
1004929912
820048008
1006579221
850974392
955246995
932577804
823541184
934354694
841180589
939678147
1023173777
1073447591
905799402
825206311
930901006
1048671209
857728957
1027842777
870892896
969425087
822634525
1042404947
817080639
815777538
1013219893
862813759
989472007
1001549694
1029866638
871984047
1006161701
1000930859
1013185617
979361948
941869461
858716034
1046939738
1045566918
976673842
813323507
945341558
1066371211
986017659
934720591
1058956479
839842116
898718612
1006207297
901768576
1036782288
859417600
849587889
1032602686
958241648
964043218
805799537
970930060
1035621551
917495250
969721977
863530257
1046048353
915212935
830053775
938552779
974392422
965483959
942767516
886321331
839859508
847034482
956261775
967108044
864840404
947243068
1013209124
907853582
883817130
1057438172
943711102
893383167
904757291
813484870
1025550196
1030459475
1043839548
842686101
809318170
997081356
963667305
828416955
877844898
832670258
1066313813
993765244
998099435
817255236
1038542388
1041327636
1068523690
829103064
1012995981
981672810
992934906
1036902290
856120969
1030051491
1003152392
831542653
1031840924
821195309
944337027
903536716
965887079
1028587517
1035241800
1064598922
855693652
995895595
997682047
895157218
952554155
882084656
839157888
809014581
852291235
1004667705
1069839790
853593918
898105979
980678356
990660141
856031163
981388361
1055498197
943865208
901766207
847533881
832752866
926628828
809750143
1043814874
977102156
1042790914
1001007009
953350010
1045876621
1068195942
910053697
829250062
903871029
815079780
978202708
860223105
990298255
870087697
917131422
1065569071
993848113
913481640
1031141614
965207483
922737534
1063088969
1031396371
916398249
867531815
884645355
1056679723
815464876
930400576
1037192543
959126603
824016639
925272572
1034144138
863459251
953735916
856088906
1059751320
1007776027
901074735
1048060895
856558231
912861829
1033322060
844366128
826198635
1065334854
1017235701
844137302
979304010
963390300
938311267
940073833
1045051036
853018998
816111687
826139158
994739962
844770745
1048608176
850023107
992267669
852887158
897573152
1022167313
1064935587
933016037
927063303
1027538887
860350718
1024120095
819630096
877598505
895271792
929154948
1024203048
1017367179
1053126686
1009327002
823795374
1051536051
1015418918
905903435
823233362
1072602533
965616019
838860705
858935551
996532714
817831424
944347939
880823049
992659496
1016586470
926517285
948499652
1057233624
1042186061
834307520
951441725
822476731
904549425
975003408
985511899
978575317
892719152
904595506
835021228
1010918077
921718160
893886912
1062677444
835354363
805344553
927755662
1045616676
911037289
1007571299
1019879418
818926495
975428416
961424101
902068924
996727951
911881920
831017935
919021889
919542008
832878106
957766511
915402281
998510704
922374977
872731139
870598648
882282074
815495442
1027811449
878975446
897853309
919145685
916269329
846235595
970383930
919153048
870541644
852527182
826949568
942478336
976692446
1038369766
827743058
987791364
826023815
840086944
905119958
897291691
990500858
1026231155
812683657
1035046345
1038479020
890577017
938930344
1032907269
1034403965
1061201751
991728190
1027766300
997574047
832516278
825113204
976929264
946314519
1025371142
1059892183
831734707
902022997
870733806
876283063
896671083
875759956
893049987
886179230
977133207
941963048
1053988989
808715376
835264686
1013219603
989101146
840969191
1014050196
892586331
940435067
1047088986
1008659689
1019685858
1046847868
926094037
847744470
1030402443
1067918385
839767140
859186847
877511832
1000635410
1001168579
1035020759
879692950
870797477
868137847
971100575
845701869
1049115219
988214579
1019308160
847798840
814744539
1058404490
1061941147
816360881
1062742737
919540270
886941811
807817038
866857160
891142228
1040404131
1028764842
974866988
1038521536
906130850
853410729
872655082
991087019
1058195673
861561252
991318675
1061871850
944794358
1016129080
879049261
932372491
916867784
1069691965
925972181
1072896653
881224911
1024404936
1032544939
925486541
929639580
1032321818
902510200
808463631
884147721
1002254188
891147268
836280594
1024229665
878369373
1009654116
978227702
818551114
908997090
958872300
895654843
821859681
990862166
987623653
919638907
843219450
951917292
891518549
873495631
1050624682
1015641366
880466833
1038771001
820736529
863764790
1027573220
1026195391
877647901
809253384
855222364
955370635
994803650
890764423
822139370
967423857
1060710804
994732109
916782189
975490713
1028452882
906423815
872088981
988711269
947119186
1029908875
956821510
945404920
1002796932
820725995
1057688111
1070060768
1028806577
931801021
846118327
977293703
991262523
835872873
833986112
906622215
1022482436
1019917364
858485394
961313833
836623537
1064552074
936867022
1031823878
1038482896
944178403
991203443
1056654539
1050653864
1052125976
982673144
916106563
1000214383
894457033
900289001
1025955417
1053260635
860089951
1007169463
905526500
978001535
898289478
881157799
837672557
959166321
908247622
1010644400
1011848890
877039466
833410373
807345134
943087440
953237889
830471026
807652771
829355841
887096933
816681103
925753482
917408737
975619849
1021427789
824928721
1068002741
962621026
874380611
1030836558
961571056
975361252
925840159
842219546
854329762
1028717531
930616749
857191328
842814728
1024972096
990998156
935648174
1045901602
968189522
896968200
964617926
875321694
932447758
1006324090
940771711
899344118
1014580183
960121963
980686354
1035904579
872861045
937159719
998154140
846413624
986790640
891303030
859069573
894386163
1017157342
1014306733
899467360
824339206
916073554
1058639022
807137987
972193454
848080982
989675307
1049904683
842550114
924106693
1059721260
921080684
997951985
1044043707
1032107390
1066307498
985480205
809648694
830906011
956620763
967932035
997673191
832650380
963087559
922390716
839602908
994545701
1047750907
1071899572
893954310
903553252
1014710849
893901657
860620522
967135734
866300738
964936624
1003724826
888590498
998311924
824397649
840277503
829266280
870560131
953752717
1059593105
1058151951
980747579
874661092
974515081
956619284
822748407
1071600223
910285106
809169997
1009319713
1009006515
806796640
939093490
903038690
816357600
1049134960
875898397
882285560
904174683
844057824
993439624
810514713
985143092
876456786
939921978
1060039999
1064755719
861980295
945987171
851846505
923141816
971684718
1005191737
827991620
1014277122
806101943
990534549
955508645
1054815817
1044128047
947404361
812490403
904026699
935067072
960941310
992163265
892314041
1017464893
866611777
954693577
987771041
861270439
1011990604
820751709
900428448
935609800
1032694167
921765706
974022953
954599892
870915170
934463377
1032956454
1017094464
953178089
979467125
1061632361
877197316
911882063
982461566
839243459
1000927424
859672741
975166766
847524413
864527784
985388896
880488438
959331895
929243013
894575172
957008822
858202488
991413197
895114406
1026543322
950302629
809622804
1043304252
846590946
943891067
1052950651
1071482885
919539589
824223060
847421026
851572151
935906431
847582177
1051679981
839477124
980132757
921101663
899795126
852975320
835621110
1044641878
1044345101
994471238
901584518
852391803
968519441
949494032
1072767026
815791441
953452115
1068699194
1010829194
910270530
812181705
1040499837
880798164
971020052
971460666
860591315
935460549
930625102
1004779100
913807980
838124548
887811632
824117757
915425818
1024232191
927755493
1062106498
837681975
1061767301
978720124
893695433
905734575
914015633
926055908
852139476
1060612733
1018066495
873084247
1041797946
1011178098
882263246
904213980
825505757
1009781139
834237956
878412087
876905827
1009131520
1050290057
814591505
970906977
912638687
980731953
1047307585
895467101
1034255645
865552466
922429483
991851949
824186745
1034873265
873186568
825113743
1031024722
873322324
847030674
1004915593
1014581497
817317008
991296085
1052021991
888563367
886198252
1006810884
961221304
868875215
855139938
808106311
1037230551
1048050897
1071140114
990702785
1063341140
860817840
973987102
1000669458
1060687441
913358059
1067656145
934161063
810134800
982327430
967275487
1045224912
1025630654
930883675
1052460132
819864465
979969276
896045753
947822486
894619954
923166381
1006837897
889942199
864524559
922207339
870817491
1024536250
856145365
1017236986
955570248
878920854
899198042
909561877
1036530022
907549463
870007514
984580277
933034863
893052298
1071935212
901516666
910706994
824965760
999460928
1006853072
858279231
864926379
924594212
979357622
965241538
855504177
925557685
929218464
1068500298
813937124
899992233
990464333
909534143
867249781
940659833
906180769
971187367
979828880
1015020863
886969652
1071581844
956581264
1001851624
814655817
980075662
999324979
838171687
1062034305
976291087
963980652
914023398
965544822
866347033
977370085
977327925
941496545
872602729
1036414715
964747877
960983120
859071188
921309796
820316592
917684342
837622870
877200524
929285159
941267890
979875438
1019985437
907345591
816489397
1036680968
1061835608
949397999
948622068
806655427
957537047
966862343
814928616
895063932
867347111
943304757
1007180654
895970317
968972621
910688491
984748241
923062111
1050470237
816757306
1026278136
863368975
998156409
1049879997
817791555
902391796
937235659
1038521937
1058737137
1010643678
845925816
954948634
890723255
1048052111
1023075367
966484170
1048600828
878903308
1023928962
875583112
843792479
947136030
1041693351
887984132
948983526
1010885839
819346174
1021869584
1005840462
878521788
1048883713
1009671739
906311899
1032511454
948120487
826466846
832883132
972368983
1006216195
829399117
946588869
893347138
891732929
890440296
887038985
906897926
918389400
993419115
964269172
899771501
867822704
907262072
1061022624
1041746781
832711825
1070815529
932935214
949311443
851411414
995243263
1044046198
869290977
1067554933
1033250013
1012731013
1005637614
820891468
813456466
909033428
1046425402
844219214
861453785
840150405
951773668
812541513
892254413
892662300
1067519572
929606468
915436169
903347268
992435153
880637682
1022279293
966575458
851124235
1068515242
883500867
974588017
963173341
895653839
832841171
985903747
926818534
821259475
806865579
830431907
1020783702
1013257476
972143400
1038427551
936455551
985499099
985583446
828046489
1023284052
806633471
948944518
973834300
920615503
933140596
1053663225
1006601397
937231999
1018295032
914440273
1033318309
840494905
1017512723
877014914
1041345370
903787976
815353099
854699270
808334783
889889212
983612904
807321086
908231876
918201881
857332093
907084472
1018699149
985024831
874969424
949412109
926464882
884308572
967499757
980574789
995126661
993218030
945762697
991667312
866667144
917981777
864803090
930542063
977500360
864304302
821375760
992404732
901934515
935582265
818665591
1039106845
843245684
954628798
902852741
1055399415
1007558291
977443358
963074644
1015997295
917548504
856382410
993197276
953988834
1072611515
965829375
1005932665
927647373
999962305
1049848881
816625683
932250239
985270032
959627834
854259391
930759549
891374206
960550806
1060810424
1067278205
961058814
1040758310
986315466
939019039
948089092
927486978
877414215
850689112
805468440
885293989
1007786997
848052795
928330230
865552040
1046354133
883110424
828946731
867746549
955748086
1043203150
1025392815
1002379822
940884701
1072922975
908785878
847250150
866657339
853070730
1068716660
976140150
1040948878
810557446
948545649
873124661
1012978935
838621799
1073535577
970434877
1047067618
920763751
920111259
1028834229
894954121
819250887
1042452144
1072039304
1017997677
1061298189
949362348
964515662
942208389
819251969
990775864
1073325760
989871846
1001445748
909859597
948031190
914586077
1041039704
897674262
868700881
906468627
1023030890
1028387975
1069110142
977366515
1064247713
841889461
971274625
1015862387
849413040
987663270
948692411
997204474
1052733133
904578385
980018209
835678295
852967271
884269344
1069152545
1030326205
883739511
939511906
1039683604
884505305
808065094
1009546534
1063875187
1070758418
1039448901
1018478450
865381969
925045587
998207448
948512089
851217843
850350589
968580878
1052701091
925295453
886284525
882153960
991687020
882384157
957189846
1031179031
930937639
873298504
986185303
994478615
875483999
863934020
1047378024
1019132805
855661858
924731882
949174467
914876557
1049920592
974327199
903787937
856963325
864202739
922663944
868054205
1008339409
953126561
996181180
999455144
939734240
1004483349
872412886
957295630
989804729
987712881
1018341244
1010583646
1002471952
922909409
991456408
841038987
1066994186
936021640
866351934
904488300
1064473648
932414329
1021679890
1009761520
1034748338
842734972
1020170751
971340806
1033104934
985275922
995108912
1048699054
843851660
918529623
863631770
950946633
970901477
917732419
1061335967
808655080
1053305396
928025468
963339227
909617790
995459905
922511913
979403886
939599858
1072628372
1051952013
822428593
1007701287
1011928735
928763644
1040820733
954849165
992964706
920445730
1049220961
836614733
905387917
972511428
897284969
975612378
841130915
813782331
868635505
1013330697
912992398
929279681
1048052426
886955775
960395242
997357563
904329645
861559161
1044693049
977350840
949301758
867391005
1068232850
950279994
883830543
858300675
1064521893
964781768
1059519202
813764073
933227529
969534739
973429568
842382242
822348086
1044194913
1072777178
1039110187
983634121
917411571
964789046
842423297
877323522
1001885594
811736554
981159599
862135756
942654549
926715445
1044525394
948348675
875536873
844765473
826443056
1060362553
839527439
981708149
940638709
964939890
997010555
810841369
890643658
938393002
1029568805
834881911
879884643
941250958
861860270
1036446266
1034237494
869327278
978504755
979937872
889053157
926408535
833766907
869893493
871064348
989828092
1021920320
918413277
1056698941
1027480654
874100369
996274702
837677040
967267844
818902292
861462611
1032984251
1004981583
831748274
839109110
1007694383
828083978
1011447264
857923427
920950392
1023954681
1067250024
1047869509
885439582
826688663
992319972
812789410
878038315
849799121
1026836326
1024499073
927961163
960445281
938768829
1039248002
1036874710
870100499
1034827067
1061175624
906989754
842472035
999640371
1007750546
1022307647
1010590257
1010290223
887188808
989476608
1010560234
1054760121
1048387396
949067523
864140761
1038020384
914911832
1039778178
1027174613
808663170
959060666
880389142
847058162
840381656
1065799681
991298105
935414478
1059847205
1018097506
899559576
850161337
972201995
898850164
911578746
819723892
837539566
997929757
1041099416
900363088
953815816
1049596030
872785354
951869553
1015670469
844776292
868596914
1055233361
995904800
838093267
961005256
1030324979
828236353
829008550
1038374534
876273727
806118301
912266793
996351511
902248971
1047057822
856597649
871077263
958805631
1024138708
916230391
914431841
1055100628
999497458
1047061917
1054189504
841675756
1045116686
1026972388
1025983957
907846005
907207302
912094830
932783407
933034856
943292976
852948079
929605062
1017320000
828507078
1060118414
1019284397
839577788
1022521137
866248321
941612668
888919850
886176149
968286926
908645267
1032593070
936641218
1034762601
982753649
942547071
898519081
895895194
820725340
1005369061
842853358
999356924
867778005
995156258
1025871536
1006198168
858650708
922927099
847918447
811471438
903541641
1043194310
1021682139
990419650
900206353
945982379
1018574889
816547717
903935406
902159203
966110722
856371451
877227738
1058096610
885612702
1000363157
975083835
1043463484
952303433
887614968
1044655517
864838361
1033146662
823318309
910490574
1052294538
976045600
922762827
814602554
875160344
806342690
1062779240
985727425
1069770337
831677939
822239029
885621815
1071457950
1062391689
1025572683
871067971
986463852
920991008
971195429
893318766
838842781
864705423
1044751177
1012448035
828000819
895641426
1008913972
1025605794
1047333524
985582522
960585950
896138085
1037808179
868201817
954035409
820981526
996486291
1062446690
890042128
959299377
977172923
810556923
955486747
897660959
855251279
909297346
1045969290
1001431563
1017902984
862388122
1015766243
907964076
809537906
919559387
995704361
949442996
937064049
956158110
981977225
921657960
1023234464
871322334
856198509
1045306767
957780645
863635017
905005221
959608535
964169129
864995066
1003904482
944603657
992703038
959103462
837886236
937740949
878762721
1026529120
1046041184
839848036
806082080
1050851272
1049710930
806657245
875032898
1063393702
838738807
914285509
896881151
928103144
929327213
926019960
969120925
1047853721
1052381475
1032523692
871568037
826699180
1062185606
917934013
930348132
863827892
932083807
981473691
939974202
827509625
1066214999
949940869
1043447785
1028271499
1014184621
820255745
929025184
978889417
1020063473
893179273
876881456
1010704482
875952608
852599515
1011258521
885716027
823915497
1069801656
1063716139
1043673380
1035469715
809552674
1058419899
942156772
906721948
838478000
1046298487
1056551058
945784488
1034281458
812958671
921297200
1033887749
1001775591
1015179908
1059372761
899182060
939815551
945818472
909138895
835764168
839162959
1033122638
839242802
1031426907
921696704
1011486539
907739651
1046749344
913259187
925901302
920120069
1061755388
1039132902
884517147
884219936
1021409305
987310451
884666991
816820484
1068149787
817845508
853837683
863189672
948481452
859695945
1039461196
866853832
950850919
934990050
835384813
1040156224
978356952
1015559530
1071668709
957006679
1004455999
862166943
899994052
873577051
931331529
1059701561
963104094
1050148287
874606426
916994603
894086104
1059460637
912613358
976144680
1030064741
985321939
847023553
833737864
935540856
811900464
973694287
937602665
1025547795
957852382
842803395
883932267
1027667407
865997655
1057227002
957018456
851611167
913656442
970847528
1072919079
864878382
1049564719
1000780848
1009693221
848027389
841000082
888847894
921838307
1001799749
1040003854
877886876
1015818698
933897117
1020928753
832626019
954081880
915590651
890740033
850851385
935978858
867179933
871962682
993168318
947706164
938272060
1005730726
833225463
983581449
966733380
997734084
993652979
811076871
929973462
1029233045
999754058
983592055
873722634
869443292
820095506
952665328
1016935879
822389513
842198080
944807925
951955157
1055980618
1067273723
1068780680
1040818997
869025656
833768030
899477384
1030944085
1041988409
1036993641
999161226
1044477896
939551194
1059028281
878276336
855751439
954614126
818578850
986425154
939853769
1042765873
812138399
995892748
1040161185
1032833666
808785670
989433337
1044392996
826726997
1072525117
824172689
1068601167
925030632
930016565
1007707023
1010477559
1027789436
991297418
914347960
935401989
1043862035
954045266
1057002759
938656873
873313035
951024213
934093281
936084015
912709979
967108703
941641144
1014487538
1026484575
861451314
1044138175
1029762921
1024751300
851016729
841647431
994983198
947584763
852773500
1054718503
880429846
863039901
1043667525
1023145997
811216147
940267023
888394733
1042860859
1037399117
851722573
930764094
952984979
875637972
949256369
978795345
806364195
839929270
986352831
891338143
956399922
820576914
931663439
970673783
1045793282
1009973104
959326189
952826790
946613384
1013667194
858120862
1020636804
907594574
899436398
902006967
850465087
903990603
862359818
833263891
944812674
1060480359
1025611207
970713748
1040780136
962512416
932302254
863927770
1034710118
974199159
1046543637
951983108
826488314
865785092
1003846618
982277059
864861193
840726206
985675030
977004996
959729839
993035932
929003484
1043944457
873628948
809980397
1068246890
950697842
834788123
826944404
1064905581
953148729
854541543
824149516
950269443
813591434
857867209
1035067758
888226609
956546759
959086178
886738724
1025981097
1065784292
840124242
1055446182
843392299
861712329
805894711
831103167
930969718
917907351
904350594
1038435047
1049039028
1019710479
987105041
809445199
828831526
888346868
931696750
961386308
838482018
972125654
809128815
955520945
873315032
974101327
963336160
849028724
895204155
942147656
848752651
882198742
826292363
1030106473
1015448656
938518709
922361455
973576711
905979771
836942806
904689426
961390574
1068188263
898304874
880015884
917327333
933011348
824686852
873405636
976030058
983086429
928017252
841651608
1035537801
874366122
810277386
894662403
910087402
946906114
930141825
976126847
969312419
1017849275
929607797
1002618379
828596645
835590076
988003913
942298266
975499588
921899051
999267717
846916334
852064445
921449803
1033309401
1055246357
820143567
933816165
1012299853
1013473588
1001739916
896746251
833708415
960635431
927494543
906811267
1006011291
1026409363
1009402379
852227172
830460540
954900699
984714246
982299663
911067027
875023410
874015779
857382948
837577456
1072180907
935123817
837803104
1042590466
1021318647
1054136259
918695373
924778330
906630512
876391904
911600119
1053875731
875172337
1030187680
818509756
1040597908
940342404
809137469
1064623114
941623356
877674358
1025869811
871208281
915461150
929237738
1011206793
935469746
969968755
1072913070
820339285
995635347
846973119
962625504
1011305545
923746168
987307046
967443222
983414577
928585266
932222674
887288631
810180172
1001023779
940519889
902572484
894118114
1012540772
973834234
1064336556
895307811
865302701
951174036
983184528
990534462
909157330
807364647
986240524
919804512
855374137
837257212
965257884
1010497703
909203258
1062030649
970716502
871921585
971930729
905591086
940488414
925892247
1012622199
840666694
877085194
876816904
908595493
949643697
884766936
968695542
977726900
878192416
824931660
1058628041
1064430730
862304122
885182983
858048861
877883081
958927297
811224068
868902832
820646443
991714413
966896937
949638500
982214583
1004606093
914190129
810227540
942622123
829557471
924595435
929165637
1046029363
1012877859
970085972
873644543
1013881560
960726665
1044844982
943601574
894478037
835080804
893104846
888534535
924999207
952563297
816811068
1038917249
948675061
834507552
925722759
919009089
879782104
808636711
900756137
925599564
904908675
889279127
898016526
995442530
823763918
840619087
989354583
997825266
900950878
1048559370
1059592686
993731956
881254424
847067665
980116414
848853620
1066177625
954311424
954024250
825328508
895297162
924386428
960950732
1051673293
1061265982
869246134
904108382
1059105516
906234023
835467058
820137389
975911039
882639627
863000748
840591004
906390066
823065725
876858149
1013536053
904794027
1010018741
944552649
899271449
862299723
872350480
875669798
1067238968
959920207
1037289942
829043848
952394319
869644124
1060298006
882031130
882110808
865730447
805797637
875346646
975707213
942920528
972096344
1065397964
1061568906
817913864
851716400
1060410487
1048218922
900079602
855751741
911362606
1057120379
917094493
882069940
993082253
1064709212
862381784
879504387
868986745
990187965
931568433
927663369
954972650
877942347
872310545
941579106
1047660402
912955312
989655012
1046968414
823095505
838411609
983607889
950573376
1034103792
881546156
1026749272
1048763193
1057252765
1004685426
846729541
826655128
1041317865
910962700
1017264916
981033056
875460484
960642334
894545744
857690367
925650679
880519880
891908211
809096305
994473377
898062213
929748718
909627786
887134047
847829356
824878614
996427555
1010128626
993013050
1071111916
998023161
965894914
900604540
843769148
978004387
876283303
895760373
901961153
966466864
972241260
1022100796
880329088
854476843
993534141
995059987
1062669531
882890759
945781614
1050679332
1033718367
890990768
812146146
866867796
909678683
908032126
833260833
895467720
857297971
895000894
847252946
869410513
1064204294
819641939
1051815379
978473665
994050960
855524718
880492372
834120108
952698277
1067360176
935238878
926179751
996341973
853715189
906700004
944822942
921678652
1008507258
947508875
1002101161
982776630
853952270
872170641
950600905
820615337
848826681
1065153783
916610890
1051737531
808448861
827120358
988490823
825865536
974220206
1066807191
927359053
888086912
1059905204
810554603
982957305
979012746
925122358
928230697
918324588
1001449186
807882598
871103136
898182828
924297045
1034605974
882364450
938495458
900923798
810064763
951400784
1000204020
815660449
943928690
893622880
858120594
807576285
896523760
1028843537
904796685
976016285
849162456
977596931
1012898432
1023514198
994667497
869148835
824289303
859817569
895716925
917638843
926679857
1010073872
871024154
876943418
863071877
1056060609
893427284
872524707
995815294
874791087
811914525
919396070
819381513
827740044
914720825
929602811
964572519
918826761
857340040
1004757483
1040455900
875487088
1017328076
897893267
996041491
939270207
895446003
1048484036
998402446
1071750312
947467639
850897757
1023243199
812761256
809125524
893766913
931781419
1021380652
941645936
1056996055
1001925484
953072746
998175884
1042401192
1005151055
977000984
899518254
841650366
1030926345
850613364
1072182395
1057021626
1067012086
837604183
951174401
840287280
1063599196
1046506939
1038608878
1024777840
886397640
1037606662
1073018660
832901265
971095198
946023382
944921333
898212037
935797290
954446303
1047295658
949530366
1012176017
1037011403
908736931
998670725
995940469
967491001
1019461293
1036601885
1023547389
914516882
953770921
936799060
941929234
866877769
969731649
912278871
1049526125
839496216
970382281
1000862501
808212955
945719218
1003366034
856638751
946940383
961342546
898602810
885114623
1009561715
963457461
886600846
955589440
1019554754
958877012
940109208
962874739
1070279805
889849385
880276387
941429433
860333852
934074848
895858846
894296566
1055841431
864131037
873247573
982708388
821479404
1031270218
1031031264
1046783983
1006886770
820854252
934838500
1035555715
1006020009
1057932275
944031950
865999681
887525555
1019919762
985549756
997368338
1052335621
985243404
952217082
1050985614
890017784
862842528
970530655
1008773111
953808045
960628161
1070715239
1018827923
834013610
826530231
878195098
1053380769
937728236
923883941
986330983
954381584
939931587
1034525240
850026000
838658282
1043250449
817780245
972351296
818140245
826070064
805406905
1022266925
925295337
858601970
909241457
1000500890
895172757
958908363
825837391
997336681
989244910
1031011751
996626548
1046898694
894930602
1072067808
864722464
853115781
1026635948
1065455083
846173309
857188486
931030638
1037554723
951723686
1025129220
848599179
1006118301
918606847
1020452987
1051699182
933672466
859744560
992365087
972494672
873368320
845605333
860798386
951897887
914819652
932429133
1005585332
825980809
1001834641
1058477611
839206439
998301178
952170521
901204578
988981846
1046622745
858512985
908734605
866335951
845881907
1013245564
915895586
847229824
816141738
1009685795
893620924
1030105747
896465949
929161642
1017366698
858593130
983137638
1048519599
911208135
892535721
919625417
985850931
854022739
979617485
880413490
908890199
872073766
906735554
810836801
898313618
857945329
988061265
1032360418
856562066
1000858462
885469311
941139972
961803299
883020943
847959953
889350665
1060454726
925716370
849188555
833013357
1068901227
1059359410
982313454
908199781
869981305
990562938
1044569749
917854409
925266238
898307322
882348921
905210877
811152578
906920777
963717857
885257502
839916555
975212825
891615122
852461302
805449227
1055896957
1018467382
854331733
998160475
830823099
825895339
944593736
995653269
1055935866
912958354
885641108
885653817
994650142
970107089
1045313228
820565986
1009883978
961040523
891668595
866823050
1036063847
918468817
883764485
1063658100
1068715367
1030300411
868261259
876410761
815163251
988513582
840312327
842366518
1041308398
885961541
964456523
1016450542
821404461
856672675
1034417541
1020022696
925856910
1049817863
1013745205
988870022
934380175
995287310
912765843
817943459
972615837
902202296
943166020
969770425
914632749
1015035137
874982650
887490139
859755437
898502911
961864670
1048313144
1067384735
1036999623
895634191
954888422
945860204
886793359
824867372
905920311
900370153
1028600128
887898777
976732311
922847522
864583566
806549387
936285817
841373863
819625856
901800404
926113675
947829817
860220712
960866572
1046714868
1066348761
1053008894
920852301
999432912
1028665921
1002603010
847349956
808384190
808027615
857809973
898245818
1058193748
816908939
1000211777
1061422935
916318590
1002814058
859384295
875248502
970583561
899145231
1061840174
1071483648
938515487
862152858
1056650236
946800561
877846269
1026494566
1018191308
914308764
872089014
974961087
1015462456
847248173
997711044
835104649
996817994
1060576930
853686816
807553450
979308461
940005116
915933208
953372821
1063981216
832514265
953809085
824994876
845741896
849931853
863919582
868977783
900885406
942250802
945308708
888511255
870905624
948272194
1020077111
957404008
896436081
892866918
1023994557
860826121
868931678
1013353052
995207912
893077299
1004246206
897920471
954880994
825619441
844802974
1000693044
1068791584
954326574
904412809
897881601
863728211
1041725856
865110013
891257832
1022791488
932696388
1023669606
951760101
863849639
889126149
863039944
1066748761
805672416
894076314
881151585
912204243
858483304
937690483
810498411
850107248
868544748
1043183707
866180989
848342894
1026741921
892227759
834370845
1040683871
866373931
877149523
847437253
949638595
984856016
820295140
1034007578
967435752
928850691
1014285181
1057594843
844329616
937946569
940563228
902064194
934978681
1054832469
808821827
1049753655
832392547
811998463
997411524
1053062389
844764031
812238190
970375734
818951711
956962795
1069481846
955010991
1008720391
864973763
899881681
998116468
971877668
998386787
884046143
1035524784
840979244
848675482
997135591
1031103326
907894465
993438831
967975530
1054666248
995543585
890935738
991986944
844434001
973321540
958618854
827738916
899032493
985924252
1041222510
991260537
848524227
999949812
1003783809
850624384
1016365541
1040216546
1030340199
809731277
1032930347
1069541314
848075696
876580193
992964222
820023558
909188341
974580142
964542357
816833911
816910948
961988349
967082301
943083114
823291442
1039398273
924865366
904088254
1062960409
1003105578
1070417170
1010000070
847947787
1040617224
958529867
852736515
894481516
806960705
856865702
911137443
978607157
1058229119
917168734
1002584909
905385202
1017474193
989025503
947721548
1070463317
1008919634
942735159
1048081099
849852080
982594087
891725981
1009392009
1064058531
809345110
850796445
814320260
934360216
868021794
1021618447
948371295
915667353
965320986
969170561
1067412312
862124667
995085846
999308649
998477335
962083790
999338111
892076048
1025124503
971378453
824673632
1067805831
1050733025
889412595
1066026963
1038199947
887079115
933159144
1060802447
904197490
1042943019
1037808325
824027664
883779664
980222657
1004225885
1016507561
993821287
946310371
958665985
1014541391
1048051693
1045915787
853908787
1017116775
1005814237
957290251
831659555
883928055
927559692
904361946
989778747
888945486
975589832
1069617256
1000619821
1068406373
859398053
1030614787
882554422
980113686
1001472867
955732720
893517074
958863069
815374868
926808386
919538551
911615704
938902686
841123912
867712431
978447378
1032749908
818802148
976989763
1065660817
977639799
900125792
887481140
821467489
999235969
947932187
908211964
905252955
923685207
899957100
934950947
1072961810
972521895
886747478
854237966
989122877
1044300221
961661866
831663360
1040863823
1006891045
1063189177
1009027563
881693489
866830604
967653269
1025616216
961656851
1053474041
875183527
1049526421
835208985
891561648
875705286
1001315684
1022658304
965336381
1067130461
994856990
932001879
973820722
1030354497
888010023
1038968729
993430132
1071619591
957090997
812612165
1035756103
951813394
855691754
922212331
1022472601
817038010
1015374374
1019105057
965024039
811223253
1033524032
900837529
896032919
978605159
991911641
995398929
970520413
838562965
1035734757
914236125
994772699
1068492044
945927916
1032149643
860939306
967635949
886456828
864969697
818598122
813426243
905980989
864393769
850316978
889840182
861333931
1053583631
1024960739
870099951
1035040824
888426191
933454560
861170456
1065049853
936369929
1015404679
1012019645
820762463
830562666
1058396087
823604588
990138858
923737907
973981342
1050334041
959049656
1038153385
966565110
896780158
816627545
996786684
882525620
951512655
877893109
1009028959
903367425
805529499
854377908
809885563
819040044
832258128
943660732
1043900438
962033149
859476292
1066921010
948159468
934356446
823215284
845228773
849589396
871021463
979833601
973942727
1017990330
947355122
911488087
849297003
869814328
935068180
997149388
959488597
1006686190
909045454
991576399
836176156
1071693025
943751791
816244408
814480545
991345422
1033281510
1046151012
945280486
1067414977
1067190969
925175134
975672096
848796616
823989026
888685880
885417203
1040039515
1051657309
1007200142
1059179557
924489021
1009551673
903173006
1033121221
982608562
986438599
1068211258
936799911
893105255
850043732
1034140586
873556050
996102461
810146073
921911391
963859426
979815079
833372502
1017195479
1011805893
949646481
1000859250
995759825
950394807
832737798
991986024
1004876164
1032310613
981474261
978588999
1039318572
894101797
1032063151
996371641
873267481
1033084450
813842449
991559053
834316017
1023944513
964810327
814062197
860043342
1061800271
1032198882
970598158
1009318598
899694074
871114232
903929531
1009629652
966397133
924300638
982432880
807356285
880980735
862529239
837130147
885829888
1055928024
971474530
938952144
932170354
817131129
919704758
850416920
928185176
895096767
1017401338
970062691
982092690
1056530697
824785756
945653415
954772264
971185048
960803212
821446759
916693492
907981466
892012990
972513280
806326761
896700176
817623835
985127969
846653852
1050227740
880715042
1011851869
980395153
1058990407
922953390
864942728
812363348
905664140
947035318
903904716
1056079330
915226954
1035643622
993935218
960214789
1045591686
1041781696
874584493
959665155
1004558050
1005265084
810462165
821331186
962529220
955801794
850580058
824178033
986292323
935487696
811731726
827285782
1059022932
963687172
858986273
1041076193
963112709
973186129
867687876
906267133
914708295
807500870
1055345113
986292410
875944309
807579605
830441497
975916625
836754149
950822656
913970936
908073536
1026485335
1025518446
972098000
1034941680
980274655
976125815
1049175588
1065003529
932251019
826362242
826518752
999335344
898746885
955404920
993544921
946846925
821751509
830831465
963760244
899474356
862877442
1024650710
816154425
847454783
1033098114
870753224
857323687
1040707002
898306211
951282994
1010012070
809655984
966116110
853485389
833993897
918848728
929793222
899280258
896434497
989906854
1008333347
902070718
961578481
851106660
947295201
1044359148
927720617
957095253
946035782
1027649924
886832324
1025261971
1064792970
984135862
938065228
1002618266
974459178
965687508
1035819103
883766599
837921458
1069275324
940663923
1044457919
960767019
938241440
1069018536
1011759680
876702095
927964045
821155410
842113802
847578911
875376538
1029326847
876702850
1037972276
1055506027
1010193191
807830602
959066752
879300783
1058923720
1032408728
824220476
987183961
898364797
950323130
1061990028
837282453
1042916003
935472881
1023818059
1032466920
1054595531
910286011
948424815
877644113
892229152
971650579
923034777
916381653
967580921
1047634617
1039898169
1015340997
862852521
1073628582
997169256
889703190
1027867860
895406479
1026534081
908228738
1012866963
947910629
1017521732
1071479197
1004444286
915458144
932028121
865576740
888956507
1043728181
825753313
1042881432
981526754
940509511
832969520
936440968
997930682
825768816
1052486959
883217103
1020381143
917302038
817199839
854432265
917752311
1069860377
835413559
909827149
1030742215
954412842
910396947
1011240004
1005294172
910854477
1015841535
1032236863
808941522
988142399
1049736548
837409148
895835043
993177540
938217444
902980126
843187962
907086714
904203168
1033836056
1022755379
828332659
848031273
873263838
904772583
825257901
1033427950
1040503072
1055286237
932128691
898396806
956359926
959616140
943474932
964182907
855214987
888602206
909847775
807267079
925236905
939693192
1017236583
907054544
820785116
814883559
966485728
1014619943
980615970
841371283
971584704
944594945
994225545
1065777488
867000370
867236882
1057171745
1040380217
1037145731
861360437
833299634
963679344
822494626
1025683919
861872741
861070795
863278993
1002594973
821900119
862400832
805580451
925703304
1048742265
838490460
1019465310
805735238
1052168114
933971906
1011104696
926720402
960277359
850326475
940716948
897740471
868987940
1026157621
957816997
893695227
837463434
1063366564
855822785
938508002
1027282397
964934610
1001575646
991437583
1033861310
1069052225
918106918
1041940060
815793870
847400963
864125673
952369543
957756901
1073647539
984886052
1035236330
969092488
1034124903
857250115
1042351591
900757311
920290506
980366423
852283701
960136078
945283559
1000503859
961672515
856286084
1050161852
1008933527
889194984
892007827
1004368791
878388283
826446590
874973056
827214274
1052574661
918179961
898475883
1049056501
1020707796
979935478
1003387072
872632945
992289798
925626672
950445254
937046859
840831093
845851891
851275915
840339103
854971668
1073195130
821534083
986367079
982881689
989993883
1069036510
837351678
1027536107
867396957
899175518
971379536
1042341872
813119526
904626621
1069510138
1034752227
1019462738
1044879187
1001183513
1006255100
807451191
850070876
896301936
909950298
1048260199
936062474
983605303
1039512662
1013254106
902374327
831648120
865899920
996329463
1056746763
1014852881
854332167
810893659
816180518
1065338980
898324310
933827520
947826027
1052445773
909978578
847983895
970516768
979592611
806415125
852843739
859570834
977155535
1053615939
812330519
811593007
833609877
807076206
860781233
815655543
880667595
823212235
861649048
1030827590
1067770902
982950139
883156326
1030214902
1063442217
958419334
866442036
971203030
817944724
949551130
1044774936
882226501
876107333
875513244
977322237
845710425
864917726
873138930
877045814
813780285
931853349
821290242
906140619
993407233
905000651
939800390
845608170
1040901338
904157642
899568827
867423543
987751898
915576673
860206737
994416324
922670170
1018439426
917936661
807062231
815190845
845173686
954315343
823814339
998678419
982975921
917887119
906029333
1026365939
808270684
854301951
1029327626
936561507
1006374534
936201506
953520692
820348435
1043274743
863314648
1069009902
846592210
926122311
914835060
914882055
961643086
977176690
834048513
912271100
973645826
812378152
1030036831
971436213
887283041
810829746
941356469
814485911
821229027
965831910
1055542367
889941786
880068656
872876269
1063416564
853028752
988936933
855106372
1036453637
938920064
901791535
1008804476
896264804
922591340
956595764
844765131
894103014
827649659
975818454
1050769432
869515218
1057643366
901362175
1014506067
1029775219
1060022336
987146084
875036250
833028167
1031078770
992560570
984591135
951378305
939864760
902536078
885783253
919158300
911107394
864317972
879379003
814452025
968782884
834969250
942386570
972672257
819662760
864937447
1008090480
1055052329
821850899
857606249
918416664
816561054
850883710
936464899
959618477
966816172
1011531102
845084178
1004925472
921862657
1036855579
1031179862
1021132261
855998020
908665747
824980966
1045862500
810186786
839539202
847829781
920985477
999991268
1013382438
952028332
903343556
1037086813
977207112
1038278743
1043189202
942014350
931534849
901777106
969764171
1053245037
814185177
970067677
1060013190
849235190
964199922
858536781
861747057
1024122390
814082904
966838103
934351051
840037721
907942387
1025243423
815052147
1030971166
860725126
860727289
903018857
843919162
1027444653
922204531
991315378
950741603
939292132
984515820
1017268553
927820069
945796305
890619183
1038262295
870345095
1014453452
917026144
1000057346
869410856
937962516
827524806
972983301
861016791
1043495605
1001827514
1049556200
961550251
849665269
1046492779
1007758671
900687431
1065893562
1013734658
833699326
1025252090
973485700
1061061498
985657971
974392736
965540893
838149544
1072691450
918912352
886206581
1028606130
919231211
923977678
888888748
859610917
1063369709
1071934373
1061741723
1014771476
818691727
932042164
987590168
933159722
1014273999
1003553769
852289181
1060964041
919563074
936484487
963323007
910079381
934012875
977925121
1072224013
945250072
839971272
847119288
951086490
882322175
909290518
895943952
1053596683
855547532
959671555
920004049
1010152020
999091700
1023670530
980029250
932835631
996888409
949065468
1070808100
859374695
1057168320
919309550
1003225697
937935262
893443513
1010143745
829993253
881993500
990555781
1012613605
1063277407
992848021
958156562
877937058
871502856
972350126
954416300
872053388
922345565
943139705
1056246244
916824958
953795449
994458372
840955897
917741513
1029707833
928593113
917725438
853331658
1005513026
1055632328
1027654278
923292154
947188549
889930237
1036490503
831403085
922410961
836226816
923154729
919116609
1009083696
1027975845
943802488
812278015
1025354600
841302210
1065484070
1067244067
972743983
896780912
995530752
921250791
807018400
887472728
926977859
1012441573
943454034
1071779768
859428452
1049875706
1055499744
985838012
970002495
820388121
875015391
1041027960
835216442
846779914
871511859
863319902
975341625
966306104
984423554
1000363361
891676642
891538360
1009216721
967680657
1057396091
831308319
899329676
814732312
877556751
1013777671
885368764
808801393
918547969
987128157
823946797
824302976
891933252
974916997
1050278506
856864390
1005898310
1021548592
825857785
815725521
871628117
956346985
947047606
815282132
977915099
856277295
821260868
828206688
1033561796
812278934
954568252
895840118
949155096
967727652
893541056
823959033
825938625
861844807
865224181
1020530766
908496939
867703168
986427783
1066960367
967573001
983312007
1036410410
1022978868
953438314
850490743
909720117
1028937223
839893534
952119330
1013889494
1028846593
834347158
1003409445
834544828
826331421
1000250905
873140796
992213029
867485986
846553806
946506443
964584230
914349812
963819203
837961425
883261397
1024917272
1065959097
942660151
909925000
1049827670
839885876
913356015
871073317
823429591
1066637843
906499989
879132995
849824737
1011728091
847535318
922471162
1071566473
888866432
819291551
1001167069
1051206689
853270689
805742370
1030441334
902955865
931720756
917365151
823425218
978624569
893664353
1009746587
892818804
982659208
824049550
1052502198
999559200
986440295
857884766
933108586
956181730
922978114
863279241
1043264999
920979190
1059828089
982072563
961638360
968918841
926898213
899577448
978039981
841459260
924883097
1065898965
911033382
1056590915
942000797
1030438979
824755098
999833701
955034514
870072411
970714886
959898540
1029365826
1061294885
869759395
906944205
905184956
904151938
1068097986
811111601
890667428
830842345
842756015
1032862065
917831897
936371099
912834412
952903612
1040055393
967135523
916673348
1018005218
864100190
882030469
1070120882
923488111
849598767
1026674626
852512620
947776940
967825608
1018673904
1055553356
818151564
1026041695
874966997
806699680
1039048602
1048983067
989831409
955199874
1032209590
841890174
1035581508
1037031523
863090688
900056847
1027894219
885153381
1061794285
1020211371
827922184
877431052
969462145
1066986659
959033527
997891049
949253553
1029349277
1021899814
866101534
982446795
869198884
854202696
958290436
987655639
957820399
935806235
867502305
1010044724
892405971
1023403262
997414638
955135951
858236171
1036832106
805451959
929449145
827300717
976572290
818141506
1072070020
913915976
1060668446
890131024
959585511
885265610
937913255
818200057
958485838
1017873831
816169425
1060361682
934112751
812457833
911456729
930033912
981080951
976414552
813797133
850619195
1067323954
1023545825
897928390
999716961
845103601
990274187
940510014
1039683588
864411272
854396257
870124322
848611933
900599539
971409685
868348322
988725445
999658081
1070364950
914326363
886290956
1053591027
824108507
1028231743
894776771
1037966047
806659302
806085657
821592730
995892258
969748917
895542390
1002808034
1010501552
1015845189
846758887
1003962060
807092096
819536439
1022101871
963798917
848966730
904807856
1021436895
1054566755
812475714
992509219
1011321892
928473422
1040610641
1066721016
831573659
827424133
971116655
1030586897
991460742
815184261
1001064730
955224320
927782795
959937391
876464157
826704759
1064793839
910072915
1023536148
1013401179
1064044329
1021896162
874312535
1031304732
958389205
948285611
986614917
846740702
951355747
949929584
1047762226
867073064
816847681
996732677
1034182463
811850602
1055832628
838731076
938202195
962107891
1063894504
975936408
948623431
959040949
936596326
967182686
940614251
948953371
964667910
819855083
921685725
1035982577
993844373
899790516
1010264633
888798057
1010012898
981118328
899113764
961153036
1073578892
808935890
924788227
1024147559
814808127
871590842
862153763
961113179
874457704
964991883
867539931
1072527290
837556262
1067437996
951482213
926067291
993572052
932359070
855637596
1035272575
903240250
853644077
1071546249
851677704
847791436
906510311
1042301489
820236530
878192331
923255193
884548127
1066615154
955669055
1044744813
940684425
1066565950
881870428
1032343826
979764153
951536737
1030528014
994194925
808266739
978098243
961885209
858347751
1016740430
917970527
887747441
1028263274
966694676
958729494
926078711
942700319
983280600
822035142
1040714381
954518160
974638451
923499193
822727054
917691261
926801042
962844902
969995387
1015207083
909430748
1032937270
1060930668
981016957
866365993
909528391
1066687769
1070070802
905887607
819587438
933342526
1017271053
829333553
964222291
1070096894
1051383034
821453891
967491554
854085888
837061629
918912678
1002061225
810827084
910604356
1050510591
958691199
853070896
947531241
899281295
905572946
964782757
882280940
859830798
1073176142
1054323584
957328006
990345751
889655210
1059822910
940660764
1067364203
830920115
1044880685
988360115
1000043309
1028272261
871197383
879609807
1027892729
919380105
944388646
1018565384
913309011
847156308
1066145360
1040867334
1047411249
884459093
946601443
957711897
860638781
983314359
948272025
896449609
853177834
851896666
1029757137
1012023865
972466293
930898256
946834412
974864345
886042263
958037396
1018792755
882060112
1070683697
909856653
851309402
899291351
877533904
1043121563
861717441
1060662450
995852132
908366428
863380976
807401874
985610673
1010686386
944887457
868233079
827196506
1020611902
952542140
1072401783
993718449
846674682
1006002380
865810326
809975313
956575930
859501954
881823246
949776213
1018045233
805341229
991593927
866440560
1050966210
1055717838
900633848
926764606
937382576
861862553
942795938
1032283500
829978838
830871141
957363645
1046718999
1039159670
1011718862
1066353289
944241063
895445277
877956688
827361159
919971290
991271436
1007952773
809552371
825987387
948738968
975431967
976931015
920189550
1001380880
952552655
914342458
998916483
871212923
933496797
824166440
1030089311
823978715
978491194
1060210479
891028685
1063561410
893284882
1007353380
953118344
930032632
1068741603
870044437
1048559553
1007215444
881670534
935552579
876180122
876838504
854673259
943648887
969422299
956224213
903926105
1051597446
842007684
907698258
1024089823
958021056
921391678
949902232
899722767
893277626
884393178
813319997
923050790
976174591
814842322
922132939
1073361764
907045900
920786529
1025308111
932107145
841198776
861212292
889554170
899615799
931850868
988730347
857218602
1036780857
952163701
890363354
831332788
946770005
931833607
966668174
1043455005
1073248662
959956411
1064901451
975482066
994288249
819995369
869519461
975139268
848208844
1070151079
966667321
855678033
1032683269
1027409092
889813483
954305616
824340465
842233018
883972546
986010357
954601017
1003746322
911234242
897138436
1000787258
883178915
853334769
853996956
857608360
1070361644
904833488
957973378
1045905276
877811501
1055365581
1036171541
811900320
864823011
919203427
891839613
840948570
1051646228
939655611
905525942
1051222991
992276807
1057241842
872903558
822288219
1021153800
862926415
899738687
971507409
1054220064
951555650
1019228398
942500143
853225866
983232085
845040441
927120315
1042427348
918685684
934812275
854588118
846066931
1063116102
959487054
865925210
1057598085
1024324183
856840192
806861810
884735221
1004157289
1033159032
813454119
828533960
841500253
1031525892
