739641806
790342517
567839242
654935970
782109542
694953649
712403385
644795328
676426680
601900749
671171890
617611644
758826712
692373675
646499606
701062419
681016047
625846496
572027098
665641461
708559424
735998752
609541776
726980904
564896924
729898660
543252520
771397276
702154635
606620873
730696744
625632882
688825448
547940597
675127988
792710209
611867609
687185952
689984307
617562560
574576605
560131576
640966220
752590285
788940554
634798517
683223846
674190513
722119301
736298736
710719882
557345719
704108881
538473655
651272787
601779980
725693501
783199032
543574691
709605915
667906662
670431641
565136318
594815293
579755907
548151848
592828222
571616859
800152687
542416305
697223774
585873231
575429091
654411476
735036651
575855058
692824923
712614344
802803446
592299925
658728395
685774114
785587073
762276255
590937563
633225977
635010309
625207998
571043606
590023501
568343284
592791864
714196221
668968170
749565301
769536119
542141160
598001109
677471552
658877118
625205791
769698302
589168211
574246474
768924666
651085054
607383748
683301124
578822405
700749562
570467488
559196472
782965742
786984719
545103263
654602026
607899458
559008172
794220893
678726699
630441893
771630375
641337447
795759409
773011060
587283403
636361334
582339625
778151140
716337516
545946244
565233837
741619434
581113505
720055802
638955575
772799353
553504226
615499995
681423639
640741355
582084949
781322727
685129875
777062294
672610690
734399429
709798743
660442162
773684577
581592420
673095350
736684217
627299628
626129555
645877589
656865419
788421123
794635072
692161804
684885128
564196616
783050389
764196076
608893714
669429515
773878972
551105684
595264601
586236493
568064632
681622083
628413399
686999804
738943951
621621650
666415259
798518569
649025120
564143455
785482878
684868392
619921155
711359984
584974624
703638547
617559708
717358752
600107351
632835202
686096441
594259061
646063452
585350214
756667536
686070683
566591658
705161990
547367512
668701368
607248764
784107780
699569063
652983311
578607240
701018250
540298821
804494643
623518297
763892187
690665832
652874388
709442209
784369634
556705585
599413769
643919539
661822825
604009847
583311955
561206683
738553221
557792909
560234896
803876037
763109602
760391729
786586759
631864031
597135592
712333413
567993457
542092128
706464717
681128783
641855572
794077314
702309635
631987915
604850805
789924598
728506911
706672080
716619583
625495013
692919730
712560219
773052622
614929488
787266175
780073840
582099410
744501900
714862946
549072677
599487349
581014334
537441735
557266100
634117362
759457868
587262206
752375795
696111627
755494200
612478010
763205400
617754442
738281746
800429173
580020250
760558063
800172457
608617552
718389747
737795010
569917752
710020026
542627724
729225038
750979959
703306068
799267426
777926578
552932280
539092360
665920328
706224963
777433243
630905997
657939096
709565098
697947018
755933503
649182755
628932380
739273013
725942773
686194180
601311072
619941212
550892707
576057854
671515463
651709281
781781632
730643080
619764962
678818467
541308405
583273644
708192207
630751200
771678363
609649704
541642969
717005542
603222588
588932451
573570346
718268046
579274419
614412027
637437783
615804342
629000401
620951253
683422063
660439152
704120174
552210283
662911195
642506272
696999877
600413068
603064059
776618772
656293030
703135094
562779737
664364753
670854786
748317530
651638679
646559637
702148580
550787780
542284968
763871573
697806142
747557726
647603597
568221378
778742243
684496650
656889416
569597060
787016022
667290825
756165600
665957867
612315560
556203633
773879115
634482982
659310522
796966013
663660255
749861677
786498180
677768801
653365114
556723386
748527155
581803634
605196687
563704018
763125986
628821686
789568456
636830475
799754081
684902372
685296064
725007331
609651033
665094260
783329985
554141158
615891063
652602492
732208478
627595963
720148257
719808396
791198257
726739998
599038603
799903035
590003830
721225505
717569544
694577015
564887637
582157066
706407114
670067663
680828620
740874239
585455806
701588125
615413666
780958217
704407288
752379862
536920954
783470249
544073008
676979583
789114029
548281690
605326549
798186090
571291172
765367993
582243294
762134427
663455063
643027935
673008250
549646422
632416905
754997179
724363932
577341914
545111472
600901411
654991598
686531036
803047583
578087640
671739921
770763723
753820380
744186467
585974554
586300922
581383799
646677516
631598622
596217619
775826231
665793669
624195294
562918270
683121644
796687712
797918843
713347005
553206781
760918373
544246325
746812790
648643775
733330798
578072036
753826521
620182344
764095918
591498669
572615582
581098623
655875759
728013906
672897077
724596281
538444775
541829619
644685566
720915548
770465001
730961344
648469253
603139695
716862995
582671251
642648634
584482959
606555881
680522981
705272176
693855502
767863277
588825544
707636122
610512702
586199026
610193059
568675921
699982810
537833162
584183574
739166875
672477322
556484572
748563713
591983348
720745844
634692732
645855533
585250946
613218829
747105384
666041442
734168626
760347225
597750724
538268591
697475942
597893603
719715893
728488007
676150409
772048321
667984274
744570255
681678158
770799010
719153581
617675063
573404076
575578857
645564395
771731345
615494271
665877056
786008614
659249439
632708985
609361075
609337090
619772345
565914194
781084463
697782875
673647705
660120344
664107225
538963374
694197543
587480823
712956672
748410079
658061882
626240832
596843732
579611790
619236037
770412211
668372699
675851382
795757088
741031767
709828606
698940479
538932429
712716545
622637719
571510983
551830212
601091915
654124038
590572163
616807506
706189267
642063469
643321518
678801763
661815242
612326872
698366264
649349003
571444020
768156616
624192439
720086387
704992056
595130212
561956232
589001890
775643522
653699597
643427095
770714991
721568938
555532518
609135497
568347914
544928232
593508864
639227508
778015861
558934324
803910583
642854289
744450790
666233173
675211896
661309796
659887081
602724935
743953694
551800277
804520262
714241558
608499353
701453742
786997958
616832828
649245698
636656687
699385047
587710118
557354115
661002802
609198474
803460726
719842422
759342884
725407011
586025695
765318169
747162150
651843755
692168118
775821283
652320371
741827508
792735963
558202500
689944623
589674495
692779676
582827367
619183315
736339852
648812800
659766790
720624028
733328833
551938354
684025140
551139690
780835155
624913635
791316631
665992162
594519188
547995173
699074635
726489396
584676861
776837798
539388415
628375478
738652019
606545369
675846460
769195789
681751914
793075660
755710970
616181643
547050444
598150744
578800218
774250613
584744516
634134347
668107256
614649618
729106088
703945703
633127717
685724928
703158016
758089072
673931406
745168067
694920379
616978166
603788268
653161054
715303303
575956042
792655055
750404305
636931334
633519282
781412728
679930171
727290106
593616468
725991434
700322565
658585935
566767505
574596825
546069085
640778247
598744751
766116921
637690684
710638943
686814029
546255726
684318239
603125571
710951923
538998938
774680160
556710463
675052932
622534096
608483752
545294839
799501481
755815772
562531128
635837093
719133294
689868849
550067481
715481112
604217505
743921739
773166326
714745063
543352314
668471530
570653552
791587306
589858879
616071844
771162113
650010919
603395824
679157032
614494792
601909314
588736032
703053045
646723378
557938926
772246131
588055991
748610381
636283956
633201312
549707430
580385037
613027760
790878885
647423469
737954897
576503621
649463876
680067823
770658958
697887127
554391673
629016827
607758249
680180907
692211690
718073553
731845837
760892294
783117267
640880574
631980969
644328610
667822825
798010077
688759298
737904823
752204712
802923882
571880247
792018022
791006729
723050999
688153608
672816957
700509115
678289575
589411176
701657519
677493059
630761072
792937036
653478303
789741437
604515298
723402997
750074855
746039602
691567594
739484460
566170499
715164677
623393445
539611815
700065530
577617626
790905015
617826176
709192361
618810279
631770049
726072947
688986216
633979158
737131786
582491937
622650299
748110941
658266943
613233631
546924358
770188958
802703844
658683593
604053791
713735088
599160370
604401528
739012799
755386468
596495036
767665959
755670920
772841228
550370859
742487072
621173668
613493234
706755747
743236256
650930116
677924099
567253675
712429527
689438246
804107157
568949248
673602448
600188353
740519068
594586420
584727628
562452220
758744790
610856256
683188450
707603820
704943125
597394611
576423914
581017700
608146015
734805356
628780863
593733910
632128009
746879358
572368215
744907078
623310282
549067336
717723454
678066486
752811546
771984299
679383191
685494253
800740893
557197515
709224942
731392019
727783762
678833380
743176209
654182593
612510072
754192324
731610412
792608556
563250216
622447003
593428048
588450443
728719467
785467346
593193804
710542944
607486122
788410634
782452844
603560879
786948753
736506468
599181066
619042241
557629297
709139277
593946749
604107431
648836041
688061947
775105975
592525041
635183061
743549230
655526723
613661793
731510192
729330352
632891768
775180310
617415421
743487805
720117375
620573535
755207925
756047844
658460920
694318696
569673825
590800186
792520584
754524818
785465112
650014159
775717757
752870021
773954483
611759791
765914638
650378903
795890205
685325367
689756373
551493038
786413345
559797723
754665246
549448031
630235527
661093814
675301450
609988771
542937590
789609004
726392903
607514183
668928861
764296685
608670821
569069802
680582536
613965439
798571112
697410888
700401095
660569621
745636316
543279538
693724854
629152607
692136664
681092842
727419007
774945405
696964237
801551973
562283435
589315799
667873984
578152430
556650782
555462993
752045433
677882828
608568190
576949959
617293385
794048104
797939236
733837678
633896756
790365123
644054124
630735241
562886895
777105550
590154842
797613827
573470745
661560201
666591931
788135504
599943915
566924627
755434277
714604917
556309371
799256011
554350206
607617054
643033499
545751451
598527311
796525383
700792040
640326142
547089298
646338956
708850252
694859798
754332722
638731810
607367417
578688165
611771713
591611798
713127919
562518016
657586461
659776644
553463235
744905100
707640541
774746882
739219066
737410482
760321252
592108850
683009572
777285374
647862681
654220013
712568425
666400937
626406819
663538660
603733575
646187433
654245849
672036178
792089326
580957040
696119484
597045450
718253374
781326218
732725249
585961559
563468864
576578544
608611877
683432679
759575290
709666942
543239222
671713776
635418860
610868044
615252156
790407904
727523758
797392969
711516170
677483053
701614163
801745182
698086736
666865927
652638047
775130059
544174492
727073973
603744146
594669488
753078982
654780927
761441346
591019897
719749025
630562901
624352463
749377963
564963861
711924829
652748597
667296626
597916247
770917427
763894704
782542603
596444009
709175739
713977413
770332228
694372293
707192065
792566266
711335303
548330562
675982849
750684397
667481818
585635510
604315199
699522500
537208653
539583174
761056660
649256384
676981412
621477288
594132606
585958629
676118321
615008510
695147661
759576651
544129186
747832869
733544999
735392735
758974001
737192576
600207296
642236707
613849556
597980759
634517531
576029538
590233269
790074125
647062179
580587078
568806310
749986990
722398917
639213624
597099807
537765724
542585168
664452849
709050268
736922562
716218548
675606570
671522882
691267384
551385827
655983284
639917148
654196932
761231749
601280889
783322061
756556521
680381885
776489440
746284927
725230468
644499844
671851038
696657497
538814291
670073151
788021619
581314279
580882467
598165945
720282216
677454010
758302478
784975199
789923564
623361939
798176757
685221819
577307792
801734775
743942628
655969819
739933002
672821194
735776878
669194218
661216108
577721620
631851828
768582931
574647468
798131264
709515082
536940050
620609855
553191988
681801731
541104558
688008944
791169354
589132681
735851848
707719716
718793916
596089475
766317907
624964195
681069732
537997212
555671659
606290270
644556415
592178203
692511034
680105986
701358071
683577427
655698182
619987426
551661867
681147794
543894448
556590777
789674249
796849904
677431147
747378944
798338350
707553659
653334606
586496660
764403966
561027167
694834521
740872230
622653976
606449437
701374887
543556712
553944351
620027789
570494636
627366333
684035835
734280799
574844906
592700328
612931868
790103892
661912118
554171353
597119259
764250996
710629208
743052259
758802862
715430718
573139397
680338585
797212199
579359589
649092008
689291966
762025009
709976870
744922174
589355347
645315245
563140872
584117982
722415406
731551585
790910113
731430433
731165587
743753009
636264933
748061107
610193026
697121636
703110129
618673386
785076953
749430663
553881592
649932383
786006611
555844060
746996404
726875671
659394938
696959729
773482829
543759726
648961657
627451764
778461845
720929169
594006977
731237396
634623919
708388608
750008509
716847359
775812906
799245422
629456367
759712819
648644242
802075659
545916554
677317432
659327337
611285014
600180162
586415921
560231003
671556942
699458186
649333913
765225196
539977510
546140591
592183523
736750659
569123337
757133678
654087847
586931323
594506286
725562233
652319509
796459651
749368924
714055803
776482488
660842177
698653548
608594089
562649195
787490868
651359906
727672310
639635018
786538055
638429051
604562116
761454940
761015692
710520765
803082093
552735996
582347326
722090252
656605782
751714464
791197501
659259344
583431593
779478635
611868331
552129970
744955460
587110420
770100974
640643431
649623977
733920560
795806772
784007296
558742048
659679780
787879462
754773634
645864977
767202450
673885466
691446019
760604148
767003198
680996643
603358255
607115318
781457194
669903537
647238282
619831057
729778849
716998938
662410477
648966840
801772324
646841930
605729315
661160126
708056605
553057704
782344617
561042100
618909354
651900858
751883586
568360522
663562312
732936995
593717918
785144458
712603316
553465994
793822473
667637815
687705735
747360927
605468177
766399317
572657597
718877891
784755107
585248925
753907269
605660384
569485783
763281379
724918528
630343500
583670869
777575200
740501391
590780085
666125136
797793874
786857078
752934739
542256867
726636677
582446033
634100400
605051993
736365792
598698232
654435673
768765136
568799726
783479050
800345319
574283603
760007637
728135641
671984778
588956047
705432747
701974489
617558909
654707982
577749874
795665976
567161183
563605203
586913345
669171848
748677956
739553751
558642544
569023999
681268746
641394766
741567481
747398929
645635903
637674872
558555755
663047277
694017065
594023315
694241238
754310811
622150969
601176921
572119724
658456217
786514842
646766807
748382192
688581865
785383793
605641795
788611111
782582834
586610716
757507330
691612716
719955336
764525394
774084184
754412970
570275109
633798670
575870914
622681233
678160416
656779813
726201846
777655793
704872091
664617867
610089399
795801547
733001139
600212404
612468868
636275099
601417315
685158354
566214853
711597280
623610669
691630099
719366032
577578557
603996717
659163203
552079740
773068807
803685822
784097129
537381589
631929054
641716928
710756334
574440451
649013685
680583439
665386047
762926930
626875875
799001145
795464576
730171235
608819299
551288341
747137920
767851649
762628933
593228836
663198024
564785384
669463790
702634659
801758603
603236676
558878495
755001055
768821609
546200294
798374587
536950206
680549483
683999757
772190723
786876416
700903151
759558964
610541544
730626260
547571901
779175708
772355166
557087031
645621444
769544527
742765352
801473218
757156239
716161724
792703552
601475217
742059154
797120939
633253580
701836003
656763585
610389382
539606793
788292716
609016488
788512040
777440971
627123171
550536908
788257007
624839172
542372382
753194961
783648941
707984081
744848736
587836046
569767652
600020328
570147495
747231357
556675663
650874073
583419121
576734831
564330373
706941318
635593330
548601682
551239489
560187906
774112643
713815760
646551206
701512923
761762207
543897296
676113089
608624524
742114585
745995418
601592702
542526165
688836243
602513179
804804971
748640178
723745268
618842724
582542466
736016110
662373833
768302530
729433138
549178967
804237816
599795062
686452038
703230281
795587961
682184271
555084729
627016212
671618192
745189620
733027164
664725818
767644465
633376894
748802993
703788538
543445681
647213455
616746874
713869247
579248953
569657030
719834145
771457186
796004775
657849276
740956851
565739642
610497233
630401606
778558336
728676262
762740911
762553909
552178996
550428790
763137224
730392311
600830599
554880835
640850081
730286863
680582918
651925620
670022340
794115969
620013383
566611669
564030768
657516723
587418986
636825952
774146000
759731866
765528333
706116691
722197916
537293312
793553352
693854362
560598906
674482847
588716793
747729041
789015821
637966876
767675428
670945103
606460943
738717354
568538764
792359274
742556113
712733910
693225326
691525058
681601580
685511685
732251127
551659667
653984374
671186494
708603755
770658837
691152312
751143336
733749113
666931791
764488069
672950702
618845474
556843008
550565871
540921608
662794703
788950447
639004781
719209726
658437700
673703463
727959073
680327272
720654277
607643469
671862033
769754918
782568799
600101590
647082512
805225339
749543352
562232069
771417008
557152037
654424211
725773906
681738293
574665945
611562897
734187893
692854034
651556901
587018846
790406887
717050363
739292358
698490122
730874767
759362250
657845439
659458692
657822663
786188724
724117881
566320237
771242427
767859445
762615413
739772668
569731038
793062988
685632144
765199186
780852580
673839142
610154589
650025469
685473662
800217581
798553293
580530561
772018765
754150028
559173067
691870375
745357056
580360729
574249759
791764667
607346638
726188614
640348124
672682199
659526075
728199069
550608813
564449339
709098291
556853036
571733565
647587244
758871522
636716027
590131846
756006140
693694705
662525824
593639194
602495846
684809823
676835733
692229958
737357541
665660640
703428417
726447134
789661680
668683717
668660288
618030669
563107128
789693230
604108021
670950981
666325848
774419042
593864512
748328089
594225116
632006345
703197408
603656954
663836150
769974676
771583356
803256817
544088112
627036819
732348037
745480136
738447164
630107220
614293579
734031118
618910829
603135878
694352477
745379108
654389707
745514839
637608049
681241784
681960496
596765463
710284972
610544657
794238432
634682983
742225924
636478233
610693650
730315336
570032268
701013281
618676883
714533393
674418905
754148769
756968613
698780830
643549136
803704813
580792342
699638889
630858016
629699007
669639109
661132154
743461133
750374847
629540938
794138095
579188707
588754223
568593005
573007784
737905663
661640258
750776315
624140675
711890160
694500257
794288602
615303168
628554969
638586945
576739837
781569553
553436533
790234937
791743743
744283249
674267959
714504866
621214239
765976897
745735912
595433159
792797333
550520966
699219792
590800102
658413903
744687348
607449164
726707880
612520807
586711070
759418441
714150137
668132923
775805321
777121618
782651677
539974359
754234120
657140903
553135959
540754287
673252500
654452063
774127570
786422443
648864504
576921695
689206220
731505183
740519386
747283931
633927829
625312572
680762844
677079051
609230171
647983281
609803439
571486998
624695471
607223893
571085070
711389905
661276501
780231397
730386384
731949472
685801682
734573699
794505543
709056808
725703856
574454889
712089316
551096198
558716991
716161737
681430366
738570689
665304156
694941747
722777300
573200451
800736034
584795470
591922972
554565812
799565206
802106527
593584318
749005351
723393642
674355710
595383344
620147116
585928883
660991076
635141522
796366763
718113787
798993316
608117970
704814726
704330750
681297343
780139013
594355538
754579366
697028440
582589150
562791157
570912723
756488999
700052191
645459569
772959970
717262133
675676708
638845050
680351696
662488950
685402229
746203009
547795221
790898641
767124693
632526429
757420863
709581644
797321343
787452864
664161226
579944400
578982318
774493481
706829434
685081779
755983499
709434873
625886595
697207181
676526471
643739356
565130731
675527795
669418482
682993189
688190034
796118125
801175317
684899153
638917899
768672740
636498494
556177613
667727516
723552195
562390346
781794214
720316408
666570631
657152262
641153958
773370414
735201075
642767499
743363076
629516363
705934148
569930732
662739992
557784542
613924477
679183927
610803250
548645593
559494365
690758681
607975024
664203566
697590520
791581987
759554345
541008699
591365752
639757967
695940063
719118960
666758904
625691500
669863052
618145943
679715922
599926520
619647625
627748270
566317145
706730512
629696492
624087088
791405980
649624451
741292386
632176673
544864458
729298775
780899867
777711074
690577545
558664362
729837297
787060628
624387565
599051549
684777118
703800896
646276623
540710397
646920247
778715775
689805147
601732867
710595205
629808058
584438745
716518401
664158126
551673870
776544503
803180400
575692952
644562353
793463571
574015615
695138738
725149213
730335295
739962503
591952955
746845167
582983784
632633343
613637130
707186775
793542393
622468713
538925422
783869054
706190484
658195671
598452592
657350746
776635542
683263353
701169926
570688317
665236028
729905168
727408751
606716310
555864214
702706551
671887194
690677967
550640364
791638735
547065724
609578089
688169252
741785716
716572272
661443948
625281175
794113151
760724098
804770463
792657160
633022879
706777166
773574226
564177417
781207117
601083867
612933219
547297061
567253477
743854459
777574957
694997185
554347272
602557739
649230117
739507165
781988237
588022079
624822482
667396464
627400599
702869565
701707024
697424817
572751046
708414714
550849884
697685352
703342062
796830514
550338925
722513711
613105441
602980502
611597638
585232616
617068208
572984387
685962703
758629050
618576139
771041693
594335776
688254241
553172063
545265266
607569832
540186861
683145295
540939928
731784557
751907157
646258832
774300479
611684956
707119107
683176539
795282827
646073416
626740825
741653251
719074381
598597386
688581181
685499343
580323510
760307139
796551031
760513526
804923606
729663466
603684294
633717309
649101596
663218775
686668653
614682900
784075116
729603012
591606725
572894330
778005971
758213724
565491487
727979798
696982401
595508492
715299286
626291868
730323127
563070619
792360029
704762893
546850647
633988371
770782963
712186571
553186681
551411117
621947958
654937290
564362240
562730836
608890842
777530266
696321625
708726604
706222927
763271855
663690606
697089605
781350620
615000569
572628638
574923222
601746597
781735029
747471239
780096614
689059949
584324495
631727424
763311747
616501827
553286361
650262538
714297521
766744419
640904464
601142273
554014304
719721917
778945593
753793972
549829592
587294230
719720899
594835813
644838088
802629180
676214635
697851921
583221586
729074099
652402708
615455508
538760731
565221850
704189769
797300934
652448705
646940953
770188776
568074747
646141650
611033037
578290666
597741912
566065188
561209021
719541098
672344594
700237226
557054158
602278634
651916376
770354937
620763520
709124205
722795900
540113438
600732199
706525564
568213100
760651093
620253171
702642867
775844062
720181286
598950328
559753922
776209877
634893055
588169850
668099315
630872071
675625492
805170146
666352901
625347800
596373240
623348659
685042955
615956775
659225352
638621310
783611603
662059035
659571608
619406884
651950558
542164541
541368540
629915792
610113963
692351067
561905856
539929177
699085362
777737475
750468112
575104504
736427281
753716459
583808478
772343640
764030491
781027328
558650350
554373319
637211814
675552838
621064793
734518370
741264253
651372297
742746678
728632646
802621595
674615080
706668637
541657540
607824828
795104873
716765774
548817934
649918973
601825363
725942753
621129560
570405298
761750616
572500582
732650665
768312842
735504940
593894878
580267217
726251327
693402308
716863192
623483277
758041012
697063792
623046461
679352547
598367438
678298613
652346781
732470760
708539782
785374589
611425775
724539653
741394365
672232123
557492488
694531696
799091942
769761992
600943924
576582755
651937539
649226686
589880047
593381088
766989098
731886957
705929475
734549530
647820604
570427152
678809310
634622189
712973977
567346270
712262286
561350662
696027085
757503577
654772825
570096064
594887566
640609479
619339258
554560918
706146875
672774157
681937686
653436580
547314211
689452098
741417517
537360287
676551890
549107151
585848514
540209949
651979360
709586919
596175860
585418682
757301618
691635657
626822154
797765778
657564327
577640174
576283473
710691833
786557928
608229336
785767042
580882232
776760342
657774502
593019239
713424338
678908510
647605527
773257185
768612028
782243291
560949710
680270301
666327500
720799660
779572954
762014473
675854722
566564258
575842564
788316581
782154811
802975247
701310449
735902279
556351706
790080486
645716147
742043639
710475208
547467464
567583716
591753146
719691806
676378557
728594178
669698638
567319288
647952558
539474451
578779105
663798354
777627748
559817552
558006896
576696657
580361424
778885850
661221595
612259177
610481983
620858093
688220315
638180509
665337392
680646416
574889874
578193213
559609805
735828689
627425727
671074876
707245972
749116518
616412080
541847466
690584603
555863415
765558384
571202972
739057453
717474543
736663566
651242194
723610141
643979761
715264801
628989787
626919581
649388540
641769344
582511531
790846880
580350400
586395245
540937227
661942023
763794986
689081267
679326172
676407798
578058600
635094102
589707903
614511615
702205459
705322673
797265002
679402079
616375219
702642936
673490339
691649747
771567115
562443725
587239904
652354096
662984437
598764354
767575118
572095352
787634911
757814673
544660599
639835343
686564989
768743302
616331679
760432686
541791379
575246868
566767049
545991101
658443683
550663840
684044836
646165933
759974993
732757457
727756395
793750555
779387266
661856851
759895281
659075992
739929462
645178864
741550094
575547711
784400716
588546412
792886245
790939811
737947031
587465271
676591194
796351028
680043793
612233926
553143998
600128092
666690363
775862348
697006645
651988136
744226734
759505336
784084383
561149418
652576141
780373298
663978447
587366741
583209814
761198272
620066035
691551265
691668070
776142910
571700083
674639776
631972737
680952038
804363637
724328223
755057317
720780815
633685603
679231289
617646194
657709281
609542215
705709032
605525332
539654086
637021302
586115163
727109982
559158362
781091888
740937473
772416512
647465511
660285466
765436952
788445026
785623119
597643002
753584668
706717436
626629318
709156043
716388634
754203310
736399455
614827501
679644390
654592110
635716004
770714044
704134896
784746239
549232035
773829703
767373222
701087545
677284569
562215242
649159106
744191168
613807925
716825937
769615542
766343546
766885084
537011401
775675084
596622923
567048424
683858455
576277038
700310268
619217432
802615005
749636856
742297579
562634788
591428654
788463413
669824144
675461096
588858653
804581147
649881205
753875013
571940186
560520516
682579666
617400149
743386475
608567789
737821774
764072247
664275814
625103840
730328014
729868069
605904209
537837521
682830367
596050041
690084224
602610614
547993927
635821601
788188886
645074465
633591864
785387976
693741841
747322783
649377809
769639269
701915166
775868460
605446201
697668470
643553920
734617991
611696825
768582707
771387364
594466549
750902448
625281444
716734848
753910782
594910355
677332108
564760382
770667935
608650307
744753836
576815644
578335508
801132155
717086585
644128601
654652332
557837866
679717273
579255920
560377827
775319834
795189132
767704429
556127861
597489841
647007305
544807829
580514645
631737243
752239111
595365550
624146245
551719942
643626969
630293233
753153221
750478413
743239944
646989296
774377681
628775740
785300650
732264862
802066664
703112818
790226300
755261306
621719327
642136226
589528670
733996312
537630541
688682903
727647547
685560307
692510476
620118938
721285762
626661715
747011409
616547762
749351242
664983253
702597646
595322311
680927412
674812973
573877062
740229811
676437275
625539826
796814010
772677568
759129472
706750987
702697023
646570004
730059632
561228502
729712985
760409770
647824756
630870275
790711927
662849593
602017259
730174246
644997354
707143716
803824738
603508652
780085108
714450607
550321332
650757757
588003729
576273791
616101775
537346739
706105732
706010917
723776041
685618677
759526229
721089385
597129304
804920949
661300394
539770563
655271059
625967535
700463590
573178169
751504942
779843741
796764319
772330534
749115141
795134044
639541746
779114512
724529073
555400785
804449254
716097190
695367700
545608814
620893123
762679678
680875502
595972509
545342579
640961045
604530419
703174117
667707026
778894322
698861362
803729311
775767484
588871648
620599218
739046809
662391316
738180157
758461523
685773619
702543422
588882488
643680791
728238322
797347853
620525445
687795244
769879324
583253119
536923646
699514578
739091530
594641204
745532560
718679306
775830259
731043792
759117366
751174257
597290890
608593510
741286850
761212056
694275580
575694047
801955900
772078201
734067164
767293582
683005336
694253794
690938453
755645708
575980254
694976478
569553352
803681964
612238192
640909281
794857837
690483561
596309281
721210326
680822857
732234925
608099259
773156558
685804719
663979331
572914800
674899404
758842378
760832519
662985124
669328291
549741343
758264727
685460040
690368175
539541249
770600501
670459456
588898431
777684707
623679733
654876043
723969564
710797920
649041086
690348919
568751067
632603822
713467500
756108071
778951275
786276817
730254205
763181472
799905214
717916432
579686299
677081190
774222630
664098904
789363783
653783119
786735726
654871472
780927867
724674242
612166491
659112454
577548609
569640472
704677576
775960520
723293508
743531549
668129941
779297555
642855321
802601897
544700249
776680065
594751590
736544546
755824979
550932647
573398029
598383433
607315900
549016899
636130762
762270489
742602161
692036674
637811062
736779889
792812998
778548237
584207648
768465283
659962435
543786628
757805580
637125038
600068337
602737795
715804654
653096826
577843339
561864413
766611540
804988117
679471369
794973031
552275241
754529059
715395670
628855562
648158058
662046346
731245521
615773602
765380891
744223915
690264250
576552989
666887216
752079853
762229019
642948969
577733918
690170056
627223097
655728665
698973396
726088400
676642379
611064960
651916850
702576567
737502735
746364147
579177121
729478377
748680238
553048896
793020138
740470807
781355791
639198620
705298267
729450568
565340448
684716227
803008013
666003497
671731575
710181373
767214976
591927137
692657564
578348212
589444899
655138601
707534884
693635232
598975556
546588292
659834693
749206268
645270259
690309875
708690316
744141950
630350781
683464181
604527607
545049713
674602230
673527242
726447256
789466224
794756186
671873383
616516915
554575900
562650779
764487919
573665600
691317217
730904323
567949319
538063759
761736972
743813276
692268550
557129183
619366832
572459004
633799006
612786872
753072661
792708222
655273048
594539319
583733324
751910871
656027175
696988148
729517721
703907240
708342921
705628288
582872480
750124180
662012987
567395594
703512296
634954862
697362715
700443270
574779928
582489037
566722216
699782630
728079857
710104647
563578103
708801942
703962724
662460650
715082655
739306315
682595058
586679080
676198813
578523213
560176110
714840715
641251433
753303188
617921833
748357713
650865769
684679264
758678855
731516627
542713002
700995518
744461357
622031087
770704572
694111373
694742857
678873030
700397842
661319351
781715967
741692897
786229333
706185223
673989061
602815193
698873093
803702954
613610555
772453173
560337848
719562719
563212566
650649354
727936450
599058741
746457699
687247888
639975392
789983912
674654559
724757427
799223672
719700272
771224212
547584018
564431089
774034496
773141541
595448243
554350893
775208700
573492407
717879287
633427379
585528780
689157886
670156591
604499257
737934904
597364442
703116612
537929288
644424193
761072617
709805044
585666134
643726659
659681928
704081954
691763689
585447971
643182212
767465129
558619071
722829959
583136171
594890221
656011855
651400651
722121415
568236926
707680632
710176989
592390628
640522125
667371531
793926792
757402666
741876406
641987956
587246091
587497753
601689714
687376288
542516654
656625361
762827316
593389300
696101994
594287986
690209125
768846272
593047026
596858828
712224526
624301078
709379732
756663391
613794605
681992533
722976114
755794792
551987197
626451887
672331978
718198462
743511022
683152028
598075940
585585755
794240862
786682788
617943096
660164383
679933982
583705725
582635252
623120773
757834536
624153985
673096738
680130426
678922308
793590940
760994409
591681756
804059084
571743249
798448586
769164388
553037591
774478090
630210432
798285432
591413090
692608901
777225259
672863392
651805141
721397226
770733934
544341369
696898954
705860092
577886029
650551418
696228674
663030739
587866940
775993008
760842526
543102438
581050521
583286830
692675697
672089856
708200718
793594710
696549457
571124094
587998359
582597957
746675763
611936718
686690707
715164769
750672042
674435250
575222821
722080648
638859957
661871588
683417263
574350667
628680033
767547654
608480053
770006659
802378063
660145492
795063616
571945971
594690011
647232393
790506986
690968488
800999545
602222623
639778331
555500460
587448635
731549724
731006093
658262029
618641368
761253902
706175866
681274827
685297391
582506633
749283953
610536441
698335337
549824864
697184789
742028389
686878132
691034006
597873123
722714979
586201439
783258582
554478807
599270485
787349763
647823102
616795627
609603170
608889106
668437747
791866498
566999166
648960854
602069959
666264045
653434267
719165894
755951145
580626713
573359309
757453580
780778367
702706225
685181406
600605890
802043440
712396529
771915166
753974025
718359721
770287213
627458427
545162735
537294489
670888355
616883275
582143737
653761827
740530579
670592680
573978151
751309498
625190680
649362501
588958037
582971887
561130013
738506991
729497993
786874731
628441494
742676831
767219468
538571922
643332161
698557733
562642499
564678011
777843386
678725897
664295142
565029816
586083321
704758125
637067029
649176143
740036767
716603709
608174879
601511428
660562426
723486632
789346579
569815745
803233848
560959155
713725206
793792953
758145912
719511293
704947023
723028355
658488089
614141257
783039662
618995424
552193374
580566448
559539561
794927274
685745314
540029729
743493837
749105061
576370967
617881299
706288759
618724240
543917374
573877311
555341586
752454716
799788498
804791997
751544759
753279745
630344194
543054354
737999507
684111609
738488298
693780678
774623304
572123614
759739998
621098301
644639994
566302770
662954524
575051890
737100608
594914703
639856008
592846983
731778930
697972684
804191228
737689517
719932714
801015302
708669685
775085913
586221985
551255993
713732787
659481674
676672932
788998724
683967611
572558803
647233104
599321837
736775140
662079565
737371090
616761970
687098354
550654231
745469668
645571418
761778641
613235112
604335347
754570504
703745802
657867221
747337445
625568304
777525587
566779718
551646813
636248114
713228120
618733673
657877937
633459295
632418190
589197633
598535111
797174522
798306402
591171461
661116039
788882173
797571264
739833562
681123639
746221174
762566699
555513806
573274486
690983203
675217654
627338400
622433809
693594971
546743607
659852553
714087694
538805949
623740067
636282116
757318097
564405996
778245767
774376580
760834669
772169024
635934482
647930303
664949296
555260459
576603427
769426973
606559681
683063605
677908348
681849978
654115664
621079237
736730442
760470602
793932250
784072297
741306935
783635008
710799220
594049700
616771729
574066659
804683368
594037904
749127952
732542454
635331180
798797616
636762234
744604657
666247074
625447339
631510768
706807650
674073475
754043438
786782056
650637091
637995099
655342197
628295287
766690747
596461656
575196025
804793111
572414936
736615722
563063940
780356720
674661208
646348224
642948894
773303166
740105840
702345443
779064070
765059623
754077724
680082516
719711640
745373839
574286643
576836810
669432933
693983400
537309229
748659264
705335085
546641867
776148497
691419498
797314237
783990396
678287794
625204005
735838378
778291489
728477019
755517974
548638089
607887030
669145840
691624775
769262144
546899285
625908542
723221475
659808595
617413514
610350944
669583999
694323552
582068002
728126777
607123369
570729841
570213830
668431158
621943864
648043889
776521694
655128725
537296498
562036674
600784684
618266930
804927558
727726298
567612457
613331647
791364975
596037765
642763106
681211572
743716090
785071446
784142186
652767602
645397969
713420835
538441586
774677286
615669654
690320240
734045248
627002565
732928711
568091462
551364799
630017424
654114924
745307511
557128016
781419944
579322699
702896075
778391589
655231813
770256516
626213456
752330143
766902429
762154238
721671102
652079193
741463342
693673528
634921120
656205498
557671697
648266656
804047077
694940828
546048798
591288428
716903979
711321637
652778773
685223240
654166419
605605112
644270607
607622757
647524315
663210630
537198499
788731274
656191800
692699254
558951706
573657615
561833731
715409621
620972221
729105315
792094160
668826180
674192121
685075115
793868273
796857323
540849845
690455732
668649525
543008278
663838645
773989464
536942024
555048345
694439266
778796736
540361880
570410416
689969510
774160300
804963031
700466408
765163841
748214116
552521724
607454721
671039466
666408546
556087285
697172431
711605746
588529871
602327862
600980081
561186550
693404176
753755611
610498599
637908684
646332140
696559136
546680745
708931318
604360558
590034772
546996172
711437291
756079631
751779106
569821508
748483163
635987382
706044178
600916449
775866801
665659675
558548925
768996946
581499914
694323627
692088827
674013238
611268053
721089277
648755476
777241958
673825226
802005375
549285807
597343592
802913647
778896220
572698446
572064436
541415091
537034944
796518810
786425191
646542121
796510152
670058740
741892593
550502385
559015249
711966504
794643012
772195563
610264656
705200565
679388412
781510875
762835078
551410910
694435448
717191639
560666152
770084585
745400944
641895794
716407065
774146432
702432652
701385781
603637305
754011173
684936957
557731796
682604424
688031021
672719192
542769791
579819918
557024678
768445135
738484879
685232357
793759939
541876156
683201635
586468688
696009174
644358318
754123492
579504181
710579444
801323974
694638153
734109624
682270216
551052750
684802210
703931157
581568328
633010012
676737607
687691544
731787019
628721431
683039162
736909510
626385380
598173297
720189290
582119076
781314697
774731764
605411297
746937301
726347017
540827287
719655889
546727900
560843239
696128999
605353697
660346383
654114499
799553737
616099788
801917057
598970757
743575409
633966161
709812788
801673190
603902602
690240965
621516946
803777098
720759047
660485461
591745841
785507595
762827834
592473815
632223274
635196784
539307505
547272434
607704785
716677958
785893222
690319745
798290563
776202194
594551753
754696007
725435308
768232946
741519267
742109494
579579845
649968991
568928559
587997828
596135812
663239764
672770685
661439109
754168426
721131523
570017284
688321271
650871151
571055637
571094783
559332585
610381840
734227184
662758216
793078378
568916227
654164761
734931722
779697613
730496142
546820734
688416709
573599934
708271832
539666250
760078691
706396841
792053711
633553499
733757680
703006066
633069771
730342046
620230857
775033293
634371714
751683516
582621969
773980520
637974046
563803500
572825488
800875263
543281197
708668435
629977708
614229869
542550896
597728123
564078426
542677901
759222896
608789966
644084764
584117779
715911002
655577162
674455322
577192077
551175559
550293911
793006766
788755665
774300037
786452795
669122946
786517268
608072823
742011604
596370863
557011027
795783266
629395081
792383797
590029269
634826085
672218879
576497466
712705583
726065563
712460048
551818398
661775727
753287252
674393979
644632120
582636570
675306196
790862349
576982281
578795615
627692637
708376543
687173438
733766838
582129060
698827872
713062538
643124913
794079963
656104912
703686500
589885421
723241843
581184012
696714559
668805165
601876852
574550086
763753054
705203022
657069710
568957318
645021754
646278236
652946216
594336564
629330951
587012514
617161308
567076700
580540312
634300411
556952870
777848008
751690010
577865534
567885532
560378359
580246546
574368409
705309178
544138725
693306786
627726895
735286343
612663018
693654057
720113847
762729984
769953523
544669517
735419947
685448418
597349974
685475582
714877326
750503961
800385531
602646117
626944117
749331911
672323402
795128250
764911803
753482378
698347204
549115321
793219353
587025927
631642386
538617236
565908773
691367352
735003715
801401623
689092956
623266670
556083160
695815940
700190943
762299996
646323695
796079607
755249832
789848276
703925986
610900339
666777761
753128931
665109727
763798424
668189531
683345710
564531883
775135583
644228541
789234598
722287764
615282783
613782538
730408053
637953637
711210399
704164373
794735626
731976799
642419750
659797353
542706934
724166013
667525598
588537891
722021209
538254685
566296368
679745995
669024038
640437641
626460257
589671869
639856923
668173960
563432253
598391381
689611341
788098264
616501726
732965581
700004797
589157102
609141222
757840199
619917398
547258528
785473570
686098551
722911205
589625425
719307501
686657516
543191815
583443215
597455358
580598352
781920431
633754040
633885390
654562194
678272179
797801215
594292998
707205162
760641324
644847674
643359324
579699749
571957794
617115303
645669478
791594138
545793646
774604335
730583400
635935108
552722058
658827261
765258448
718462380
793020555
594234841
645207841
774374438
575500190
668968668
606744086
690469861
757636623
609649154
748776991
631761586
794319817
624148183
608308310
734114837
642090418
781491098
685062286
550892627
579175483
591505764
708600871
770080065
663266003
778561344
670778421
698110521
608442956
695377883
747411687
788397918
700187689
621557704
634408423
579432994
604010787
763278741
678470468
705581202
632032167
543457821
631249274
706367373
617544679
773225665
555784538
683379662
594854112
632671777
645239421
733885213
547025951
739045991
647883516
715994883
775007987
767466888
570717398
768490842
575995497
631073040
565395292
578517822
651753797
722065030
724669955
699092697
636275722
777210694
619657987
626249727
805297378
740941118
581680975
663502309
618036010
600662466
720495321
639629591
663083155
596052416
794538504
779331574
637976684
571205297
570314510
545120148
728857552
709578671
641649418
538795558
749280181
799651954
700913768
606913650
751119251
735530839
685353862
590663688
760044947
710375831
583310641
671469186
609487050
675591648
702496258
703438922
727778125
685925808
641749496
773865917
802314415
692738448
775078761
662211314
587255442
678414979
709239647
650439097
719308914
787178001
555943699
706373035
588279781
537788741
761158495
762952979
577631682
774527691
761670241
771925587
639026601
801422518
708288915
721295094
630263218
634845286
714474467
698584571
728689749
793579121
773791728
712614198
793634878
569172800
755746386
692041427
705244509
795850782
797492941
733058230
742589770
698856908
589182867
611912623
751752552
778441157
753797398
561604059
614378965
762145307
667617550
610473501
757182918
555706209
736069125
791486143
628016456
666382743
538588462
591009223
595976057
614466592
697698311
643915850
565536728
619175544
677300454
624506657
566077005
778796754
675209199
726966830
709012300
796548297
567050416
663909311
685461016
644835515
590859952
610190404
666321326
558351903
610250549
646746044
608629655
604301690
739938214
654155923
673892491
660350732
614351559
655243615
654157082
751255250
642838890
549528530
773913036
610576308
654135121
562762017
665446269
635774018
721750284
653326361
633395702
675749802
728028012
706526337
565000274
570784619
656818850
699723647
589750720
752605574
650653109
651915435
579021252
651664203
688172272
773388872
614888877
763726454
753531003
753114245
717724443
579514968
603721460
698292683
613077417
773607630
804824928
603715669
563256134
753488356
763313223
585781599
755207184
654569939
635513623
714281627
562369185
772642335
607682480
805213340
641496002
582977130
670577027
593217619
564431995
711621348
776587342
677435905
720981142
789105560
774759112
547068672
539975943
613856277
737998110
537635525
652262941
550756519
668716721
641639165
749516071
687813168
699220010
576709954
707831886
673353185
674636759
595466922
677146604
574266771
659375931
735047195
770786950
561920522
687538493
704832935
684597511
539598995
741964146
726969558
743202508
639286300
621917102
757343094
769122069
741227971
767333534
598302201
580237729
793968356
610687073
596508708
735403416
747687777
699566175
756602107
759344891
538023007
763355368
555982833
795232801
711524071
652207023
730539720
547529853
578365474
746211696
642846414
633338166
649688700
764227426
543483062
597450298
800919058
616208947
758960587
712002929
545375688
661286423
690244863
771546919
650476199
731106040
724531096
794877606
652400957
562848307
687295096
796028687
648061933
763817986
568298047
691773195
704796943
600993125
777322750
804874026
648070899
607301546
802357208
778983829
585515631
584131862
766519593
731814922
673677246
546773295
713151681
693137830
611845299
581467678
700943689
620406024
733379913
620636686
803741148
754998168
716321862
544449980
791330395
687234257
556367361
576873330
566082849
658308247
608358983
645845792
701966341
639840930
635965551
749243604
743087492
606751825
601072009
569901487
718974746
664437000
651516543
683163279
800033876
586592141
752435543
747702308
692294404
537770029
773356795
660921527
623346771
804797373
709599458
620234805
796506394
567606365
722955970
701536284
722465846
605270340
539528153
789281105
651393164
542159971
694595136
620857883
616945703
631097982
672658304
765039933
561697182
775495970
654484909
701342789
577742641
637516336
634595535
552670331
631634162
801496538
630917416
755237019
653980614
609840235
563092007
561712033
733674326
665994887
763098253
607142016
769313509
578027216
704769760
676104009
570296471
551652513
706767178
576375880
573428346
802964004
707129983
688043259
678229372
754845588
723159274
596994004
686796471
668677750
683693102
706147527
784493715
703707608
770848027
755533083
581054574
723600535
538444538
677500225
543540149
633732586
783897404
771313856
540105740
581733963
610682855
802021176
588131558
747075204
556120116
740340012
635284734
665855072
693626675
718903717
578657188
657869399
606615864
547030158
566538799
775213292
741379999
609803989
728192666
607258174
608990307
710949632
674671034
714835956
608788311
645618233
635577610
591396532
785224030
561362555
592409429
600584249
767552079
747967365
705473371
655904764
755498718
736207297
703902296
588391636
780470479
726350445
682592456
628792281
789937262
718169975
625017667
575572777
767761020
642555891
795793475
716172176
678748902
779262871
626681280
722901469
705647636
552163055
695209114
794719909
723679884
766351902
542683311
715673649
551202371
586101880
761353448
748542056
657828533
569565311
805010019
538824163
559606857
773150221
565707003
630020952
615617737
686344650
601542471
631225810
590045060
746722750
565237708
707677949
573053324
656593339
574666736
652873564
696718599
746379173
745308727
572847793
642856233
767466329
786754865
671966721
657110698
772743711
775188976
765587204
626985032
719634790
624738484
544042878
677883551
623641980
545019183
612815147
636490554
713650996
762839085
721317372
559941895
558087264
655880629
701408508
670069114
772517762
677809559
569654881
755687688
729825487
592610909
785244753
678916983
673856482
635025105
575713927
581102405
656608443
661297864
707838504
559994544
570833481
779706934
582097036
593735182
704657828
745439184
742658217
581295508
682369337
741776778
561737688
689625828
781835552
634282187
645243936
588332934
573566186
754315343
560993470
718036532
687058851
678194052
647615821
767968638
742338559
667125426
714195748
605339356
606022295
568014272
671591252
592225428
690988085
661930139
590868539
580215494
736929037
746525071
681501988
558082339
684266082
788888473
679606318
661240253
553147577
752616615
623312680
697723082
719304608
606086772
629202516
779817296
549209924
789100096
801921269
587821528
709472423
770998877
652083815
717133550
644797734
713239229
638755785
724143921
655682298
628329200
656869416
769200452
751393413
547348478
579522858
559919327
712020836
577890112
584075665
564996414
601151535
550373576
615131300
691995447
696216759
781564681
752231438
715328990
570998209
801687129
702431399
602469261
711447005
570765397
611603134
708133514
657231704
596679305
779785517
597995329
616200779
630735370
592394382
703352263
778582622
785401355
732525255
722588691
804925911
684727187
583771583
712312464
632338351
561758895
792700206
787336004
770713669
731206331
803521351
579416800
594891111
592428204
710555141
659365715
730229874
796456844
688636277
676411730
640805410
583699241
764337800
740744711
612567180
537583155
587912311
612384483
735672938
719780307
587374802
564718016
567887113
573676369
738392281
626428016
647844459
610898517
653744071
770043211
696800964
599734373
675204231
604005823
709925924
688477788
673983193
716200947
773279943
645049643
767758222
672773081
649687462
711217792
599640709
572281520
678985452
786442990
684453937
637722365
663439573
541079771
611739579
740167481
556687550
684867770
593195504
576165703
664329734
778520396
766895658
784966121
605191643
727457484
726268681
544663564
687614979
632132977
695164136
677868719
635777211
789845298
577849296
735013299
612904458
714970133
651865487
780024097
694296317
622479819
549016598
589413284
643210934
732989967
599452195
783067590
723154827
685482447
619403425
652713680
746903180
594835595
668872850
694926170
645856549
616219560
609394977
737108375
613945613
690166257
794734325
562635662
547427799
544585183
736049488
680961139
694945576
677848377
772295902
703139495
679407572
570164318
801538909
631108925
537710954
701938392
735121478
729150963
743232319
784539489
680215939
750539182
783316944
655897243
709992661
737403420
699158589
681453800
663683915
696652871
599201215
686047528
663664391
640612988
597726884
637674841
619533326
537913231
585197351
578560978
546550937
715929052
642437530
722849057
540858761
667016959
755839815
677650616
587472089
566052005
680410764
786523544
645532220
662954822
555897499
760404736
651688056
632724653
796560253
612891971
642538717
794021633
672802495
660694488
721042431
701213901
739830591
541752040
640607201
752592075
644206056
646787976
627427313
599875734
613559830
581835083
612545955
546628770
632553784
787391841
681079394
567262310
538107245
687451459
608769502
609736331
702785221
774748700
610010037
598681721
706962659
599110306
801065529
654155115
744262813
718016754
650618455
756710588
666798032
612657774
612263667
773643140
732627129
708988982
583551284
561383085
758385491
714409957
672664715
782427841
541393964
768397816
595108450
698627107
618405388
793722252
604239981
680676138
583392597
672180792
695030801
803166078
610371836
567334875
545314994
691307366
782127248
730884857
622911959
573646905
703224588
705054580
540684329
735066820
739221204
710328957
623105273
775219120
599080579
786774885
551808759
781893293
785675267
647605441
698162002
767015089
691428271
704108848
677692980
760339334
663374366
634547757
699923108
790696826
604865701
696818095
723643554
711828212
575167597
764693863
749835431
756050900
744898715
634044719
558389603
598233807
780361477
605368771
768568923
627569651
721906682
588950453
794359941
804541882
638404655
699786390
618942310
614514791
664451451
649347708
575046243
804770243
579864134
619621670
628472779
753017138
587363870
783432106
757590361
777550630
763460081
660514650
779132788
594791708
631252980
681460022
640139746
772060041
696241907
749829974
631943716
703838068
758599204
718692571
622373964
625615046
665791120
564639867
608956150
674025266
634969688
789099513
614572691
645248756
699853512
574254566
693853322
724882540
771121376
558537163
804492020
650740294
735595867
783126103
715273246
661212305
719993522
582435786
674852666
716619540
659209694
538036880
763106655
700745173
683900906
755710709
737933161
671195608
796914763
621720445
581700156
715287974
789377764
670496590
729252601
639695054
685494926
676544506
626088499
617961656
548497128
601015760
669663344
544856782
558899451
632863848
774236794
609155475
673856387
668442029
640444612
567969328
547693995
649255511
604265619
736419836
706197382
782909845
667170378
759225093
719923329
593649139
792860535
723350253
582951041
690263662
749908796
739850280
758914194
546944504
563794227
741319150
779968163
560744107
733913183
553268286
624426947
619786442
538709419
699591910
618406228
799396771
771334644
645460172
774962345
746686969
653042393
792538397
582984316
610742793
551987386
661197550
553978528
733546590
597826821
573670676
546148945
674956732
647186332
648213647
582288194
707377818
577895154
747447125
719786872
536919986
722356420
694717797
616442812
641516114
685027778
724587958
740221942
695830237
680483821
580832806
680517666
797037486
745001952
556092870
559934401
662895043
594449464
651086039
652093953
564894878
752453498
691646836
658673995
666160799
777075889
803067884
797230477
627410997
653635154
788502631
692952888
571134239
541915272
655275831
760764632
603846859
586275670
626110898
631205199
568959917
707057550
801129071
708839765
700084860
654537016
545377852
680435584
718385302
800847608
709172919
726894319
787271670
675522344
674923329
650997524
564347336
745361245
736097112
674396488
610521855
591819337
551553135
738829754
702414976
691518143
761492253
736825871
550652798
716934019
618477940
613590387
747017376
792927444
794631669
555565635
616210723
640436479
671534898
605266172
747374466
555419607
773478016
553145863
620784210
689404502
622317866
668818079
549193866
574346906
605212323
576818739
724086979
684030196
707854663
763665207
578744862
739071807
666172584
743543174
617569924
789256304
731052488
627052082
750784137
688820986
642173736
557930428
638721232
742601348
750608362
780585720
681275329
776096557
758986595
711667399
744473970
780285077
640404224
790372278
778729514
613525644
752836071
719328337
702250857
754688001
691399651
705858311
664864233
647722077
599724083
624098109
716335424
727511972
721977623
648129004
756584524
766255757
796003260
608601116
761137005
651128262
584316764
722939427
547425036
602114424
642607118
731192493
642163490
656248891
677075869
577423895
676082488
629982943
664876435
759144229
653142811
780705136
803547561
713666815
548792428
702251609
804354117
595549646
762833184
660271050
753798951
583495948
629365820
763989430
545424930
737851903
768037049
693093260
614800157
564478435
555967584
725368935
609741403
749764284
610304917
616063039
717931335
546960770
796920071
726029609
620449268
729902922
726265991
687228296
541856893
676046038
803478543
732501555
656358900
630943894
771959247
799482569
780127198
774905744
715037613
688510602
681438950
760289829
741967301
553120461
540594807
742871908
575028759
737605698
621921106
633281131
672614187
616973600
715758693
696019513
748347461
593253921
683021377
599683868
631226521
674596607
586652436
692026017
654233382
593190194
632580492
600505399
663328227
726316871
730815347
750149158
546939626
787061894
668108043
639409947
733157540
713356667
639493455
671753684
786658767
702561276
612562639
640528886
775699597
795395076
560327319
683320576
777925866
757958926
581131233
739236834
711640877
627627423
758283547
729328199
641027757
539542403
651616829
686091583
592797269
537602455
758902813
708362254
661017557
801673745
748964675
731058566
539583733
625820074
771563736
542733253
681136435
641771006
634586859
613423917
603211551
570991367
750810030
548767666
579798457
631438068
667661345
656760833
706177469
683701502
551860179
755465685
592172645
555887248
805069355
662623874
537033365
760073519
547315303
784605384
798350487
689932337
543193699
587021828
553106584
666725589
545094886
767250592
569391845
635194379
661179714
553457034
651123952
736510088
746856849
610108338
647260515
714317321
725742702
711265548
564423745
699846028
735700533
566835807
739516463
595925812
618601960
637384945
765095023
667462876
689716303
568785681
567317138
562425130
763922385
546696612
731634672
634419146
782158530
791779073
749751163
596012231
583445823
682150532
614891864
759664621
648517226
550006297
698952781
669515840
635405031
750920442
592171326
795609130
741414553
747407262
731390135
788155236
551492005
640976509
575380423
721017080
769345473
660835088
660612221
710701610
787800341
803098840
574987123
745129068
770645635
714405370
584998742
688507669
598515587
605664809
774736217
791510678
612780461
539926243
797463496
566061692
616539259
645609055
690597640
688595286
542365487
599192800
594496956
698424250
654380108
722779257
592263496
747777134
561686584
575171134
696898893
554685667
606381256
775829723
737880574
634291403
631784322
540620441
640908543
606210039
667320836
693806514
802978700
627244374
773931811
633516454
714175366
556314689
765558885
643651442
802907882
657410939
632675580
545591248
790479564
793401329
740897765
636520141
581996941
608638884
657078596
579546015
538721091
730792741
652562142
611964085
688786399
543865422
737045021
778498476
719525327
706650534
710614847
664136354
563890317
695385118
565171518
652664504
727507138
737871539
673121249
605654953
763271283
616887364
771271696
795054248
758976182
638437711
632121963
792886179
674713021
658599057
688280586
689117694
650517894
571939194
803283318
780833814
764203155
780102348
609338742
713832247
684207089
676458794
787657876
616393390
588365013
623866114
552921722
717450138
799020468
753208362
803961577
773491032
710944443
613920484
543419797
800318803
698421299
755575989
665638073
795827637
711462916
625986173
590344816
771469062
795116995
684624440
675358518
778817723
707609567
667407656
590588313
637698068
617652301
722086272
595913634
776787856
692283796
785178060
764212633
762462502
785831839
656512107
638217840
779595921
539457984
768432531
554216128
585856188
673220840
768035715
645270222
634505367
733502973
638974024
630358136
699884268
677029292
800579066
723862943
662752016
608793828
669001066
777013760
623415101
735160891
582358700
721353237
575294208
664606955
642326811
781509299
660742688
784876298
584425207
574193237
635276343
617632067
694437443
643456248
694598868
551718938
738872090
719386271
701958311
667143374
623938581
588362631
773333055
560356629
722379160
554823076
725485096
552333666
794541765
720317657
760994381
759550635
540950896
781893211
680574070
801716986
774166706
780834852
768951663
792876608
567834815
695453865
635511644
622673916
600710800
594555802
701354691
783004837
617097409
777988186
742833402
639295173
787799412
577807905
701755018
591305313
545508551
791561405
793509853
743054793
622139819
698177405
539535270
578706941
694168581
574839502
736247756
707078568
765618210
795112668
658346937
583220644
756314720
662092401
588442267
759445924
701650334
796158595
779762676
630520566
612094605
678844304
683086838
666638044
778989307
640302995
606841750
665497640
689709368
795104893
745185066
619476158
607082192
665932767
757561446
798411468
750980665
763743119
796725886
688082262
595476038
540545544
739149236
620958194
546650675
793560239
667972233
735471370
596631023
591360403
687038422
655712495
645666771
750886837
668293793
667357305
728550906
789879603
769939648
574116780
557283153
664848738
697341799
555093828
707863477
654293334
632246494
715379690
639174981
610821647
611964586
682628420
572423572
618295228
634432577
730843467
617864667
621902547
750875852
741721247
539841381
583325602
722540403
721635148
804797995
662467133
594488348
625620743
634446075
802689932
538109076
610794908
590516340
576865849
611371788
554500781
679237556
712570298
683905980
748253711
555203384
585164949
611187413
765132685
620502541
729913446
754175517
776607621
650212052
573201519
585375289
548876224
608144556
699697537
552831955
650614809
801019035
691880534
671401857
589949674
662920524
750948757
563916579
577458202
549357159
800404905
729108178
543333054
762635945
582039359
717908029
718190793
569363934
549711279
628592869
716455506
598622254
727060178
562622060
610238805
746961675
666384862
589062999
762140234
589180306
734185387
730611098
555834492
699406064
744956023
760111630
740260161
778560905
790072074
744196014
754135292
594958928
743274409
560774959
559152542
627376886
584933978
737266394
756125586
544812137
651113958
652068098
590186514
569260423
595408588
743479041
742604114
687696660
729832784
575121431
762743641
692078113
723324422
634420783
603898841
615983211
786069766
795779285
685152468
732411622
578970170
649717409
598344514
739639687
601303830
618020767
723085078
617403010
586125709
566939592
702661807
711442473
692802946
660680333
707791361
548490607
657611552
751270504
664425509
541557439
542420647
750747769
540080485
659246614
633015467
769809651
638774405
538516604
743782083
707453115
715287736
548826778
795205957
725145822
751208498
645379815
735434048
687249358
629085565
668681948
743104917
598497578
723728425
787437218
543357798
759295040
717430479
783634311
673556675
729438137
554992385
584810468
539831865
583028954
550325576
763435939
589046454
760729332
673079768
538503415
618393545
688108192
625768340
796419199
754682440
802814790
689363982
779929355
590726300
650914658
771144539
662893181
757756156
759695124
796697270
745269360
706930742
634057919
699946265
623158686
740773663
775399563
580084631
571544878
584161839
570219087
662691425
639075871
779145647
713813868
598928284
601422987
680331051
755662013
630600161
584425947
581905481
622805389
563063251
572958259
684160032
540957444
557826553
772531803
628365423
724471405
766218526
750372501
559986182
799247505
545853732
663301572
721042939
640515235
664665003
611683988
659372263
550497636
746481104
605853341
715074253
680232894
696957979
782434724
730492203
653210803
702259778
562310995
572638229
735514599
801456677
714967295
733509128
739657569
674123781
610978637
744357680
742033485
760533029
662986384
672434513
735796249
674849408
741084737
773737564
782784582
660897627
715299030
682678042
766852007
745328653
662518679
629586880
736817553
578275353
764111110
581210554
620654157
622085298
794320467
712642360
597663946
660727514
769473634
682121359
746480723
568127834
723972217
647988140
796103403
767182613
705456599
598898211
758300039
679260484
685232487
740088465
543371602
734339774
589579806
600363005
801293872
705861314
666616082
723267162
540493473
776131244
735317461
804865001
752056064
694631107
634926567
620273682
617390662
798696857
681043523
619254009
735898638
649276189
552447159
630340221
725292560
539448760
720535028
574642169
542195477
604515337
617790201
638112831
763183314
666486907
636445000
722272530
724465230
722908717
595858065
552156289
727829167
622962782
567230748
752653366
573937858
652169524
688475285
581941182
677246572
538934259
804323221
800500639
795060085
753902713
747144221
744659615
665640551
761504414
689801866
601603523
569378559
683471953
630690596
661134912
596056316
597286392
802101631
720922750
803617625
603209863
675839664
599852324
595238471
537623510
729219644
555472192
570033374
755835263
800215323
758632155
681410064
666079604
754691435
584882455
568590218
676405304
754087200
717471171
546573567
640874925
754612699
562108374
604978180
549236198
794136118
573722230
644884801
666706424
753398241
714447006
686447114
743825184
639031812
637617854
708676205
795880289
575239133
541293589
624605594
557037184
724944369
698903401
797137686
726383124
635255315
558404329
557023913
667803506
628720168
567359921
577937019
692594395
802129922
766286081
578570217
766179180
750735594
587402086
630688283
620327471
701573187
648679275
607652654
547001779
625145865
588585466
630295767
582523845
735885140
625357183
697753047
620732317
712527682
644703071
659463990
650871109
574921481
587287677
762551458
656949714
566048103
609400000
602015074
742436051
746680751
791870729
666421562
555255526
704739453
768476574
690348036
779224406
732912942
781003702
773079690
780979186
799545180
670362523
595403476
628040120
725603420
736927677
794948889
711220156
787571172
715593279
681375739
741303941
641313160
572222817
690773463
707045641
732471856
557383235
746827861
602736063
598975976
789381243
576457403
725675735
699325124
661889349
626586740
690545664
564717892
677549152
785036050
800479078
771949651
610794095
776934397
739121732
698244400
751493898
596433411
798805246
751616599
639697776
644384059
681308036
618604455
731856799
779978054
805037512
644968376
634557236
675230848
582049233
631597854
566826554
780475524
620796681
697426076
653938032
562493648
649413065
578551616
592447612
547725059
607656999
727873851
647479695
767204000
631024695
678415625
779979739
738015524
608401598
543983912
543647016
559919691
708779627
694516393
694438674
624454633
715904585
788567881
625067992
761163408
797061382
622711204
707291821
715977572
711330803
615924093
801005074
582954489
632358913
687794038
585670226
590861925
734388044
701358374
705658005
620384353
762551209
563878455
603522644
596393410
625327124
686057662
550345819
658142322
671594781
716210850
787134847
729342550
562331491
761278713
685455736
562755473
573481601
611150673
733565976
589885293
737424990
688506580
735706924
728508106
722152186
734722325
605204549
799515376
705775248
571684067
575361304
602365691
785683253
770634831
545558441
743522467
588663652
547517122
718288525
620692308
694401120
697610647
577896616
727011457
577181491
695743085
588733067
762709801
743190254
620043291
625025027
713075631
690040493
622027411
797206066
722888151
634591719
678154488
764825628
575680192
687784968
583009549
546476904
610812029
798807042
772260648
683543222
585165513
554727019
732083246
684685254
761307376
618896188
629884504
643587654
603286911
776891142
674001807
662390187
687962118
668319244
692186578
666800918
742003428
803635803
548009199
560028412
745192864
564655335
638057234
560376887
745191141
789121179
785580009
596161321
670600199
776457248
688714047
736042591
571190575
562354919
624021726
660605829
684417608
706106509
742848481
752796282
603759455
614681475
605454876
672954260
651507946
558508363
677481943
657833655
636442409
569411054
687718690
625901292
677708045
640346767
751404264
544884078
768806878
771254286
713529820
698370797
753528457
594142639
611751266
696343397
600536224
690136347
729786694
639979862
550369593
634945310
598698492
541378721
687106422
575086323
666174603
700994990
756639371
750964919
788257563
601675890
603154001
580755141
748720387
547813753
610914317
767767216
765212096
605140799
656290229
756852051
668651392
550237612
783416888
682300313
712535206
724722137
590961399
726957383
546717851
802558541
778940566
565741359
693956259
587376038
787672264
658233554
787379411
563833093
693629517
799613170
743467388
592690509
692145283
766546763
727559202
769011216
718244219
667072978
689109435
541367230
789698102
641780894
668338605
647403367
775590682
546596831
558574334
602482502
589006873
788614899
801515145
656970127
692678342
590397036
584058247
552326114
763347068
689792864
657348602
560349767
659886273
620340514
571571541
564621152
786899604
685524443
594575266
718506228
780223422
551702216
648058692
642896214
765151020
764014725
792956732
785673719
585890277
558208363
651604157
572337773
590182057
710033276
626444719
584842103
792444313
789815187
777222023
792527843
595649066
764967853
798861591
551385404
551133065
682878445
730811251
585408866
719525375
586380516
584234003
688013749
779358616
713090630
668029616
590077603
777005148
744765459
545590996
755286083
691209584
739636357
583373808
650410909
615159078
800289989
790292503
669035210
607653952
572223839
549319002
657568772
557657803
701442557
767683862
682647475
711859328
727215553
647451458
766426479
636582263
550118579
563720120
624289113
549043374
727588594
721130098
585619785
728001838
655072302
560388827
673028630
749816860
674717567
596587529
664728417
682559320
660478280
730503211
734426795
682378478
637371289
798650948
764605234
664853381
638807597
633076992
730297791
717422060
719327135
543380352
546316590
701269606
774101360
647179043
606926302
598305444
604363468
776513690
593953771
730304859
710097107
691003231
678996982
771064666
775870454
771104204
611027286
681922336
549270910
803916181
767206916
777274214
690683204
638084239
626444378
701069450
579270529
780640063
623672593
660139517
723834216
580267943
749264413
567984691
715367354
630011180
698698167
783723713
630401593
642662223
581806782
556439200
775971281
642376753
709234816
635209960
669186811
781692599
610797641
568332683
684283647
596053057
610760367
794501830
758495307
642851552
597519421
655122348
702807971
590727200
570818100
775202808
688606780
651489057
789942765
646419341
799363918
579740169
554115117
776515001
645570262
632612266
676270167
560947823
645198271
654196256
695855214
788641929
734187913
643225200
650880309
677248410
589638169
621679674
587453559
803551764
606858920
627681181
734131746
707613429
752010516
755314582
593654671
714612579
670303704
641892993
660317025
800730941
759722323
736159249
596749445
557801733
653363508
785050147
798770937
706010356
671997489
596709819
672563561
766826653
732612177
774083135
788371960
748127180
656741891
594763215
672764483
645988959
662573513
757438022
759531055
695585264
606846348
697376560
678993482
703329326
775809663
746124433
610389048
715351872
570273967
598454660
688479868
621533259
789585851
780514782
542987226
775859796
590565621
777397885
610765963
708402506
542216188
755500920
767844800
669763628
538536455
746635914
552877818
538508888
556188034
772262553
733093422
796734146
569851334
780499578
765285993
681940555
553214451
618613286
775982878
568700600
625105999
587152364
593094661
618350600
582965276
759686857
592553393
591271030
601608854
560936758
734137913
669582517
673673892
670462260
582034902
643168039
627984311
776044728
659871112
717796323
704157843
662113247
775955277
567211087
601232261
581188270
609856421
566583596
559046407
794602109
734168858
622604346
773328667
657031149
740107132
590756984
634356164
581040387
673693979
787648676
675877952
658066314
606240044
650998709
758549587
632291484
804021318
708549252
579512689
704998876
556800679
562525863
705547163
716193817
760686993
689213597
735002426
801260870
620146027
582722594
675182217
764773632
602666387
607843435
717958004
687712434
619658334
578654915
613788187
540442426
722489518
802204921
600696149
542573418
804482080
545133916
602300013
705910469
607580565
650170762
590773514
616709312
627529221
591707905
624839715
552883558
800580196
631419372
621110056
789705281
762613491
798882759
746265290
583510513
649232236
594486042
747143238
743897256
572827713
548057967
671950126
598375096
583828915
624294715
789850518
689126271
786094542
586663973
778602356
581712947
581245438
594446640
722236900
599017201
733540217
772080319
760401103
741773691
639183764
726914152
578238963
669001147
710030240
739758121
796122259
757848178
727526404
777180524
612356600
607863101
675525599
538303322
671652666
587362574
667753265
798379069
551504196
801525029
574629013
572005286
543814085
662515605
754071903
572979849
729031430
782911136
790534668
728085687
803581112
689882835
797422463
660163814
621915225
553259480
590403966
673241441
708545638
612205749
729017870
720479929
741453031
585276054
629719509
692983612
654362896
634417545
565638933
735240700
801836641
759566006
579642958
574926331
758410870
642087457
663657191
750456721
630724234
680949047
745992908
680086424
748074325
636608077
728515220
630943410
613677801
725090330
734783921
721392990
590340462
579246008
794160567
659088003
659284982
698513146
647196479
685299933
540508377
650264433
706483628
538632664
556740503
783504082
615271727
746075776
783865698
627353404
604063160
744920870
805150174
778979840
572924232
606477739
686406207
735090228
692198288
560277672
791547728
549625619
701605322
785573882
664288076
715605548
715738615
552084316
723153465
734441667
555286165
769136456
542621705
553817639
686436864
685830050
766405096
553566316
583801013
717771864
546870376
710509861
740795578
538345713
761402535
725291106
652330134
660899875
544653063
738314247
779684508
638473238
614771305
761918175
575877858
763454292
603272865
576504220
552791107
768369907
609289383
610827297
625977571
618557707
664901777
622138839
642196775
711448773
554745454
798838411
569306380
579632718
723632007
699184064
552708915
639708973
660169526
751786064
751152229
727373842
795921761
619642585
746505238
544765967
706935219
748944799
574483724
716882266
660901566
733326706
735928913
613593894
719430534
775379878
785802828
547715057
619318014
675776482
586115528
718351694
765224995
614508512
675892169
793089149
800404993
569739873
780797382
724183575
659156133
640476706
803156427
712963856
757240881
682697046
764669568
728350391
595913300
652271910
622263506
794699208
686404334
640415508
708545399
724446326
543879851
594986170
801923908
547153600
652439582
733640393
669786608
785957819
720461985
715267278
760907976
779006986
649075245
769195455
550596002
780867066
681499244
755974342
659207126
538110334
591683278
618367147
654458123
689097032
656920546
691645280
549495592
600990180
669887337
748754483
695021093
665527330
563740102
578574378
638213101
757386978
555319949
631807202
590523033
605810020
564274003
681052319
720750177
759692278
710762773
764759919
642003326
711408810
631055502
562524047
692820091
701041494
653634211
716988604
627996127
692912305
777900990
644375104
686994196
718751884
654803451
570871163
703240703
550076017
582757161
567212635
567377146
688883132
624411172
557769435
597574471
681196061
728075446
576911989
639540019
641708722
594754400
613771923
783330607
560014853
753613497
554143274
733498786
686361898
760085693
584616113
687070313
594570240
678775961
642388454
776264188
585928427
645312284
624394937
778275622
557849627
563036922
658253754
741193321
668106761
770805884
655527264
541227901
758446284
746896431
655968508
786246153
751077022
537902864
590733331
585509701
719736288
654621782
575323974
708697066
743069110
650140501
758879226
628280119
673954722
765288107
721375327
733275582
608849821
586641517
654057073
780716710
728460794
638952953
757784647
546345906
554980642
770945120
581937638
642533241
717258154
649356241
727241139
572782886
537966619
710229304
569726325
786759371
783597791
681408595
571587182
550145354
650288089
596560156
775297802
687993570
760807091
697115363
644876369
647561794
575513736
681962128
620613173
602864757
632973582
580578545
787119628
570963775
602925661
778732960
704810009
636455343
762642218
724285430
648778702
610601198
596861214
576231717
743917870
619692480
788132680
725036566
577267058
692733473
742658012
610923555
796446411
760603343
748547016
572887301
620922632
792060785
614784395
746233410
773755996
660417122
651368542
678569705
578347863
711173022
775268593
736328981
680935853
781600732
676005486
632255758
779282772
552925517
573368987
705041096
680904386
726178251
657562596
782122895
782207593
536884829
746649875
742156780
760658479
643554421
683785115
583425419
703655342
554221760
725719717
662701035
734642845
577013473
564648396
698009692
676747110
785280497
667010099
662666253
689087691
597395202
700659510
623053985
722772009
624307451
603704445
735146571
782530228
759744232
786546099
738909438
770714146
650618473
761748756
650552086
563750798
738142776
691559485
760138304
632182728
759363464
622230497
664457033
710884064
558652822
626091151
551475679
543964927
661668129
563180123
584767194
664574381
687182372
600349110
653015280
620601908
557104373
592567315
701149280
676763312
571666088
800258212
769146725
700773586
757699996
562756212
775236824
738668087
667078450
733789075
620572950
542187235
606553161
604108826
562036107
804924747
611461985
757268727
714136383
554121182
776415988
564042631
648345651
551684578
541341206
588439289
763442165
755965128
768571061
691698625
571497641
560947966
550915635
697989217
633500808
747899164
792034891
754145269
578692776
540073896
685395222
751263053
671309642
608427042
722793079
601295334
639960947
591121881
748005389
585498287
668293701
565201667
651597635
688940914
653557715
607286388
728807269
762169133
701456128
662346315
687307372
605388629
654942845
766282148
645063709
714242304
797838790
541139174
604299284
603527954
614889317
651892087
793519515
584930832
639700588
789160744
783341305
591899935
720400482
543775961
722199366
566232870
756693935
695959339
635145148
725737636
707047135
610505091
601521614
618128891
582397450
695422900
557097759
588888612
752314415
800496807
763396142
602801353
646444497
554738611
684763316
731973587
597117245
746857477
779349539
717218050
614008630
621803611
701838641
778693188
584903826
612899645
664743292
772869237
569167195
602130836
626975871
540220138
798312604
542602191
576155537
703155847
586086977
569439131
726476578
599186835
672614755
761158957
661194510
668431267
628783947
768596943
746399134
592285713
655453103
798002100
604112271
606558519
601669854
793940581
581601479
707493594
541405030
756582441
713179704
735947667
547511276
613108447
773430223
598147375
612053909
761843636
581428445
779014205
779406987
724184360
646444406
702095350
617325397
628382188
627683714
796171034
747845486
665040893
594000582
561713725
564385637
655417981
616284584
625835568
650570282
638064046
659142721
600797417
747794134
680368575
740408471
579434122
598730530
729992370
604440187
550483568
695329201
682936599
591296443
609895677
684814028
729604436
750635230
644628042
780314887
613942298
776754519
636937184
582040622
578941716
662672279
731742854
564199069
642836085
619907538
701616101
683408850
541095566
795235793
652915943
682428835
654622195
692651597
603626952
691284848
799067386
602443237
699209940
597994084
783802695
603421074
737070519
703934661
723930012
632730571
778177864
788588936
658152201
623667859
554452306
649707682
617342558
540127607
732323688
665280425
646563191
761261207
750614054
617863721
708815421
799168448
628667145
589290212
546317356
780790808
632380994
619223677
763244513
595128028
757135045
574260569
611095698
743884056
732945287
637296012
623492549
650424010
573839760
610522351
537243463
721111155
659009114
604443864
604672116
669486418
701147590
607524090
792553909
563879310
554387977
587732516
712211418
694239850
562518291
602291682
615817326
613358169
598424464
694367744
675012335
637510748
598466912
643556163
541112943
585303257
721833322
678273388
677043750
564517470
701949404
689925908
588097238
744749766
637732093
655512688
767937951
549496658
702737473
554961661
652273012
615783470
635883915
614079957
651243710
574988692
735913588
628726002
635038222
574202597
652880353
750705273
634502491
655901414
758808016
567550808
751579004
745441632
708924213
593665665
673204308
742702335
691480399
648647268
619732153
698219060
573362309
695523015
787174601
740190937
760709567
602234346
693189424
776030198
796929634
627876460
716033840
544135806
669919917
687165436
540400410
695094625
591617179
619690312
698414287
648399685
661811190
694510311
692778315
553128481
623946915
746221721
759734160
681356672
800902417
742552147
761875533
620852808
716692366
588014108
657695046
708586585
671725986
715179887
560728351
653074014
537242566
595716690
786661648
712603220
566496907
557760340
707464482
716971553
713664964
669173656
715042379
715859619
547250660
707008412
624950202
602377105
797741329
595773150
604984085
695361384
709507991
674571757
734421607
745644167
744798268
555142742
581977845
795591868
595176033
664928023
617916524
693161609
546578639
700435554
678697965
642714472
609654732
661252640
581972270
608086561
631141712
711878338
625501820
781019962
686866551
557540127
803701327
737840269
615615778
559469628
589660204
607908216
685866534
688463125
777632983
611052122
754988619
788665183
571650420
567895830
653857117
739701110
590448067
694654284
583759053
574466277
775325748
648066507
618032260
741925219
716842743
734125310
743071444
784745614
700501583
720483343
664773892
675938247
557229816
560420645
591913533
658486992
797572764
625457596
784286483
734508324
602597970
537234085
742085019
763520015
598801784
786264229
689510377
599045211
576183523
793602687
549863854
537047506
743692054
647197145
587358494
591085260
796075038
783017441
761635301
679807068
642309285
544163093
672014345
562284342
756845459
543567953
604488216
545132579
692192357
558471978
607076350
542714693
748030662
575115366
779093357
537789686
644278360
639026622
552853767
573441401
627985135
783476792
635195138
581093267
702762830
644189844
690808578
717360611
769792172
704777694
701528018
596643922
611951400
581891177
766992637
549779622
752160367
575802172
676005518
625936715
802806381
616893168
622365809
774579574
632466998
730280557
684564830
621277629
626052873
546503761
707628251
589421252
741187976
690330984
627952419
678186618
550671824
696485593
607947725
625184409
754160486
632601577
627683912
644498246
689822616
552563697
782985414
579037296
747525429
704200927
673172245
571235115
656774584
750879737
776608003
780602462
729865644
600712614
766635528
792812213
577651544
689102341
636249696
758402420
738254051
564794052
719971391
629107069
589971826
700389470
588286063
715882365
792600050
616786300
769594646
674033910
765772770
639592737
544927716
