836067044
1006340291
964319734
1014378263
847251178
814283514
929241068
1059129028
1054836571
879233470
936726089
1071454643
995430643
1067678797
897229412
939418644
879102723
924276958
1020339850
970508248
910611489
978851052
1046395880
892395638
821949797
981369745
966978938
842813038
991580942
1056509822
864051167
884082111
996395540
810960277
914885513
955865446
837170444
998173138
1025558299
963576097
944223721
851368814
948708902
992372423
980097402
941467909
1067456903
821032316
987921768
937181633
1034075980
943728857
878260921
829382449
955954584
1037453012
889767063
825384992
1055828513
932619111
822263690
813111191
861485751
1001227244
837887174
856302473
1052659232
885578599
989079170
932329348
1049034547
881645460
823083662
1064767897
913994260
1027584039
871613361
1068559394
916958771
875031360
1004184912
905503778
1027345359
960196335
950550833
1018297182
943115028
909798593
1026107832
850753934
870975276
894688850
1038778738
853657360
1020938592
914648571
1019288540
836568305
873270389
952136014
851634631
912223647
943501346
905964649
849011989
1007003728
1057654356
973072943
873628876
907731147
886486569
1026723736
894105097
991058172
952622478
832808493
900911347
912949739
1025526388
866937186
896873235
1061487438
944842810
960607089
917392582
831139874
1027500667
859702079
933528331
861336301
875611406
1027722820
965077911
1007801561
866854812
870819050
953901715
900596949
965627096
953795106
974192760
1071319174
916992629
901646778
859667486
918960379
848395038
939920362
809469912
936031035
957326546
985782157
908208943
1007860889
961172889
855506477
904000708
1030737520
1009563290
963427017
819988064
861678057
992319404
821519175
939908932
1049558956
980001697
865779933
965827018
976664969
1039259368
1046858874
833960376
1002884502
810870913
864346873
1013191510
853833262
812894333
934633871
1028085849
972595270
856699236
965316721
858454037
876913060
1044005532
1070625682
1051773641
899636634
969138975
914269303
1042529933
986359448
836635225
1048028933
1070212101
1035908375
1037775133
1030385447
910366057
926937777
1008765094
841607630
824075761
908075501
965660496
931516798
828445247
1062167094
825563931
854244176
1054822690
935873951
909893774
969419859
826599504
880805575
837397920
1022247490
1060089531
811128689
892794390
907535276
914555408
813855083
830316085
870312669
882258428
925751212
866368179
1032555153
950917570
901617732
830549961
887692875
1041585615
946920415
1009931851
806021392
845240598
989675368
897382658
994753693
924864215
911973851
863442267
984306164
908408212
899498426
813387201
1068656212
875947303
894103440
1001666613
912653447
1018601809
1002758760
970318000
844173474
901357369
1046304213
1019289607
934895691
993336063
916202078
893503483
842687374
1007175386
1036077394
935413002
1072930695
838930020
954572434
968867371
854659179
865906008
870451874
865316829
823420272
1032120642
947732942
806217712
847303292
812885028
1037208164
924906249
890564157
1069354982
933725619
1025411576
992006328
1049968934
1041829892
831360527
950876050
1051850841
940621563
830550628
977315881
1048173422
970223210
962739657
979603859
1051482287
911624647
856350691
895850784
1070415203
958347938
818904559
915488570
992225373
1036638197
1014496077
939843819
927610461
893509807
951836975
846487284
936248646
988951038
985944663
912229050
904528712
1059997430
876340141
842697145
991616027
1021305709
807841299
1021498707
844956844
1033850170
1057145280
916250337
1033314935
843087165
1069380831
1037662192
944693832
1003295104
833359216
908455849
1027394649
808454138
921428422
922136272
904801954
980701199
950553761
861627920
960684144
854245681
878886600
966457120
809368471
1060292357
924707604
887721858
826339368
1009599630
828091980
969679532
805799051
969620986
952964837
1053582946
942542476
982396802
953839261
1012209726
864633301
834019040
851069209
850330767
1027187880
953890894
955559903
918895547
1012834402
983585073
805701357
881721082
1032847964
915244569
840809120
841940941
860868197
1038160271
987962786
1016603801
946526883
890594980
832271922
1053702549
878730481
822254681
978787664
926593883
1025141680
902807840
1038884459
875867764
809745287
842894398
837574035
923613317
901201996
961257216
933593659
991005247
1024355883
1069840607
1006284706
880600856
892268986
848742061
828765976
1065407319
833244722
834948122
872134927
918123218
1071088997
946208405
1031782859
923249965
1048468838
906149374
1051215789
906636496
853198980
1071514850
1055776788
1013045025
888075397
980818137
930941369
918258827
1021538951
986356711
805445426
946721345
1025379140
905616217
974779453
990120115
991656390
870831405
1014548858
959985269
978858365
1025202295
892053281
978788707
903556685
1040209339
811737479
936436387
907095665
821614965
999121627
1030018841
1068806331
1044723409
926432523
1015093949
966418939
986472864
890424098
936423147
875439321
920744253
1000572557
1024664263
973100293
977687849
915767236
971104507
1030016047
946540841
984419058
946230213
1026351367
1024896644
997557508
937350671
1061468431
855446282
988222404
986580414
943979587
858957393
954571385
839900064
974433683
841741594
906071209
1036751836
813945986
991788736
823039548
963867629
1058717979
871542144
934725118
1006868700
921588589
1056901010
933754782
906668768
867649800
917451071
1035406926
1055354305
987495028
851987846
834491012
1016230842
1005678111
905596888
832843072
809217825
944783972
851115501
951254841
1036538996
1000176282
874810949
818579983
1011277471
809977016
946270483
1040103787
977424578
977441869
807164531
940416753
870063778
943974419
1003750586
883060580
917549412
1052385384
1056909617
981502391
1027029573
1037320949
943420562
944923203
880082171
961060340
892865433
935898895
1069235762
901221615
985471901
840917716
885899940
886579963
1027736048
824411097
970382267
923422953
818567368
928008611
978294694
1035964756
855455075
817843090
846267076
985188873
952917010
863938568
972919304
921602212
960102774
900570609
845325362
1057800869
873999355
859795535
965134044
823117365
1031393585
969553873
815042757
847003275
1009014314
896016049
998287077
878606251
952316518
987249422
1037133388
894698510
958387956
887858123
822171205
938123649
812164316
836222690
868333816
1070419518
1059645108
1006295204
817988639
833850589
915854241
971078530
861577732
811937206
989723913
969124226
955173130
1011515677
887240055
934744730
994944893
965568388
1043163756
992593553
874603776
839652070
984555228
896204108
1070992822
827824681
847876356
937412733
901898294
881347040
1009195877
988519949
925618093
1039298835
844007063
840051211
829117518
996973106
963520579
954816542
844754523
960416216
1029071388
909544955
902328881
830954679
838399183
1013026592
957634225
1039947663
958552068
824554261
844145743
1072427633
818597232
865726925
842434431
1028796563
1031127873
1012217764
1024130911
897018557
886326456
1025918406
842933612
1070661700
1048500422
1046251494
1052276197
936028390
880241280
1025304533
1046336332
1013603229
941760043
806947944
1049150855
985067078
1046549328
873479956
944348348
934236083
905762584
852288722
1056534184
940855032
913081982
1023336427
903598367
902650103
954854742
912270562
901456791
840483454
821283995
984529396
1061434713
979990616
991825524
1017625207
839322845
817393050
1034286592
872018314
870270984
866818452
814218782
806093710
1070466484
1011645314
808151642
834754728
931783064
870745366
979821000
966674838
889055188
846328770
899770577
932342610
1049212861
968255641
926135457
889543000
1066184972
970317435
824326985
1070771892
1016506418
829948806
892854446
858210957
1066491240
813259160
1070517945
976559931
820559211
928909355
969776548
876083472
813681317
946929684
1026540075
840294443
915488488
1033894601
1017671525
981329952
810692191
1053444809
907547460
837151147
1041438217
899627575
998682697
1029039639
1051712785
1029500741
906311175
888871157
1072079244
824341447
919481839
939756613
1009866810
919737395
1017449201
883723103
1047611515
853327207
1051980214
955419899
1017034531
841809345
1031225117
900197852
949872516
844446763
884582866
936459583
1056847695
916897005
980709801
877051459
932124365
848887479
981562231
820739133
935647760
1059278424
939771476
915734470
984534262
929431410
1022848260
1018752402
1047337045
816251189
929926721
825593368
1011861944
1021462339
1069343238
1042134561
1064294940
1009139315
975636185
1059383380
962752810
846103409
945885793
984468164
954006854
892299032
1033341045
895743465
1007367417
1062150576
875158912
1007144079
1049377726
886962687
925818999
964882717
994368125
942753269
1011767267
911539015
1022807112
976234430
864775169
806862578
1056505375
950175892
1041636391
842655429
1029632359
827792778
1062561320
909664291
899787883
1048905478
932477138
871100218
1016913426
1010739148
846255107
936231742
877715003
997065690
917980070
943072162
881647252
970249360
891845807
995520582
952719066
996325047
914108772
1028153688
1001600946
915762179
912763517
1031791564
916095748
828559863
994760040
939339065
838230753
936650310
813815635
987070551
881303214
1008810004
1068239149
1061331103
1048403137
935806039
849424799
827258190
816927403
1059265774
980905990
830767917
845338700
877449357
863970739
945344388
1073152082
989176042
883213453
808470541
1031828909
948662900
999592951
994945611
866885805
1037170386
850137012
954316362
980674136
871070290
840941318
868504390
863354583
840467959
995108577
967855278
984960507
992650710
1051233981
983899754
899369796
832725876
1002656920
849896576
1058689078
966083526
990196116
917428569
1014200931
1051020521
882092330
1005293242
938094225
949140274
988562900
859660675
1055886789
988711671
915606905
823650837
887841940
888549678
976311707
959470454
988397448
940370782
994318044
829429475
1055455971
908277179
808548026
944457266
1014579337
979979796
1000722328
1046047413
814456895
1052323600
1034968898
858222618
1037009607
894156888
889701155
1067057664
1054512301
831670615
845029946
864401656
833186283
808498273
1044409485
1071630636
897034030
1061042104
1012103980
1070651858
831200286
892645261
888226400
965786012
920126740
894317356
1047293942
1000178048
1067802130
946481993
982051786
962635011
1071308501
888515620
925335624
851044032
909937251
922198508
860901961
909832421
1031181550
970167016
950577545
1054025897
980029514
934794050
1024642886
916569354
1044387279
1046727612
995479339
824870491
1046023764
915566578
939147501
964119932
994229120
1034761688
883696063
980306109
987737202
841386125
938707873
937789466
817814177
891766138
825436426
882576946
818170425
1072427735
945797593
994229304
922995464
950782248
916700983
1050899718
1020768703
880634868
1049980156
1067199766
951175781
844919752
864069559
956700638
899644457
813205591
878933429
924378532
1004383721
1009529131
819042981
841156004
832660124
868435464
936294937
1007092664
816447358
949769336
1014025765
1061414601
1051656004
903373442
961170847
808572908
1056581644
811461763
872188981
881293370
824328226
954058564
1005220119
958865615
807550402
944033601
1042198859
967560376
900089897
997154121
937138376
1062051799
1070704481
983388741
1061564629
999979853
957455412
880705442
820716325
888778475
1068736984
873517658
1011688330
956378411
921862169
887724624
975484639
906465582
1059000734
828147203
1003512937
859534961
931810364
1053993471
894801342
931037076
886053067
833213192
832917193
882441409
1010978941
846898788
960626831
895769665
866088105
928340832
936976706
918158799
1013716050
1061457170
887029443
810214135
814199633
835142405
844011618
945018618
824669179
839571826
897509267
844706935
842403846
816106323
1004629976
819386581
1014033818
862200542
1022301373
988784554
831334934
879719745
836829309
1011827718
1062620540
1041885323
978371676
1009649414
864993220
815937449
830767275
1047865242
979904202
874809125
1029923947
1044435091
1016015508
983444976
964564756
1044395334
939580862
1037931837
951691983
989149861
1053685942
1059529544
1025898580
896571723
870427188
994251210
902992560
811785125
999149163
1068947879
899262021
962305286
1022505192
1058291670
1037480898
903793300
957083505
988617061
908382283
849260077
916012802
951231701
896747761
885583679
941162121
934190623
1011023616
831459407
868304203
811721844
857785592
901235718
859030227
831450735
962715552
929460021
921353758
1059327730
992480321
921700906
850410796
1030785551
847402478
881113951
985056398
900177309
941986440
1000737610
936963497
919164353
1006813076
923332684
808992494
883559441
1013390174
1034243091
910516568
818858760
926742291
940457944
1032668964
909278883
1053987451
956919675
919537894
1052341406
936152537
930479710
850784142
887369597
1056421856
860892466
908578797
1062850152
981670717
1038146711
819140203
1060249421
860164274
998027574
887004194
1024524921
993842075
822796615
810691692
975506402
998905989
1009887523
957059068
1004756278
948680731
1060995735
1004124854
1065931434
916180900
1018672225
955732870
974080199
858021539
891696966
929782541
984710936
866865389
877143438
993754343
937825174
1061540242
945119314
1009510395
986161986
994917363
1020077221
935753838
1070461313
1033114488
899921871
877725223
1028470517
1030118363
836627636
986663646
861737613
897802900
930428245
813114958
926406277
896577105
807495969
987423492
890348210
961147539
883646331
832046476
1027671074
878278230
907108003
895242829
830267595
928096755
1018923376
859882949
868175120
1043289702
863883072
940358877
864292888
860005493
947861874
895751121
939658759
882070311
1006021663
1066041991
911925978
909368330
968220855
1043555608
817233607
865253844
837743901
961752890
881282196
1029897332
916294822
982099083
960632298
881399582
814284641
997525804
809756573
1066094209
1020328160
932362610
906900127
824299709
881148240
957135660
1059513451
953992179
845363332
964226048
806185987
959382272
880016136
873954880
950854061
923074780
1010310909
863225612
934872301
1044126842
1008988996
826616232
1027501052
828638349
811740307
1036409720
953604918
827729485
982424477
1072483150
840995346
896814089
972798147
858848576
949353246
861077100
965402859
851448945
995788600
1036733699
812204073
847520924
856519704
955676306
867964795
1040837630
883865277
911568187
1052414196
833877593
897396620
853838309
821683746
821505246
902562593
845697519
873727590
1019300261
1009523517
876513426
1002708796
1030905037
977655613
871287587
834327232
908721595
824100169
806588253
989385046
972035964
981685951
1002079112
910111043
864363239
1002416232
1032068362
970146319
833648499
985197178
1031110499
1051482947
894341333
1035168792
1012908617
849851555
861468281
960796343
969035851
1048138600
1037403097
1009589659
955229144
835083317
1036347585
909730924
863795799
866016782
849826885
988674744
903800372
1072361497
947010348
1048328633
994773865
904116733
980399886
1007091452
1049106589
833169863
849869789
1030672763
995661137
990628608
807098076
809483715
965704497
837864744
921209097
985947468
931099839
809882421
866945872
899539557
945690549
1066039611
995273636
910103640
853011982
902783202
1069940301
1058360148
903311238
985522919
981823269
863554983
1018281299
1050217411
991245963
1035857558
834363660
877718182
996267610
863756388
884289545
1044539214
907993431
983939188
844916093
1013488032
1013397826
898738657
1030970423
919282010
1069653948
983529944
1011085452
981295444
993739108
836065424
822995056
890686185
869817599
1040828084
834627197
994301756
962937023
884646539
1068027876
815047446
914772034
943868119
858118441
996110446
817368779
894445354
931184392
809645941
933540093
1031783467
946369656
1015009489
998742290
850673209
972867876
1044321946
872850565
835927507
895623622
932589591
892902142
819400818
1052397943
814482776
978230664
819299026
1004837449
989100940
879541219
906167870
1020531346
930362813
875240129
971810981
881001783
916199345
956422719
858426503
1021067221
834822994
949830835
931858059
859236291
826088674
813288971
1050530538
814017637
877728357
879929789
951039547
1031460222
877411148
836551350
816280030
924105390
879373699
925435415
998767765
872423444
846505198
991066728
946737282
906422084
1031825531
846906225
1012497221
999064590
960432560
1027681200
890125385
946158690
1029923563
918675756
1065988238
987232893
974363720
863136601
950682314
983205648
821589758
823495296
820518791
901878443
1049050253
914632307
930056449
825882947
1007710825
923864531
945371860
979634555
834570622
1035597284
898545399
1020530666
1063623559
910677579
933261121
1015922826
944002131
847349436
1059375525
1035405976
1045258997
892249999
832503990
1057886814
1015036966
815008680
835433196
1025339881
968942916
1014815527
972751239
876419509
944194173
1017892908
1059424824
839006482
872122496
844083695
813409263
903904431
949176159
867512540
847743016
846364991
846099345
1014413671
962174988
808797549
848810723
918563869
915220541
1046376299
1046434396
914489860
933376682
816608231
1065341842
805388875
981988947
835549471
861747328
1008236126
995297015
1015567338
821659701
980334624
1006890372
1001929037
1054065897
951668028
963882309
855552109
897496151
816914399
816396125
1009599476
860531376
863693417
1041791627
903946760
1047152765
881231455
969238361
936781740
1048271022
812953270
1002562403
932171804
1024297622
1057987626
840746903
1035784326
994431490
847179254
824599245
965679706
829549506
833452702
859677605
973458163
888001604
980188764
807037371
924875583
935065190
1004620712
934783473
1008658845
856990319
862220261
863757354
874270962
916981605
1018502454
960453938
1066751233
1057092389
1009288195
869694200
883599253
998013838
1023534996
809301495
878079244
995533746
1037478544
865782718
808824393
993985804
837731793
889752755
868505599
1044897059
919112246
912012524
1052198523
914982530
1063849832
818115589
863535188
1068738125
1069603109
1027651325
1000736831
953100974
999564556
935825322
973504166
1032752203
816398706
859530665
846435058
830308053
1060348248
993081706
1025115231
837094971
1045122385
996704100
888441479
906886466
890164425
906933923
1053960249
947982833
880176572
1023850984
1063272027
1071014927
830713725
987606922
926271697
829580564
942321458
994927265
822361760
986103502
842477485
918556527
1065671670
947073579
862076366
962233753
1058017995
861269087
1038235244
838274637
995939677
1010204446
1038848029
1002217827
1028027619
907356719
975155094
939439954
819744885
904904511
955842879
850445147
960506726
965147824
881641319
896596913
1045502472
948507140
874232192
844140961
806011738
906370471
812606074
931075724
916008289
1031102418
1055769576
883739449
1036397957
1050432773
1023616569
1028166588
930845672
823042975
836491392
962999402
849143603
1044186233
917484534
1060160406
961849629
995256167
956690737
949132052
916581911
1006197702
945846181
992832799
957490867
1030874274
961938833
1062418828
853508652
960088534
811185907
1051872754
811675740
985957340
980612083
965613123
1025843870
1028704098
944353481
1071968228
1069527258
1031726901
937445494
972854376
957167168
971554632
981462680
1044410060
927605108
1010200738
866031287
937066705
995332671
1045366843
900863494
852127643
934644076
961969911
943436595
927824734
1046466843
865223330
1010551609
820736270
1065617800
916047587
806717840
988503210
946593370
913350371
1022512783
856555974
884283076
950343791
954430934
939075293
1031332873
1060857398
1008992158
941711840
960308458
875141677
926779925
851960087
892856385
1059966612
907373931
1066689550
1073374662
910704121
1049798034
879345118
928220641
1015797641
1033372861
905748407
1026503164
1058473047
1019643070
817126888
1072101638
1006169003
896264296
910189622
865724596
1044623883
919479573
1057844130
1066467603
826748929
1046561281
1023860846
805852844
806464474
938705561
867736542
1008273079
808715192
886502819
846026798
960714550
1038375060
1021854686
824628717
845692026
914688995
828529909
954156313
875126202
1055199772
916292676
1066877772
896051727
903460926
901864441
1061464100
914230775
945554713
885886120
892887668
1041469088
934975361
912637208
994596581
974988128
1016363923
849333629
1040601557
983710079
1015799918
846567077
1042230359
952072617
849876935
837687319
1027767820
1046819850
1064301670
980042627
867791696
1046913285
979385945
875513904
807367269
1016920837
858981673
1019929633
888497737
950346536
1065261538
1030930907
1023534208
934473929
809423918
912771779
929702323
879825147
1009334622
1017436123
1068523784
860606119
843746706
943922859
1027858388
899412002
842520962
910297821
871379199
931986844
923863596
936543795
1060635847
959890420
1018871688
903961960
1032724507
933136407
869664888
965971881
961445227
820281670
942463859
971904556
870287483
978686713
914589616
925127489
850870453
851107256
957411928
954064573
1005474284
959418258
1050007580
1000357895
958157829
915390512
884732656
954287577
982553480
955283038
836379131
971446981
1044971296
863334578
832371066
939367548
959869026
975200455
875117831
849345625
1047057705
881442926
824120990
900039906
881157434
934677664
838655402
974404195
864945295
805437280
1041178539
916030839
1038154650
1053457780
1050225228
1043734247
994844594
888190452
871965980
842505753
955558962
890821192
1026628425
813428945
865065208
1048310176
827615851
1032495594
1049665559
904673587
920901613
860776934
869104885
856079104
1015427219
902651030
861973362
863158045
852471877
832876867
1029495144
863082753
852142239
965844779
1049875566
1020960412
897297575
844036314
971357197
1020726722
922930504
991952631
1045493124
932586122
863532707
990413950
928406787
1020350928
1055390322
866157985
986334085
983996641
922183222
880315367
917989674
845391946
954867458
988720383
1053541486
937003702
932133884
1052730355
826443175
959723122
1032424044
944997083
932345834
1015943632
913997254
1038258686
940508035
947580840
840600029
1066401655
945145046
883745422
885445723
1054026103
906661112
1062192284
887061896
1028764305
1002149682
863240513
1068648864
819362168
1027202349
949500151
948250011
853218736
904783369
1050099873
905079103
1018106556
808422967
957751808
882593540
1013436664
928541448
919171555
1068606728
911104269
939670581
924489407
1019550265
841862964
1068207378
844672481
917165062
839040081
1037061686
942278176
921628831
987372257
1050845192
1034269351
1031050541
1065547767
855146725
839433189
939704311
954240734
911399381
932910063
1070883815
840352331
930389830
866055822
1008335486
929230262
844860759
890681856
875498422
1058160905
826367749
943683553
821690863
818834400
1009456101
925068940
818844551
985559771
1017471172
863451597
1035591102
1008488613
954569566
873071835
1068698127
818047117
888590942
976071524
834497565
943644688
905222918
949332287
856557716
813178055
927734814
873343963
822365525
806688550
812053433
831846984
857374543
1057210004
1061950087
1060018162
826514677
923562426
817086459
943846397
814020946
865435173
1053436942
1015122627
836696333
940601747
826629464
853876494
1015291761
816075748
952937160
943190106
1030659104
1035360016
1037312269
1035171635
887247862
1026614976
846905538
933077151
918988536
1066198657
1019681829
1060902900
1058925737
974473336
1004800879
1051183832
893270851
1046292596
958073737
1071199294
996362545
996291908
974602648
1003125028
1061503000
899663448
947717805
829805819
910538405
1047895334
901838233
974161088
867289340
829348463
1014915823
875755813
952821970
854033375
867327443
1047825293
852499484
1059798978
971584164
941108534
867918483
991353818
910815214
872326428
829281286
972204384
944985009
974550515
875570935
995227980
904072882
1006577755
868280557
858006917
933967436
847862993
880301084
882086301
1038420937
914728019
993743542
995764785
1067679569
828507975
865064385
917385097
887446728
979403635
885966276
853920166
992063939
1008408541
846670578
891775996
821181915
883476511
885481399
865856989
982103177
1021310405
911468008
967681984
903147837
900070588
852855539
988423688
848273943
985832476
991067300
1060096002
855318073
936218763
907860794
874492439
888797461
989105416
955999387
1056686982
884935500
1002332464
913288568
984698828
1037304955
809291277
858824123
829188961
951794896
831107464
912855606
944395717
899228750
903951581
900899576
1057908549
1061909165
891727688
863698531
813487687
937382782
955530899
869727106
888755066
996460557
1030653533
820353844
1001847052
952924851
970462039
928418068
970266881
806884675
1011066330
854701984
809037705
978376957
810109699
882228187
1030847361
860687993
892494948
1014888057
900727890
901517152
826258085
814686926
974818693
981127992
993553350
925794154
830524317
998300144
849048320
863339382
1049127969
924193880
1022994684
971707599
887968760
849162852
984241424
846576644
1046620255
1060981367
931202113
1032486533
942676105
914335444
1057186322
899926313
922147235
952766012
931535898
828223461
868161638
807891736
879263563
858076558
943531384
901684436
1026284446
1043005437
974322313
942847405
927516699
849121629
1068196294
981815788
828076091
825853684
827149471
1027989046
1064239138
881528548
814087860
888094697
917218375
863372932
981285297
986781174
868630396
935541713
862388882
1026762911
927324766
974562226
840793100
921280249
1031658727
968389586
869310267
910309533
884986891
987225693
960288028
833403971
970311675
1028728695
1026321562
1007811989
897985154
832629285
1005150144
928544492
987061478
1026097035
838748516
850596416
989779390
1063657476
966416200
912913555
1009502087
890379989
975353602
914246197
951193519
852769001
1020388188
995646994
930815937
1020923153
823182877
1049385637
1064579202
913875086
997706243
923502204
913988993
899281146
851108901
1073630443
855328562
1028621535
1051353680
920933951
816670551
987207939
1061574671
1062931898
907344150
993667703
945425000
924018726
1048602713
869038141
970503006
1012777269
814226246
973980115
837636690
899753365
886444186
1030458767
1002696235
1033152080
906904184
862736963
952442021
807777237
968650455
841351201
974255914
1049763908
968900746
863716009
892477635
986033141
833279735
1030724562
1026329941
808046249
864013528
906600676
902401466
974417850
1036523040
864550312
982232682
886516040
814997442
1060570592
886402430
976413516
918149160
818065746
847873792
872175109
968898860
1056521198
937261434
818796594
853536530
1070539256
990911836
880062992
842417342
1004083144
971004358
1014431887
925105063
910276431
1050381697
912582708
1048260593
843676087
848982191
832096433
945899367
966627316
877340692
930192126
1008986023
1011385031
929443285
898857903
837975450
967507053
810287545
876638965
837551623
1010558531
1052954021
852749078
859189635
958282632
852874377
1070419559
1029093158
912226294
1031717807
872447334
813422943
820961791
1065521257
983478171
955478948
929488789
981165584
828188945
825584816
1069458594
835104398
873253897
954063491
929937255
812730230
938186195
842578858
818885285
818063262
1004449932
951346436
858457301
967416084
1026007856
875649706
1039503381
913617153
966193702
844057579
948351506
1034993014
934051979
1073607533
885429436
938566625
851905993
944961584
956603644
810542127
970800643
969288794
987057008
857977019
966795997
968796823
965105782
1027863059
1045248689
1056121871
904936612
929060217
911735496
1071673614
881243418
1063894706
1036257584
946860472
829090801
920819402
828051116
889264275
876322791
939592879
840608902
887731258
860836025
996792247
834631108
1059214746
829601589
1035712118
1069384831
835903317
1008973450
864968905
926288110
1028142226
862687775
914497246
926534481
889273695
1051715088
926584502
843125561
947400550
1044374593
824014314
876633198
950483172
876066937
1057820831
1002097796
936071670
1027319149
903892546
919141495
983757777
936518300
825509123
1029369351
989726756
903978501
859436594
856973016
884397097
835804292
1024904060
958260498
891524725
885138801
963997911
971326661
821708443
1039647249
823712177
1016363923
917806272
889644959
1027528207
886119070
882878794
842369173
890860408
1006789976
993067118
1059238353
805967987
1035538126
856486763
1071185338
894960906
962491099
807529590
919902927
932076233
896280938
1067823589
853384001
1010975329
1023859277
1059967968
930213968
817700822
847796168
913376173
937254452
848842554
915660333
1002623488
852026469
880832093
885020836
818535118
968263707
816172663
907343344
942709812
1008028847
939498942
923392285
854017874
887217217
1049169434
932586243
883542963
968285895
1061614548
1021910771
982452024
885350935
818292338
1017123973
1067868154
904778556
839523047
956855631
838621487
924837243
956176018
923854645
991580045
913935232
1026080319
975923715
885088962
999305635
983873423
955868633
1012617780
852412161
1068473412
1069896037
816774908
852492490
1001171056
1015865648
818049415
908897210
886128873
945289543
920248316
1059820206
1027755407
826738568
873098382
1003914806
950800298
1003601157
813149279
872818438
965047506
1020324921
880266949
1019186484
1031620246
1067164325
992032389
1063343340
971403135
1059421417
1052904457
981604266
968185760
813978367
1004347998
977191369
1001993308
971749508
868731124
998413000
1067242324
1024815011
890754562
806502428
1026628745
916196510
959874823
835069515
879084252
1040118533
874973887
1001489652
985644499
1059319533
1063036662
864118048
968775851
1032587535
960421504
952489433
864837348
978660168
1042838850
837058867
1007522924
1003571649
992249608
905699535
954204636
985357973
1020687384
958257608
1062593619
1032841619
811079163
913120455
819868044
874401047
1042922336
948863933
890660657
880554667
923505826
1058083201
815552661
844539411
976585554
843265604
892866065
850364136
917592967
1052034662
832228902
998045971
1060422537
910851142
994536422
912311524
869223589
881320370
950760717
908578124
842985266
838737030
1006661263
1050752960
947151700
922551248
989464551
983514197
1004347854
827591072
829536672
928379064
953715897
1006023595
830215454
901016341
1064693277
844843146
894060715
931992152
980152980
967450806
851361585
1067253143
928878172
972769365
887936392
965134308
844852112
965688812
1002685090
964931043
1049801245
851109813
897421305
876768800
855811701
1034250944
1032847346
931841683
929136601
999054989
1073274437
813511711
838208796
885138348
1006222466
904122793
1023724395
881186054
996589343
823096164
1049974490
926006057
899344531
894051001
908240354
958750962
954653781
1041247343
1008042376
1029763155
926885390
823722954
1017572938
993992330
996544437
917500411
1023155997
823658522
1002231323
877517669
926671572
1041136517
1032061759
1066816645
965859848
901154811
894602637
975183381
846965671
927551533
881841674
940324248
839711888
817472501
881642806
918742392
1072703916
957190599
877503479
932243781
833120499
872574405
872730529
946746905
1039373055
981440585
982699116
1022731115
871096705
984972673
974632339
939660223
1027678210
910674522
919293995
1021412901
876140716
885390675
952543986
1037067103
875854081
927181986
1034837510
858948475
991039340
1060312772
867683228
1066566804
821481661
1051275592
939763131
889298461
991489893
984000827
906466667
844642069
813234566
1047885302
937304409
808252026
909259469
1048271417
868909763
1029005914
1009799626
859377533
857190905
970006706
1060080475
1062857473
918695465
873426039
931909528
906362471
1038033273
813093766
939477405
836216562
1065322180
947738669
945888435
964176971
1052547901
965611300
854264296
952529416
837215907
830831446
1011878801
903507007
993845188
848282723
919114231
966304456
819671878
820541759
981939802
941112203
879343619
939458586
1071272431
849543564
990230696
1022169572
1042807294
1060180227
887365101
1026304711
993393411
1005716143
811068535
922430695
845972421
1021692485
1038744775
813127063
998009367
892670801
917922076
958187477
937812279
913231655
998888604
1011242976
943403668
827090198
1063844920
1017447723
1054963622
939640091
1054962279
887120587
1039076288
822699712
946642078
972416533
837325252
903351530
998097160
894483390
1046301264
884593402
1005113517
814565689
969288538
965501236
988624018
1034019561
1049910632
958467137
1045235177
891646290
898001429
871593300
972023210
874484984
845664845
885320797
882178606
1051985002
937244467
826136296
1009402194
939384175
1011500374
934890463
823176756
859776379
818144756
921045814
860609849
947662342
821882840
1063675832
1058022467
926454507
1052228716
1051785576
1056007204
973246569
850186164
839354367
1033924350
882379014
906121980
915803313
964321207
933256473
864044430
897472353
1023638070
972396469
875030549
1034278158
809328711
887969481
950520611
854095154
877084828
1036789747
940094762
821537029
846245565
967827362
1049372718
915186394
821261975
845209224
993022944
864248259
982289544
1067335728
818322719
1040011582
1029646629
1006898355
1038373233
806862677
954548582
815906538
878452772
983259761
813952976
1035821508
1007557642
924630592
898119874
994867883
934899205
1002072371
831346609
1040114592
921450608
905317078
1000714504
831250867
956709091
1035573285
995556590
955368279
1064869333
857805867
880126520
867148444
827106828
956844111
909258920
1031403286
961774270
883921041
946059846
1037429332
810331143
997467182
879266661
942652896
1025747990
855704473
860091975
958089869
998396390
845890517
942986248
978361350
984902809
1050834597
990797301
938400789
1045144811
924599221
857825301
916999343
942123936
1051062005
832320249
1003079122
890736766
808286658
915343998
992162324
1024090898
950199041
1037184603
921992931
934120518
880062140
984541898
808441979
905891230
1061313741
1051603229
930513620
813106517
967818873
987768955
901870814
927166654
890321137
910659379
902348683
1004861004
850182463
867597618
954421516
911511918
1072094004
1008252982
876503349
1024146585
953678463
1051147894
1058077349
984380085
1037205409
938319714
838134797
1039833020
937966140
913837854
830782047
1049536942
1012419447
952772698
1045401824
1016720305
896640894
888723278
812116024
949084989
897135968
819019091
992718340
837957405
819321077
858070697
1053552751
924611212
955823283
1000844189
873194784
831913087
940330203
828633268
895580588
1008645440
995205411
885378569
960185024
1055044331
883544961
882516785
1014017687
813619263
1043700426
861895774
1048042655
991987642
888097941
1061478715
858005900
944129381
913212234
973353035
1028870314
820039194
973399252
879371475
856791598
982095580
1067575987
850507819
845328030
940263893
852369964
1071635593
1017513748
848145170
943037445
1025536527
1058390474
832987513
838154175
983728707
1062231012
894555813
1027075613
881913160
808559926
855622293
956273768
936691239
923535247
833646772
952008202
843962148
1061632154
1070849412
903263882
1070395013
939381575
948223839
1069691184
979457955
837266939
812340762
834001195
914313930
846626534
916354981
1028590385
898415639
926526970
844606499
1055855886
1042236720
1041647576
935798431
1070809115
939030163
956542821
878129517
944548891
867809041
979739131
1056547964
807657658
1033372026
888554136
845055292
835124330
888022646
850535961
840747477
1070645789
1054232201
839887130
941330417
944606400
993201166
891246225
943821079
947514016
856772957
979884024
926873306
908675103
808262481
901899507
936679285
947558873
1043652240
882576501
1011700741
863170325
859079399
978526550
956457594
948163951
852315376
844009851
872188454
948171529
948585306
1007688332
954910582
1047242498
858078816
1065570362
978516013
812878989
907554099
1016109816
1050094646
936339595
840120441
1044723744
825150145
858343889
906716153
849647151
1058388383
843613326
1050862772
939121723
887915563
871679671
833037936
869041927
827549356
864699968
1026758733
858452000
852530776
985695102
1059674087
978991513
1044750767
975712476
977079461
850999736
1008765521
830360725
934361262
902058723
990743227
828235988
1057973930
821301045
973871031
850954624
881313364
834047583
1066355314
1021228546
989871948
981472741
1064868484
993572232
833938433
950557538
878977478
992433499
864157066
963146839
900999488
865470447
808939469
878315338
1073310205
994993753
953287402
1004618508
1015197196
819181113
1049086448
1020415025
981651531
1001133621
864333996
910445582
852139762
949745182
968754947
827927890
811189046
1025808746
1013198480
1056677967
1059881286
1009957354
848145611
887972981
966605060
962883697
1035508802
926210956
860458132
1018456564
909893587
835165759
977097982
875638819
1027692802
1003443070
1011824873
1009324138
935279745
1002253499
1042139770
934460827
1070719316
845337381
940849302
900632233
961887034
975731531
971018209
981329388
1067393996
915710446
1060539175
825064137
940653406
832122935
882364904
902740546
888627119
1032700227
997241896
819242941
898574076
901741600
922927479
946823726
883913875
869724467
938712195
884628331
849918428
989617203
958134706
1029851327
809973944
865093207
833143049
1058473737
1045402999
1005005718
924381247
984127198
908230149
968315976
1045607292
868793095
827603998
971501456
947574794
981715918
963302833
821559709
814550950
871898381
832331923
891161534
1002154933
955697172
1016987597
835114679
885962349
1025175168
935107257
868189281
910366200
953991781
1027201090
949916136
868369557
1033369981
1016778903
982176252
838283267
1045770422
823189540
948462807
890236135
899303315
892788199
958763277
929544708
950630063
829488924
1005345229
980806269
827195931
973711237
842389814
845287933
912193965
807180619
1070185129
1046602827
977357878
948669275
950970117
1001679688
925426487
991017520
1042795035
915792943
979709479
1046612995
872833949
1038896519
821523128
882623324
879167241
883680779
1017767324
850545503
1037766986
935893520
867357709
1070805997
867991145
819082260
942784702
1039505068
987496069
992345581
967448821
864337935
918089479
906859235
832022779
1051981342
983256788
1055761204
959745632
814739789
848192768
946467400
848380814
947547812
958353282
1062975187
918293055
1060570449
1052192008
1054155435
825333649
1052190860
993251210
1066628083
817707218
831657934
1048582544
1016904863
1032036784
811901363
878474105
917576723
967419329
958389347
839812724
890407633
883902333
995221451
959812142
866313911
819337395
840080242
1072442245
825465360
1066520882
1047714969
1039550783
964641415
981626965
850430833
913886255
1007243824
822396279
1069189423
1050380444
1039573225
1059145248
908308897
980407874
863885011
908516985
943871042
854047516
842376011
1004404376
975434696
1061281432
920394475
875148167
1001331090
823936013
1022639681
825768383
962758685
874144968
840782845
872114180
1041575110
902138517
878396354
941452287
930731865
927182151
822851157
832918104
857588314
822824118
809353875
860303885
872156777
907622227
1073076992
815344016
886610067
908260837
868030092
916502744
934292149
923896004
821624433
1017973721
956530518
1062038307
966507312
959593196
974966797
852614604
847217492
808728694
873289957
1015695192
942449070
932382009
817664676
1016699050
863727954
847778068
868441733
920858265
1019003788
1015503946
956049029
839164575
824178005
825073325
890591530
821411791
977426470
855486365
992920313
1006646384
904212449
882448766
1039008645
806528782
912378431
1020926501
849929778
952353378
995762473
919739598
841889681
830974538
1036847401
1042281666
806166154
954962119
864459327
1045584907
980460250
827171601
820620160
903403012
914575300
851522744
993607878
1006138495
1054775175
990110103
960573132
997503465
866688915
997325205
872804687
817761014
871076711
1008919854
894253876
1059875953
813208580
823544886
925769014
926491261
1028736920
884724991
861348583
1014183435
848859611
940137559
986032722
959325977
1065353586
894174573
809356788
806771529
980572188
1051558109
1040953011
910360531
896909046
924973035
1037068327
1027797330
979572549
940727137
1033777800
1038378593
965917353
954408452
1058838268
1012311133
970833012
973835732
847992373
1022227556
1010993731
932481064
1037376932
1006011138
960298008
878498278
969950678
1028773397
901414760
991671942
930807890
1069287402
856602554
872880664
1008989905
998448161
817707528
921247334
917533469
1046278464
818225828
1067343927
900622043
990633099
838501015
820092152
971901178
810687797
958425760
905403823
1068170975
931486129
848351123
990164752
825013364
940371035
807641975
894754481
917759107
1008420759
807757646
902267291
859110265
1029221996
871550168
976851493
938376366
995542720
994053187
941279844
909606362
1061523929
1053151794
877378227
862274218
1060183647
854161429
1068558870
886501277
928185747
815448703
885034997
1028950427
1006518670
912286660
1019583403
850867275
996417373
1045476245
870904652
875843289
968632258
1005896520
857117147
873728204
829459224
964695864
806479435
989215623
1016520478
990517279
823276828
1000694445
1073186558
813562708
946144375
846790818
955800808
1071493549
922843534
884893898
815106414
1027135644
914097020
864156320
882011866
1055382292
1029953382
970964850
1066806311
968370299
864344229
863101164
933315411
855544756
915684165
832098580
1035619517
1067821594
961979869
878548336
1046574594
1048641932
809277214
1073134518
857682795
987697089
877274193
820909822
855316841
830187481
946110503
967365140
822381277
952395545
919880551
925626283
946390894
918431303
1012973543
1072881668
1070239570
878896744
1019484180
916496014
889755803
984725879
875195656
1040381991
951802757
1043991228
1040328551
1037070960
819268994
904906786
1055780849
982602440
1022195209
1072576474
818576872
892490787
806648358
809432265
909244781
861228714
1029345126
859622972
841887733
970050012
905494391
920543831
885821078
1037391141
960693059
969405611
1047171959
922543303
867824801
845048442
1070474307
925576726
913070366
1060974635
883341463
1029648328
941812202
997574893
832103301
1064860887
880906351
851150279
817556151
959300735
902830972
998777567
815296280
903682787
1021789051
1046040599
995362419
1054638148
1039190626
1002868022
921968813
1068316644
805775859
844797531
1062488914
1019834996
806764740
901875177
1066831856
984966478
820782048
1058057763
1004855175
971830680
1030266693
949955781
1066559348
870905882
984572279
870019711
946113155
850782917
889695824
941254036
1051726064
906609122
1020167507
1006616783
836641487
911383986
839582177
905719474
853490005
898406827
943898123
1058801447
908164838
1004949409
1056551228
840703758
981872422
1065271165
900852827
885175333
827125113
1005469546
936664346
997322903
887593259
814739230
947280621
961825439
886397622
1001506496
995913848
972066045
849133162
993142504
890386981
1052630026
1062505697
811311954
806332765
1059181668
931048791
863397290
1067362642
1059667599
863736454
998736325
1064388335
960328458
1049238243
1047546603
982878303
844178987
1038900555
967474307
1017968479
917005719
916613745
1037760040
835664285
943901488
927202215
953314590
981305878
885354442
1032945700
808799329
859504236
865027828
960469044
1054694343
937452419
986385838
1027039845
1024821730
997684089
820523805
841209819
1022488175
930211091
965596229
930399227
850108002
944896091
836474027
929778757
943173289
883079499
846359944
903331431
1038134048
917182724
1052873101
839181410
820088729
1069440654
991988913
929081226
857135876
904448817
913275304
932197633
1026055046
1026229470
935861841
1018153770
1035716712
1008377409
862322719
1054059128
938329169
849633470
1015373988
841066403
943022449
937734806
1021812264
917016292
852438605
892900820
1060495059
1008509261
903109701
814272457
953671403
896155172
1062228215
879643673
969772801
1058339431
1008222202
997126377
1020180556
909561275
871111002
837938582
880115741
876059470
826122687
915186316
930937094
959496379
1007467490
898341387
928226581
967901487
941737539
920303634
1049363243
849433973
829212699
926435909
851334953
954492099
1030177272
808864779
1003436413
1007284577
1057596948
815912063
1002578677
1020337578
1046410209
1015479810
966764033
934596571
879077986
860802410
915803886
965062028
924191525
842856141
877080947
851231438
855083834
1070800858
896930049
981288080
1035520402
997677885
1056408667
900951580
1053827626
1039041173
1026623994
919130237
826344253
1031028430
1016338661
915032090
980908331
1068666884
1049088567
907475337
821420775
991231993
1008462642
915380714
1036230276
966086372
837916272
1064814137
842111819
997029017
932593385
977411626
960797677
838507969
995888335
895111162
994572209
833324778
966721299
867472192
840854573
991053822
830639929
1059083564
953852011
826543003
883045385
1028755011
822849114
1064695865
984341980
937000891
1036524911
961381903
805528899
993877448
831894788
872561420
943977534
1047386504
1039817636
862721918
919334682
960466588
1042222343
1048634194
1022672155
972606588
890097827
902554469
970879732
883765982
829334651
1071959581
1062007072
1070940160
867052905
814904666
906079470
1062940336
844576391
1008048415
1052623019
1034841560
934079862
1046150744
989124717
924161681
924979019
861465858
836100109
908499678
813131362
860718621
1001493990
1021347883
892275101
805362361
925761444
967069897
950901357
981561327
817768733
922102694
889836633
918465672
815873794
1054570072
975156812
965110683
989644844
1061060331
932634535
914179084
904795612
1003893164
941168787
1014086755
924935040
1036885285
974008921
930088251
856463010
1013369508
1057579492
1070140078
1071707341
1040824420
1030458931
977715183
995747547
1061129398
806674874
988256112
840512315
1027827983
982709303
865015627
810991110
832672572
912898751
810378574
859314742
833932235
1039463980
808918378
1054936429
920793334
1011073486
933104138
824779708
925373998
898904373
1063322726
913658981
860822197
826959344
837355068
905419747
904867534
878803493
910611079
905149066
1006969270
920349768
853355991
823123576
984773629
1012704224
967972082
1071255527
1030486423
1057817279
1040452707
817477860
889191273
844510785
990638832
974617441
969351960
1055677414
1016074606
1018047795
1069082738
886814222
887231292
893824231
817261586
1011036025
945201149
967068768
854690900
945959421
834349017
812110778
894424629
831288306
811152683
1061932796
833056373
1055624637
1036349117
838431467
1054786588
1064767379
1069062491
1047007901
910609588
1051862339
1000494831
893683352
830546988
922978308
960150646
1062830896
896110240
899177392
1050809960
1054785227
932085794
821210844
869143951
997170322
1061218642
878003541
817671281
1019414847
996408882
875406538
808729308
1072462642
848024298
967689723
832019136
909878403
1039878317
936104814
1012806254
1009301555
1066309219
827024776
974985379
845707780
1030475389
942212517
1030360715
872345916
1036924269
976513732
1035135408
1049870732
1014397520
1025556065
825304457
1055236523
1066397081
961170871
893151153
1000106131
902318339
854121376
831117555
873416044
947229779
832635334
967013841
1021743044
823065487
1031687067
836440285
868450321
1001920683
963387275
1062123640
889270570
871189596
868178999
875320854
1007930293
994347606
975547594
837687824
904925270
978803917
863309767
1006336741
990330678
1050379338
954043302
1031575323
872033777
898204030
839522126
942500534
1024538635
832390881
840811377
899266818
892199771
1020735453
815691175
891741094
1052019441
810952207
913642706
840176406
968175624
1030879872
1027052456
960501351
865655773
1039709058
866022460
936781820
946080453
819297570
945883480
877456834
987237379
818834563
1059527743
1021349826
953116363
896280998
960325566
834568300
951777015
1010774074
895429472
1031213986
1025888285
985872901
837959296
889732113
911168663
1049277190
978419744
862816309
814718099
865503410
971923121
952260433
891252979
989330523
837252520
916675090
944367187
873346182
908443916
853204852
1011958342
948490872
986990703
920958883
1020270837
883627315
939351114
948392001
1056988833
982928687
915083878
912083302
1019783058
835069536
1035312817
907862759
918442144
1017004498
867518073
838519676
840528854
1023145044
1058112452
918122731
818475240
1013228884
1052301292
959013798
857018588
890026127
985144407
1002379830
887355745
852794699
1014298574
830829339
937000104
812464716
810992995
1051890414
1028936671
896311927
821638700
808399654
990502183
903724801
810803234
871196135
936828698
1032656709
1030733667
986653452
880811002
833888440
1016500697
964689491
984851872
962345761
941977623
1014959587
1040692479
917088744
947763588
920309908
845536459
946588039
817301694
920246399
931742939
845283339
806847151
905292632
926792883
940822376
848468598
864640512
871187638
1004589013
949718170
827914133
995792410
885577717
829733354
886136541
988535764
922463224
841616414
878478946
979276805
888411108
1035867364
1072228688
879036908
843246701
834451349
860420442
946741776
879822639
814912407
828109123
814148129
816414963
872576925
974434353
890484620
903471396
966708325
994542506
1040182264
968648186
938788980
870811854
916405584
920652970
998996124
973551043
825526687
942711910
1066265510
988483556
1065088580
908773448
899664449
1036131329
1037201101
924752612
879349109
910871025
853233446
1009130682
1063686560
883355767
901515895
809557730
942220617
881094625
820834850
1028277476
806328519
998392372
973838690
840193413
868484020
822782020
909731372
881195763
988017300
820670710
981971116
981579580
1015000194
1054637406
910404312
870251445
918648622
968799764
1036007475
938131805
894834347
914243485
809281428
876685685
966584261
956605522
877312880
863066344
1007684253
943063065
1056056449
861600854
995431911
939137994
878928857
833773620
980402562
945177833
951899284
1035190625
883462058
956052452
805469961
931483469
909567278
905052963
824626669
910055345
854076942
856938788
1040335054
991821327
851976081
1071632187
1005570567
926476990
807028218
916472246
938747226
850411973
1012540095
922317764
1032695053
822470582
878363751
1061398245
938697949
949257230
953475922
921996395
1039059114
822960558
928656602
1003704267
920246406
1001241254
814810963
1064949850
1049402273
1001899256
920493816
858471463
1027761225
813183267
970947566
1008052087
934817143
829287583
1047447571
825126224
931967591
987599767
857126394
832423292
1009285505
813087341
896265641
983886513
950574242
989719717
1021049425
960231546
853327261
1035281030
897219401
822761334
1025155183
943544529
844300603
969836592
886700028
887857355
999370592
839106606
975964732
927057140
902445822
897384625
926412875
818034933
866599207
890534729
1072571533
910386392
1055501403
972032330
1061751367
917142191
882805494
1066500213
1043428194
925402618
812972591
1034065411
1055965211
959729147
914366873
1058521738
840268807
1048353304
956896354
1008668841
827743345
847757390
841873826
860972267
893707903
982028533
852551839
831957442
1035769336
871887065
915124361
948830233
953082218
871770720
987544277
1067181280
830781698
999780837
887685283
900128731
1066920961
826671007
838944790
1045597843
890419293
1036915473
866701226
890459164
890648700
1065431960
900678526
1008005506
905733700
811265959
893013539
809461255
835209897
908744033
904022769
820537828
1035230695
940641754
848286858
1016292614
968121841
881347451
1020391042
1058904468
806572533
985440625
871494320
1045361554
816935989
843214630
873256722
871867075
876419685
1030925340
925963153
925276605
861545074
924388972
1053131532
828785051
870521861
894108266
966827179
917066998
1015353526
1053630469
1049131930
952123489
834079053
1050027001
1063836043
946759899
925900563
895341020
967617032
966703133
905599108
1055812186
967573802
896448663
923999354
818347689
1027328238
864097808
970762087
1046377814
955042190
814191279
901465082
936027395
922945956
867356410
910209591
977129177
1009594313
991491800
937936535
920555765
983539421
1056952388
1051416412
950180327
983933172
1019705504
873561631
821152105
830086941
1013466379
964443911
1061690648
876944948
983166869
824521835
889726530
1056112064
810292978
848695918
975594169
854168106
1053907817
1043327291
872796837
969746827
937955977
951940565
1023583650
896487186
849105556
879152899
841957139
863002413
1038534235
873820471
811819230
828049938
810398108
874065488
912542049
1003561939
907471183
818193797
863462791
993703073
815539764
855732557
959912350
996727941
863098472
1068403402
1036953767
885064683
956411843
857788333
808730522
805839572
844765866
888954716
808893538
989569820
938417936
877073295
1059109584
1055113032
1017979458
1023811398
1055152416
1053627741
824052990
938131212
834334039
937551974
978777903
1068762165
946683729
907448141
1072445290
1039404734
897589574
1015175774
860293084
834356999
924930105
1006652069
1034427299
863286565
817127550
917373306
879781317
906300931
962871596
1036921867
949975486
938195528
963853919
903042838
818814502
955719843
982422826
867840653
818261851
831096740
1068019832
854365949
901293594
959866965
906868531
830763542
991919916
932701353
886964557
811092643
921409699
849729470
1045205669
1039323922
979377911
1065060735
1047232937
916605760
992983899
932543603
1007726089
838023877
912336808
887996876
937531114
868715292
959783899
873958708
869292573
856787232
1034337651
875141791
946212135
834777129
888702777
874278939
1032850640
820686676
877481552
990442031
967188883
1047894267
833798409
839884387
860501919
1053011571
807894058
977750469
931491459
893581410
813081480
857075037
980829254
859442535
825717027
1073122283
1031427936
1038758333
939203758
1072751749
828227180
928244395
981328838
926536850
1068624481
808113918
1038069904
921436665
871055743
1017696947
1040165634
998900474
820945055
915629763
1072211532
1044323318
873696136
1010559717
937933663
887512421
841418775
1032639455
1069623517
951206383
946130039
941422702
808485273
860004601
945637718
1032547172
965677897
914264278
985289756
844312038
1072694338
899896658
863511652
855365728
995795752
1029825522
843595914
930226226
857983007
910407341
972058067
964243146
1028087304
850516747
1009099146
842112260
995218275
813426532
807325520
945807727
970963269
846677242
828563768
854881986
862050067
906720984
809282026
830501342
856208079
873383341
1066205633
1009549861
1057394984
932398914
823360798
948785948
971331985
951660727
852085000
905723714
1029296079
968972907
883583992
1007213785
848562744
848552433
1006279094
889027727
806920347
881229516
844178182
1044893438
1017795390
868575400
836803186
937226380
841515166
903994879
813089857
915351306
1049880085
970435115
835801544
970123682
811096047
1069237356
824767927
935697481
1071484208
960197936
810598254
1035008419
967762193
941839590
901141020
1021632113
1047311407
845888909
1000819254
1026110632
968361417
816976504
910122481
861294395
845049050
814586508
868437618
821215328
929234102
987337274
932053127
848020202
881377378
893241821
973130730
1063429289
993606492
909480755
821881820
945014779
974106123
870548612
860042392
830091789
1003794930
1038920045
814611062
849810409
852074210
1034047717
940054536
900836210
806469749
809701377
992288763
852942968
909459451
990958100
864175518
924072777
938962370
856162176
1042590233
1033666086
817146255
884219633
899876215
987339215
970245656
1008699996
933068074
893688475
1016538023
905092175
885243523
920365836
874874657
843265185
928122141
954432046
856219533
1050786603
920301489
950726578
939114362
1006869431
937525668
1032441482
1054871821
998720815
1001102727
931245707
1003191408
980229945
932849566
869698211
813423171
919159198
865222966
819882473
813019452
973141201
1038681018
1031243332
843462529
906910914
889569943
1043632185
1032659708
845032714
941040053
1009501396
830508559
873608323
891523994
826646300
1001269024
959512877
928302698
921291359
846182727
951461966
971597245
827121924
811661614
927391920
988444569
967235768
988051265
1055527403
1063453343
868918815
964305492
841672171
1001344563
837823360
1009323932
966817125
884631974
928373154
1064961168
1029030939
997760452
811832389
879082422
948129799
1064161233
824390097
850407373
1038086549
1016923443
825768908
925980027
883073045
961222758
1061856604
852630011
904941333
1024248591
877614366
845930630
864136379
829542854
973484904
867261546
885294893
815906228
847198344
939291695
817669015
833923669
996699415
906638702
985804322
848905712
886989231
817815680
1001881511
872979182
1037803586
869899950
817228603
929504847
930104225
828347537
891578413
1037360985
998626866
831663328
961412874
996949567
1048389097
1051551490
819211101
835826137
916456827
980362615
942730455
833511340
842347365
1025462903
1017019437
867297974
850216731
979386415
1012968923
902678156
987386334
868069617
945162084
847888189
881609175
814158687
1017799295
891078224
805886741
857166166
990505572
1008457143
866536399
896584995
846140409
1073204362
886484834
951590856
1038695380
839059842
950119484
952231426
1016815923
924809444
819650362
864108282
911475997
1062660677
950895487
1046913299
936012524
1000425095
860431250
844139235
865000056
1025239110
990776362
1003887195
1000909747
994127068
862236211
1009961852
861827377
1019980388
842509726
1003306701
999699316
1000151729
870278321
1053207245
954235060
959637991
896996541
821947530
850784741
823258938
911562805
877399030
1005335843
871708160
845425522
965742355
1054815754
945889177
839916036
952281187
952752877
1005351895
1036494645
907232831
880915796
947261157
829288271
957568121
976056706
848027511
981303629
995647895
821256054
1039956280
906209651
1040391976
1025324977
826213404
1064670340
1025436475
855432859
889782536
1014587715
1001791549
872028354
895066475
909383754
837294906
1001272106
833384569
1054683668
1070971225
1066593465
813506036
1020731549
932744205
973029328
954310024
809809631
884809410
838892058
970075262
923850138
944688906
860579057
853483834
859648393
1063242886
983525072
842902934
984963021
925485361
975120461
989329563
844808512
823742861
901570262
850530911
916564611
1058712141
1051246606
995899150
1023907553
1067905050
1045759157
912628241
963094039
839534429
995628342
943036333
814451622
1032117592
904500194
917065314
929273628
878571245
916841226
962450285
934541262
926666376
827769871
953105391
925555055
958734607
919267314
1047424479
905446669
982962845
826062136
1015596852
1052225118
986495540
834391649
863028327
900951614
957715292
916516029
984547316
901044572
947253072
958490053
1019697222
1032207440
1065250949
986430319
1071126548
1070004707
896789303
1033546157
908073767
898808790
910096297
868944554
982509618
958056521
926711446
948785959
881518969
1054725378
943492245
1056936455
971777641
884600782
866581038
851432512
1042372877
913540211
828497604
907519488
996820750
905845838
946737291
1022324332
886353223
817312699
1045096288
1007340924
814114929
951088947
1061164715
946111510
922858258
892043958
849322875
858480480
957648872
1042283482
873357042
812537637
973950488
1064673494
805896357
896686749
1036585802
1070931428
1060935525
1025448211
885931018
951124026
970825601
889407468
972427770
945471771
855852575
1052555491
1045927883
1011851836
927683864
1050942272
839499970
968769021
881765763
1035409100
833606267
945638812
979510808
1023616324
1046125824
1055101995
1016586061
859617397
1015497737
996920261
995419282
951164146
1037436138
892593402
949576223
1009851590
1007098511
1069680517
920596720
1001861251
899258491
938764518
807959907
880737066
814958002
883553344
1073323389
1021364016
837208028
898321697
995154311
1063343155
884624027
963535204
982694184
990981829
824052843
956864837
940706731
988555411
1008765261
916344282
1008478083
834675666
847954977
945972781
956481416
890749747
1063081765
981368343
964970847
1065666194
981952577
938477946
1027380344
1011446163
914985620
851908357
985384419
876802170
897065895
807279330
979296953
1058135737
833980799
1004322880
897203858
1067700180
1056507558
1072825502
1025443137
895323643
808230580
878582872
870719157
1006255927
843542018
905113574
891391929
877985408
889582473
950821117
1052407785
1024538191
840278819
833816375
926383943
809671961
939810295
1020851807
959473996
937415113
893081547
822801675
915898838
1025733373
872730013
1052729903
987390900
912133051
1025023917
973923764
900873626
831967611
915760975
926859313
806289640
918233357
947159666
846416931
945403540
1021629281
931775914
974338691
906715985
1013674717
886707285
981027726
874850165
1034451873
1007017467
1028048382
1006574982
822707829
971641191
979681833
978304024
1058424770
887693278
950450556
1071711766
870181501
868680870
843487424
867511429
836142884
1037821339
923096332
1046833463
961723615
823826310
1021971806
1047379919
1066641581
814659910
940003628
1009212280
949790917
1002557777
873569450
826276836
1031001207
989733969
911279189
1059874684
1010572945
910307822
929805880
810253875
934252701
860556603
1047328560
828221600
889412096
869742921
885748012
991897851
918970708
981010655
967782612
1049296988
822999456
884151346
1060228226
1058614250
1018011783
987038102
863058908
984323140
878178743
934171388
952254296
990670163
917494127
986697154
1021900599
1039998766
1045139425
986181030
840976864
989962084
815185707
972209225
834688089
1030841714
1049209599
1001706510
1067222635
841341173
987734972
838105163
1007072645
984497109
895595820
895406124
966071290
1064386696
974272785
932242446
1065211981
1051185286
843027962
1044089255
939131352
912719285
975849096
909595675
1021871505
1063995540
887982002
1002240775
910928623
966843348
854165516
959877499
818923701
855281512
976856800
832476040
1073729338
935028363
892922320
863780429
856171663
1046178935
876425504
1047490936
809666245
1053505812
888349899
980375677
814466246
914392494
958483178
960293812
1066279075
955012861
1059540123
909638695
906335344
919325772
1010643964
923589592
1069556714
950506149
1036794970
927355935
932943734
1015710015
876495599
952938023
860677836
918972999
1051708268
879612402
1034486680
907940836
819759593
1032664234
1050413895
950473016
946482162
1061200053
980830576
1017239534
869551873
1018129528
975088038
1068484668
1053812518
923907317
849574711
961662087
904395267
881159739
842905650
918599105
950356234
1057719874
922120649
1046246571
852417563
914769360
873661453
1042588535
883429795
825137616
879595039
931868946
849958925
912303912
894377425
1016686256
1010671717
924438747
910070738
1069388043
915960509
1001825682
919859463
892485415
1011319515
928768801
1020882122
975829718
847070426
946558214
811792623
911634604
885496014
817371668
820855403
928962047
1058858094
973565447
853214989
1048018482
972948834
899974867
867650415
878402767
967905774
970899007
884883781
897425633
969127016
1049101615
812398109
929932321
856579883
1059147304
910206849
866719507
897305910
1014697714
1041050238
887483415
1062570013
1055969067
1015933833
951792073
992849510
992379452
1033612503
913002201
953582470
970641105
918708901
1059279934
1000267696
1054629477
1014515230
817428767
1007248243
1042524645
826671186
990944397
982046257
827371330
929958358
863486022
927659213
906270654
926685747
833646500
841441831
928595035
814987619
1010242976
859165773
1028258880
925418829
814114648
911589856
813993015
983654133
849339913
1038293359
1057048153
882449189
895476781
869244501
822925348
898163478
942326087
809977255
880421041
845071761
888157381
927754650
1037931890
943777670
1060974188
1070756694
980137635
968078392
1028287904
888151983
900264849
1061698821
1060149842
1041571797
1015499288
807087704
920055379
894064282
953898026
806348129
812342507
837250858
826028693
954737361
876812432
876386297
836864216
1010766101
1006247773
811837325
831348814
1002846676
904567897
1011757401
1046536081
1047562300
889491868
917640760
887280787
956441794
812600957
940802289
850254701
920366251
981357122
969455324
1070729779
1001133620
930914061
822361195
1019658463
815109811
943755613
833492529
914387922
1063234843
1036237197
846993419
820283525
1004175565
989750452
835467351
998222410
866505263
854239457
956214329
1050421468
1060212802
876349763
942400114
944748412
890552639
806017590
939047717
882313613
957100754
900708338
969895605
835071059
1027383142
971609122
1018363242
868168605
851146330
969706680
945822833
975303472
1017371816
859608423
921737458
902936797
810564809
1019725946
917184875
1024819757
908789475
912809676
814614187
883491360
820863434
1053054699
992965450
1064912678
872860047
946878848
824515964
1037498322
973597565
982265959
886624566
854889743
1060966799
918953705
845771583
873051208
1037074808
996776507
923881074
961756194
942791146
835884968
1012209397
889566496
954228747
847505313
928163591
970341361
957712575
1039972127
812160604
925090578
938224332
971504018
851634186
861614958
1009696022
1072025870
1034729466
1014694927
1017907524
984880425
1018400258
837967946
949371608
940650036
835369236
812664303
838092971
943790401
931312437
865890286
939690400
931581026
897810186
952028119
805340356
1005243116
1026693664
846728164
1051283585
964344259
831061947
1025700559
1055976988
854746003
912369684
843390630
924358231
1010305932
1022113183
1070222903
953554742
893131577
996086098
1055121807
842100156
931548012
871355840
824713858
939280750
894088949
814485414
849834229
862675050
878348293
905697626
998870120
812944865
853000355
1007295214
1005975519
823423148
869364402
1011565378
1057721692
829052018
988043227
930000660
937794166
918689883
1034226583
871646012
954888804
942023842
820228563
1011416868
1034798828
952924276
920586271
867806707
1065663007
939010517
865269071
994002410
1058397274
908042509
898087442
819567706
817828112
1069172516
963356503
1062680857
888151423
1038630329
875330505
830700229
999655757
997408462
949283885
878269715
848930369
1052995203
825855378
867270009
831324444
906367423
946904033
841937568
926904162
944789512
937595316
823745303
1006736034
826665235
943292746
888287777
822975373
943088777
993722257
983437708
917804989
1068844152
936659812
999705385
920883061
862009794
959465990
834389748
1039130205
915876121
859553703
906184710
874780905
932447114
961485968
901430013
846744470
891234534
838956519
849367293
891358958
1008469400
813624734
811857967
898485046
996956551
959796895
1013011558
960685948
934688096
958568363
1001244364
914056843
991879710
1033334027
950795178
1009206935
821889341
1045612725
989917343
816832442
1007299917
981124934
1032133584
911657978
900541857
931458679
1020017840
931407774
963968440
915661069
834436645
896554718
1007776502
941646848
822990265
1042541867
816460439
824244637
922667707
983642660
902330776
848927939
898603438
847657582
874919049
949418383
827185631
964338331
928404110
975338089
1012527967
1029770464
929698679
1004308148
940079372
955455199
1010205590
807446958
878490097
863964188
1001651803
806548079
946435353
818145776
942026168
1004304919
909935952
1030234717
921797532
835279636
1008685917
1040122168
960095418
924375395
913627044
1062363012
1050788619
959057276
854556989
886526680
929212703
995482197
901863037
1028311977
904539146
1013230313
830554600
863396787
960805979
807451390
958921012
909840696
835283422
916967563
845857478
942409129
1055765974
827107929
811413412
938960721
1032278588
1045121310
1061087660
884501245
955945388
924186272
1039773521
1070658703
1073154379
891725791
834356574
882147283
903337522
1068105422
1008310346
847685637
929171152
1070684703
1028129085
819431795
1038995914
951183578
935773166
877678946
940556802
971162697
956262788
1007978585
933424059
881609578
919186504
936778633
905165950
836672973
868434607
933505582
855593561
930977218
831897086
1067537782
980425046
872907554
1016421560
977199527
815442798
876626465
914366019
953351157
1012064128
853671023
893908604
1021132722
1069072909
857724459
966477917
958100699
859084520
965884484
1024014019
952390595
899126040
895773048
928342955
1020878694
1073325557
973992514
863610172
1047564452
824037453
960496509
902245905
935767377
984690005
901373219
932788949
1009529099
890375602
832467075
950694604
991398718
864229057
963646470
946663888
1051919573
862936891
1063068235
897294719
906921173
870444835
999133724
1049163336
924843949
900608551
966563676
1051624567
941497131
838676016
1025267556
922944208
1033055536
971196358
982602802
1054677947
921647996
937845031
1037527873
922452632
813822458
1026344408
1007838467
932513665
816130423
926835224
965879096
912363006
923452988
923397452
987003613
819368135
867936525
974159020
876668409
1034289496
981055941
836449469
869984636
994969191
812067352
953930180
995701894
1038518098
1018306794
1044590748
859705731
948335998
869807539
878984758
945953071
894599533
1022039856
1031647014
911078200
851705411
989724164
970066070
861040445
1036633899
1062015050
1030871811
851489170
1027895476
928481378
1028943359
1064446635
955826447
929933245
836308356
963327363
821730355
925439233
885942895
1020795376
912028931
923991089
927081937
1051703887
848303792
933330365
960203024
1054786747
1014449035
1016232777
814607300
1062001485
821982025
907079578
1072091589
828340302
952430632
998610553
1068842640
891952106
1009512271
978133940
1003988876
1053049551
1031370323
835376291
894457353
823372137
1020392384
959933756
1073555444
976376235
961282417
994325031
932699979
887788295
1031061364
1057305753
965340270
992433330
940282331
1065195290
1018915627
818485364
912116904
921828785
1065715215
854826183
849732434
1066138676
815788299
1051260927
815720785
895393330
1039697226
875085207
938611970
929081645
907528678
992033130
824336843
808738159
836729753
1024404676
933587944
886509963
1072909725
903946644
809079796
964189894
817550787
1040118017
820207951
999066361
966404000
845830243
953868853
1007524408
963360381
972596681
980186830
1004801216
1024054684
967713725
888905990
913556294
839430508
821150271
1014677112
821614330
903681885
1019859025
996734628
965564818
946458212
902133125
1001178110
1040425248
913047776
1005089066
1043851114
827154192
1061656988
889536831
818058218
1036089233
1014458278
913619865
977977793
984667596
1015306538
890692024
848277428
825051331
940932417
1010023228
817338023
816953950
928564116
928916441
1070294324
852810001
1019121550
1050030736
1018816057
898095713
902781684
1006160985
881066429
1053851137
829481666
1022180781
842667706
844110968
1010617367
868456622
1023601036
886084233
1054582208
1009137169
1024765514
819977032
897019014
1061688770
828159583
983892984
945833988
941953541
966455052
977113591
826702450
1034797011
924020939
1051482297
925891951
1051774058
976057635
872157088
951520050
1042707546
805658926
847589359
980965047
871462272
1070559425
974171187
855100060
1066743343
814098396
920160638
956374174
832634988
935624549
885589008
840649809
1001000406
855671947
1040562482
1053943728
820691467
1020532070
963728745
948863524
881254695
879928687
864644987
896975987
1028996530
1048982631
1006691898
972998305
1047376934
879800308
807430764
1069321481
805381038
1018544880
1027488689
885319636
965728561
969530347
1010393156
1031949446
933137213
1036311569
946964559
978763438
982978724
1043800605
1055171954
978962702
934513373
957490623
904345739
889636105
902386114
869295001
923173446
822940198
879920875
1047131555
971323376
854834839
973561558
960596698
833246819
941933191
975265400
1042278415
1059850674
1002354324
806552110
984245395
1006589609
841245769
994449585
958060384
839905244
1058974111
837544230
1011764878
936541371
838561057
863856643
1017300617
1061105515
885069540
996828109
1063310370
821477734
842760035
823480289
858941413
925356707
983764185
898585139
847181353
950474942
959281310
856219678
866243334
817757994
1027480518
963376400
921387467
1051670724
934073247
968571047
892648130
815595884
1056920091
1033354517
859115475
1025282671
903795900
975864899
836470548
1064063630
956469336
1005453455
1002865432
1066796588
830636642
830147341
856410550
927851494
1040103585
905548616
965622956
827602538
831800129
931926170
999974774
1020463343
995798825
845323578
1068286264
956487199
965248975
1000890586
1025330314
855923036
861848964
810446846
866374948
835171952
1051382133
851701633
1041887072
865984716
983126761
989806418
813189990
956205218
910981266
872183362
1051982845
965167031
899202045
955928537
935931855
942564707
1052678579
805483453
1026529726
937858082
913251176
835199630
1007588540
870855278
862121178
1002968837
811424052
997080009
943303455
1004295369
969560263
819803077
883142724
829579254
938194625
930360314
890189954
887337415
873417433
1055930010
971653801
1024351908
933814847
853038260
1073139011
942467574
1060611061
908824763
1034074984
943030639
1035649346
915459732
814923539
1033862938
856219992
852070272
1042307932
976438139
944172190
838558342
899869039
903894815
1042221154
909095650
955695469
920926952
1050243551
829375959
976546088
1073249440
860541380
907650444
904477711
1063619483
831819264
854545180
1029154186
1002531348
1011983911
970627717
1057336536
827131772
881516950
928468284
943894695
1020007987
886712052
1050494394
882461896
981638003
1013199593
894175949
882937698
1038132038
1038007060
1046682682
894251841
850694458
992520738
879100722
1029713011
832572774
1039225347
986195940
847226102
853908602
842467636
828356857
953610683
1026752243
1059611038
925883254
880154045
959024754
831516308
911368364
891946966
810215912
951663023
887320467
1017123620
1030316782
987369963
884834009
1054547201
1066475252
938190943
1040720889
982319370
1033875713
1049338839
929243636
900650937
1041006863
1068564943
859756824
946154854
987081548
955040724
1044028837
897181088
837290207
984074457
986384130
806641514
1041136926
969100640
915915690
948075445
837585483
948826788
846749818
1073300380
1070649990
842495020
838902707
1050621771
856453264
905408853
1033928046
814487298
1072375506
965848727
952094511
908788115
935883804
850600249
847947829
925293388
950899561
850813449
890240886
1023864056
886204619
946657319
959198168
930875715
969896622
1026894187
921453890
842589462
922658576
1047770019
838364714
939823203
1007527394
1025948183
1031749562
896051480
881071033
1049578583
1012409950
866062723
945913996
849194033
1031242087
869250186
1018917513
859372244
908947261
832448039
1018706725
846410858
826649578
805799898
871784729
1022301556
818360139
1067208249
954095183
1069782965
852393019
919268257
946833075
872047518
995924544
1002698481
960957298
956865334
835301612
963568028
979975847
909916821
932246220
918886202
967643370
922574965
1071741520
971989255
941738739
1012795590
870653182
1036287174
821025516
1073041832
938005451
946629257
968306306
1005388251
867875278
1005121794
905666090
999531999
1035728250
900644801
938436364
959763358
1061336456
921188377
917923865
982134422
987676537
1049711147
986995307
823839600
805608793
926409443
1044318997
1011243648
1021709113
1013446701
823115415
873131430
859831218
942883443
904475734
947745453
908310202
933236345
949298658
846112841
892169374
928254616
1024639698
981197703
1006743009
889093108
874942567
927188674
1052276832
928793117
885215434
1051651962
811188420
824466123
1033084941
806818760
873682842
1002469799
921194159
862567801
848032049
885809438
1011338836
951274387
1052973377
1021656709
920173582
1055839319
1002136873
979482865
1011107749
1003356131
1013312995
838494971
901271752
1061256674
923375119
883494422
955983452
972587795
931410486
1058237238
1021372048
992412898
874325865
887751424
952852501
976825174
906670591
831649143
956203090
1062902047
984913013
991426871
1004860421
858107107
1006142624
920947438
1068476972
1064324821
1065892715
881222346
1022926394
875737526
881400336
898075179
1040106433
934581226
906611813
890589220
981564554
971103695
931802150
980118312
1010406418
1021848260
895316758
1024402358
1011955830
831798282
1060978878
889409028
935780896
844463206
1006960553
805588545
963945066
1013198219
929209029
1033002446
1028385064
950371390
1034599697
972273237
904183076
904082504
1000506380
827941291
942514404
936222957
933849638
883301681
900927754
812803506
1005707547
833942217
816530733
893045726
1034271415
935087223
986016428
932188036
809945068
912609655
970202641
824207101
1016451039
883555573
991148768
1064607582
934963733
1058767105
915231533
1071811442
1063897435
918932266
853400347
904393705
883597047
1038797452
965704235
957348936
1000675822
913452825
1014060014
1022520536
880269447
939373003
977780965
1020827305
1007021049
940542488
975751230
839435021
907113903
972371838
864007142
936585930
848858108
1004413184
966961119
849668461
968375808
813825285
1036003866
1032207503
824319239
1003846605
905830317
920863493
952849578
806252811
992522850
979109066
834272883
904914648
892027469
989988274
914040381
812022619
1019361052
829675603
853638490
960197554
1038691157
872729737
858117524
921948485
858790960
1054503785
834974153
879859846
950892781
816634309
953359419
870872038
811398746
859207307
1028553569
1052784235
979109264
912650642
941255870
919370486
1062666165
867845097
1024665509
1020388495
924027090
908194011
898101926
871960667
901690282
922148876
970153630
827235532
845148494
1030658813
1022580408
917626165
979420707
962777131
959802564
1007404369
817522601
916555851
1063601812
854565247
972912914
1073653035
865906925
841422405
1038074939
1047427781
906618033
952643720
1072807477
933538704
954745920
1023594166
1005522482
999375769
886672980
892078248
1041567650
927469038
851863708
996977659
1005039941
1026044900
946640674
1003297073
909999577
971424722
849259661
873213225
908843248
1031039236
807364526
1068682658
1042023326
962723913
957174046
1041587581
936592438
921211712
1050194412
840883794
1068310172
1011284532
934009182
1047721259
838455352
833719955
1003844370
847390567
989756340
927739614
813520900
814852187
837117812
911400166
910563863
1010963609
939344652
1022110555
994296696
936688438
1019780181
879778123
938175526
848179120
959243545
1010644882
940938724
954309167
948462467
812718147
909285513
1001548816
989172014
936086529
917241980
1047037991
814457483
899737588
1058488817
945561696
825398556
1048885066
939458015
980798172
973286462
956406189
946499140
1050938980
1023719624
930901631
944537090
851771914
1004548403
1012622566
983060565
1009454954
1010167988
1013796459
1015973776
1003564653
1053249453
830262363
934016227
883027300
840331979
836167285
901502875
826328107
1012836080
955401771
807915092
976516984
830309118
961024095
995449576
961658838
1002053606
941591461
1058343440
861310261
1021021550
983471240
827588150
851792764
1062707954
1027807574
899304885
838898809
820952831
993812816
940368122
929087575
970531076
876494236
809172477
967597990
870833449
928963613
825764234
856063775
1037956108
854880479
907705766
836571357
973173729
964798787
1054068946
947909513
912431429
1071063462
962921745
907272828
986696898
893127168
819689660
810755027
931438456
904972606
1038802514
918145491
905891116
897961920
861844808
1023015936
864635977
958715222
1003711581
1001713281
1003123544
940460756
871685559
1037573874
1005993120
956386893
842788525
864001484
992847228
889112558
856685243
810592471
858082205
814533115
1066624183
945526372
1049385613
859785302
893829986
980334098
903941164
1048085432
1051921192
1065737812
1013318663
1056367300
914148098
954406666
827189662
979711961
979521268
874550388
1031983853
931846760
869695765
1058823107
1001312166
913103462
1003547456
883031941
873323007
954975958
938129521
1063789240
1047122442
902083109
945896847
970145875
977295041
954013764
820226819
893143868
1015357635
1043084636
982059099
884033025
827354098
841042882
829162693
919606284
840536230
985455559
888696367
1018413618
1038589871
845657953
1057088498
1005649202
949751523
875262547
884758838
901211544
1038346572
960222100
815776944
990548641
880135995
818533499
1006347206
958945064
1010244723
862710418
831697576
975016309
988851309
847502788
1002602861
946700515
970301887
1023991622
915733359
1055160647
956352578
908424064
934141546
997713009
891136334
1032879240
1041053170
934522026
1055110354
819849768
982120555
824994213
920117791
989095464
850309205
1032182103
1044412997
919763249
853038050
910220493
1046277204
856924200
1072620436
855456061
841367778
1008626832
827519418
1058607425
857715724
909507456
945961539
988410647
1008593111
965320656
1028990645
1039096608
941412448
948395309
992423617
810412660
913940168
865691198
928730961
888256481
1057182313
959874686
913351108
997594564
1065164044
1061933505
944481427
930849574
897665329
1013027482
886718655
1059255856
1064223088
1053303202
833237741
897682046
908887051
902944669
991841265
1032884674
934501580
832747627
1010337544
956309745
811554094
895168184
908758031
920605064
1033974528
995216659
836875291
1020256736
1007259031
1002716470
1045750075
880794866
929883651
1045576642
953672714
1007963816
809781471
998283654
932587965
978504738
973118183
828386671
997604341
1030443053
986251173
891318489
941942390
807694691
873568568
1010263578
987954894
811286539
950970609
979241933
885865661
909405504
1016751824
974571652
882965552
989991933
871143407
877036415
870431013
902202122
962671178
840048263
1067476084
892197913
875884046
1019189877
1012745772
1069211540
808687704
1068490946
1030543173
908365225
916467018
1025250279
958921642
999364429
808077295
889023921
827144853
1050886223
906679004
862933558
1071834008
1064282366
931245649
1048406288
855362947
935404939
973442895
876156754
1003741873
1026030716
1039919976
1036214875
920440905
947545386
985929233
820947187
857451453
813808695
1051591087
863538763
1004566705
998501248
978906693
810996111
807922303
927155882
1067963930
983340047
1054464922
1012048024
932317669
1040660698
1034700086
1010670595
961478205
1037287161
849071041
981733254
847031122
912735255
926100077
940563453
918743754
944792629
950061854
989225529
861698653
1048242596
1070836825
853640876
921689585
1071714513
915909467
1039352957
818264649
1050320106
935725125
1032845227
992094035
1025968115
1015818617
890412072
1041484365
965870487
926061989
904521520
850026275
809816269
986813942
990795710
811258904
887225256
1037395777
874489122
995594213
898830723
878909003
1006828738
854881253
1043178630
1027832901
873986225
1034873798
866792663
1006496253
979098483
961486211
998364899
839760755
1008482870
897666318
998435589
1014741651
1030332965
876601336
817769100
1070089124
928160249
968785485
1067714714
1008585754
833225155
815809900
875569292
978842359
873503058
906261577
822077837
1049240732
860239253
839946214
928284136
931906123
867970882
1028707579
1011579313
989403659
946516991
1050082711
1053722001
975801078
1030333366
947042225
1040566414
910209292
948873820
868687082
1018774500
858293932
856397386
930055492
1007787356
885886196
916005893
833396300
971673245
850256474
959508325
859941598
1020498492
849685248
812146041
871957814
978984881
849375042
998669809
836926196
1050419653
968808125
848281235
888015848
999141706
1049547098
1030577441
826550148
1019958565
838115619
996060241
896515409
914282729
929642185
973938613
872131162
926851150
1040239772
1026036478
922790147
875441546
971981823
990526753
971217035
934259134
1031723012
831149086
1070951598
1009644718
1047900781
951412987
1072134732
837070696
1064763694
1033850027
840061768
898475712
971262623
806855060
849996538
986946017
1009790783
817501002
857605842
851709425
1010742039
945618524
882222889
817330504
847082166
890020489
846864762
1033594242
882624582
950457312
908454959
843641132
931488068
895874423
976279937
1027178034
839704905
1034763396
1042103540
864954969
805887236
1041009659
913700849
856992760
952417235
869779166
974097290
884550967
871000218
1064026301
1043692198
927238902
1067754737
955468097
1035636837
1040869887
1072865989
880424941
1035083340
848888926
824333882
807488085
891704998
978441117
877366828
899358670
849052096
1006099005
977667776
807902650
1054494346
895713655
807501025
814842709
879981750
930818470
849193401
859612346
821382970
939370974
902477942
1042347524
914132092
981153787
955667880
967052892
846837027
1044022033
1008600415
905895877
888834880
826843231
879577350
1043736888
960901964
886171931
805330834
967636632
931294637
958063618
851265918
819273651
894550505
1053310401
1042462891
1069000673
813736542
855124997
808391384
1041582625
884645030
983785028
860666225
846692173
1001673928
1005898624
872008462
1036171802
963473524
1001995857
916233459
867942039
822177676
895358456
999435243
869143856
1021959498
943049830
916725718
1033192619
1023197217
884408244
1059294259
940645625
953888818
1047677624
1001376421
973414595
1063384376
944033019
834420348
967081510
1028219484
994322397
966224521
1003717900
930829695
993175809
1061949471
822506287
1024812713
904905191
1006783384
929517875
816619803
1055861688
942095757
831480290
809394938
1049767929
939288132
978499107
1002889553
998980040
820155667
1025926907
949835832
934641439
977322162
885648753
996450693
1012249544
1027311025
991575599
830560810
844371961
831171150
969288571
859969942
1051147859
806121999
992457781
934155078
931099676
1069434787
