249907444
90563722
65426937
55127407
84554400
50722538
268108463
206233214
101449996
74457526
103344805
249694901
73009601
225705973
29562163
88191407
120365542
170692300
210383262
177103463
48512019
159861062
265287757
117909095
156960786
195710904
205842652
146878812
189165390
258828323
17513914
18243342
112697276
189247273
164882703
19071295
150986724
175019710
108929270
225716954
253848103
262348302
10790318
27380600
165034568
115002350
159183795
109466313
166867418
149615288
197829367
253574104
247309396
167824070
174591731
206916276
13483752
1426608
139268543
17249744
68919632
4792232
258764993
118694647
65578353
144975261
232337754
227588210
17694535
83809471
265491950
256463373
252559685
157301667
116670944
180728966
267678406
194632546
154135748
253907011
264262771
184397568
200580342
78750369
123813710
173846633
32915485
171683799
265947692
249508892
211933620
105990629
84223529
203542233
187954515
97662955
249824631
143105142
195170267
40950195
88917295
126559461
151394309
178287344
234918799
102882175
20540458
47943137
120452090
202520616
99975482
240728848
136026639
230447508
37530265
187905430
196513504
266585653
11632655
171533525
262836350
36155339
183721940
26494975
234564054
12106396
254318811
136810609
233662099
120939738
79567256
254532395
241476321
14410810
266899120
76822711
180031143
19739307
211548291
124314174
180111177
131598637
62732082
31385661
212332870
224544988
101481103
1751247
232752939
9690965
229592234
26448545
10686716
226479837
103896936
194664920
215243959
251643040
216294695
66878393
8177006
33942138
218445689
244615916
101075931
208347384
172470242
91590909
175518791
46505004
228466796
180287369
181129714
171604476
234646760
123575912
37305395
261468651
37987778
181009667
225730031
25283038
254340422
144159695
17693512
2476060
103629223
15728250
145922069
103957068
110464738
207020226
213331123
7894409
37826874
146237223
208966691
63004435
89437151
218066408
102976750
158053007
111723721
217282684
68579753
23322981
138384977
101901043
130407129
108534770
188003811
35791018
65286873
101220060
49578179
45610841
206036560
258479097
239038272
93337794
268416634
176875626
158051010
63271334
133199934
199061841
238584161
72723031
91353783
105239805
198895224
26759207
130497043
243623418
79161147
27104515
24270845
210284918
18720441
170179734
230833805
262334756
84959135
57257221
148496808
250715310
229967663
256034901
73301239
65291867
26710616
42501959
223279193
75410049
13885972
25098503
252378454
111119559
212189373
105262667
175324117
117311309
227937363
77187582
193094537
168635945
114371807
214380809
8764743
58827082
149345468
152536947
8697021
23754002
102512864
62478806
52858237
134561193
264143419
119904654
128188981
151497544
133027057
48112492
237108431
113517476
195469239
10090559
217608128
49782136
201696120
187719990
260009978
84921120
13773118
96523868
115543520
107730207
97288565
247442799
251244391
198661924
83517747
143718481
118236043
237404364
27437257
71866551
92470209
49391236
200980481
29891086
161538761
201006898
175892063
250300374
22800411
72305259
61212603
193978743
84961371
200612262
128509691
91186293
218163647
79984075
174941231
78819473
12620265
175026297
26268608
235072332
35635860
123497052
176350641
224695252
70674477
81690192
198220126
57691984
109668227
65432126
199203534
62995940
53950757
225335772
115034928
220251381
105207639
15810809
208075769
253130544
59777411
123730359
246101346
148813742
175275308
124720520
189293869
178087718
13919361
173598574
196732826
172970322
137327937
228753243
26478104
215420908
202525331
141037772
208272419
161727159
42622878
146444710
258862617
129657604
135013132
203720381
20710009
168467439
121887068
175486984
255882259
22694827
204315455
5870393
21469252
181345851
259124942
88900977
184477281
144659046
203096537
27672381
47645702
229621200
21093627
204969443
74301522
100741709
99437144
69972650
260055142
60268661
194511341
125768463
112054914
79571032
130677210
23217600
48008629
170231730
105110436
30388670
227171994
72166285
166818552
30364325
163737712
200154036
50586735
111033209
120858774
19881326
148349208
207899112
240656225
165694411
54178324
49989393
233780303
172966184
174935195
55994978
89541000
253719630
252658617
171748093
97011303
95038314
17364007
131735118
159345698
171324936
12865338
255731396
187637864
109647275
206739748
174571890
197955259
147252279
67168510
49614201
218923900
142149898
43700203
38558197
60871877
66253680
86806930
43037064
193575680
197366289
213195500
209467740
20611847
52142918
251940294
74528360
141846564
32157574
234321506
21994839
229256210
76285234
75254002
120367440
89679099
255005573
26252851
132065456
145765344
238853542
85331386
155793669
204109632
139565267
22152778
105116451
30661944
175759393
222365975
210008072
656467
62654067
198160731
197069471
45374869
101517333
31428280
56954326
147411912
84460596
134646957
147954845
96787084
42504829
180865518
214870471
137783670
219874765
113401347
112643839
52831449
117326704
98789034
147933328
145115810
16422313
199397309
192825986
111263916
50650017
261795669
102292636
40824640
89903450
208398929
260415301
59250682
91638011
188839629
186945157
262990157
218926483
127838912
55906658
122598869
252483501
189246168
2830503
54335727
239232306
137601457
70346528
80404422
130180466
213939072
155208819
211053192
254973644
136207275
118585881
41773069
79932547
219860678
137978247
242851758
3800854
136441189
176682662
191572038
68205704
32255854
40387839
67352528
39034331
91088179
215129189
200032048
189044473
57288097
66970004
230256947
48658085
81334948
178374306
112866423
67957727
98068778
77340894
148150830
234529181
183244576
59152265
158768371
231899720
18076178
89088048
26219943
166969240
100364289
140749041
105585549
78997246
256407551
122928659
174727190
125807948
179474805
110316596
171269790
16594394
245020436
258250856
180330354
84332630
44104283
196069703
233349523
239191023
48265954
259523558
180392359
58484875
34402208
222503117
224708120
226111050
107125766
52810881
143721612
81919358
124536315
196338974
66930057
234001730
106545897
89440997
27469087
10680275
246943485
208077272
222742106
239860335
93357721
50653768
218420150
264950328
190312402
129101282
57160517
175546619
198186103
54508677
9166912
4174236
249668614
23243229
82418705
213822307
245485833
194340664
27874519
78857213
259231542
233076799
187493489
256221342
45392061
5563818
186921612
110691778
46196048
110313556
204147449
123225602
100806150
75908337
225202410
208311371
119545929
96744916
19865610
218170590
184012643
86886512
176477398
77780498
260299312
100571653
166760084
188285661
123554736
42508428
139022043
204206607
126697082
117866983
26073690
26020206
64646424
147470407
53086179
3954831
46481788
159960315
184890527
40697688
107195535
37495435
183905513
163727070
173235376
216614945
32236204
138050568
4070841
32988723
137227646
145558879
77050202
168434516
78035910
156847253
151818116
16973782
129663060
224524928
92082210
60099290
247336835
37520899
252627743
69720940
20197122
184989844
267586632
175850587
254727426
258251519
27128762
15474689
208619666
74093434
78284238
88279854
22619945
189949920
202502583
199728080
19150966
84485422
109895853
119796084
176763909
86607229
82108580
78707372
150818998
169312764
69892141
168658652
263733059
194646600
6697306
236929916
68565456
3777494
25583500
228027007
172974529
52106273
232386396
89757764
190505978
63671270
97881455
119385576
162287173
176162121
136998162
158078990
185585339
265662509
127524705
238954756
185130980
123983258
197848136
250159909
251814706
64936847
123946128
132446952
100424402
14820263
90742669
225925380
133007370
104807638
53930030
241191645
94925324
229744662
56189691
250075729
83609058
2424856
99760797
202810229
103644389
7411578
231940553
98004238
108822833
114889264
143815653
33202662
144715005
78725377
32372944
230707178
90667045
183731226
213190511
249334183
263767282
17813568
131508191
203687678
196500117
163076338
267503547
48237115
254699221
48267606
26043330
102945311
74995071
35123236
52682745
174956087
84867926
86761557
132513396
183405986
65514810
10927138
130014609
206080375
51415533
170175716
127617274
236244541
252297427
194197321
196492191
200206170
10695694
198736772
160349810
83792050
142927004
263833446
219570329
58940951
89665415
203608863
202037553
37904358
155682613
86942859
253526711
175080279
118534561
93142786
155975617
230238108
255271720
66687939
258226966
235330633
38278544
184575382
153071041
107256661
30134279
216554886
62921276
168162498
12054699
154257481
86174084
97774392
214371709
80737122
97719489
51877292
248995916
243733637
119462102
251293177
134483113
113668658
90045961
69997835
118375622
90250519
145306856
161596988
229190076
73624852
253610562
109538582
18330719
240287894
76031035
51233331
145967554
215026436
184085026
98437467
4735341
221854494
18353979
183036216
9851343
253431045
65028569
132484153
136368003
113504812
24659498
193624961
88911120
259033100
160382005
41330193
143270114
210522041
124705801
148790703
239212764
35837110
19481540
163143397
174547925
85270178
185037778
21814902
267746140
191930507
162824005
232761765
6563891
56045907
124706927
259210047
266736444
81330081
245318444
13802734
218091717
186540386
156388418
160087376
4647095
99361809
37062442
14916306
241046215
268217766
162457318
37842815
33608639
123673498
118712805
147450253
232704378
199888384
59534233
127477299
38880996
211080493
248492762
199158549
241281111
188033067
11958608
45956282
39984221
229788133
178899921
35756000
27684901
44011420
167972252
73337532
149090053
171949178
33960848
166732832
73175881
186258335
205525939
86426443
257594454
84798367
188352600
75926631
71103278
110734908
58575978
206126569
15386955
268068568
9763390
259049292
51849279
27045719
124237833
93843540
117972413
10181948
32467504
2700192
2249047
65489383
228671737
71879783
51046926
112309783
19870549
40914950
92137818
241211735
184605617
91458743
175675498
225805624
228880832
127665998
195560256
178305579
252477842
267927754
126982271
98034734
115326599
174658527
33609201
179059026
172777289
105039082
194795835
56349058
67101719
28866549
30709969
231426867
114146066
203879318
175323337
145966421
244706311
78351749
84917600
203389268
12458170
69097290
250792919
242574984
72346976
205410843
233750470
219922677
243472410
192931055
226539937
136864907
110017972
30275870
224260143
84596715
260533718
266725165
242959181
248770882
171041302
179545330
194735228
44178972
12755020
213306350
108156280
191529243
84501254
91553591
36749529
116521358
139876185
131396804
64758841
14277418
221703043
47729959
56479478
77618656
206963159
13693365
413132
249042609
248674264
171318906
219620048
240815588
62420709
6735358
267996393
73909214
80012855
119497736
148554063
123078817
252460897
260654437
225873368
74656510
61717117
144765996
264996118
58997905
12980692
198691498
207951112
131435287
86953315
63395974
174844055
32806004
194892363
66234460
49194358
184146648
12223513
102950774
205871802
170946359
129377671
170790092
213616077
264443478
240720710
196174542
116909485
149101943
100049391
207369965
113680968
206816600
145523829
198307153
25477601
100861771
62262493
217179366
34890360
183226751
186236137
266754357
111365443
25515806
206337764
98235982
146249521
136174534
53951888
183053876
2065226
215869786
235824292
114134064
227652631
180633753
24270687
133235637
5123971
14416835
259210833
39884626
255507638
244836394
35358314
224501894
71397829
216783655
10093975
218043896
24357679
251776326
14046893
155715346
239631542
92051361
11982710
201308282
218883017
245852920
147836237
234291087
102990159
125581950
214034301
211310788
248551872
74055540
217706016
233402865
111617740
226864446
168878217
187009108
137797638
56009613
81520285
250679573
49590100
215453575
95716833
73667456
79734261
50641126
50466879
261078797
240013515
170741906
74653229
165508000
35721445
156427814
228733847
223551961
76730876
263737206
255174835
254454377
50441094
221892439
116144855
25960973
49996726
195815486
125512775
85392166
166274987
224669090
22204837
201663731
255524537
20634462
205596734
255230317
28310879
196267825
176563352
115413803
87045575
146926179
4312075
185741030
145594005
85147676
196623760
219378436
262912779
217588347
3590575
216929106
99885349
18044007
175139064
163293179
14648690
246537805
165689075
154217034
242831792
207818107
223559699
10819076
238091824
9750305
49462484
119929824
73177684
267043218
153315343
11569729
223912718
173284989
27476837
162815777
146295467
165776972
95867304
167849982
167475777
217167385
86254088
68459615
227748266
190698983
226685273
30488344
256497644
4004366
109795333
117087975
66013092
38076380
127301492
53300828
228023978
119976676
148241474
44784067
132728037
193463517
129833383
31282773
46223181
139301170
71226849
16459459
56903165
137676097
175836115
181764432
74711567
60876895
46349521
245832211
232167551
91310221
242301387
112523043
66771905
215293872
121993889
55320163
82034183
52713378
216258247
233122441
3181914
58410175
122140285
239187389
2511693
103151911
4244107
2723888
156493145
13183806
88818889
131967939
149340536
163387758
97639475
150118417
208310796
105875867
165412192
91492005
135058265
208604873
259192497
190871158
242559544
229757436
73035867
93082165
86806829
124249015
204813581
184854051
23246943
265966639
238017006
11143579
211328331
38878174
144290285
126425329
219795677
184462504
166781302
172470770
130724765
132446105
220221655
152237236
252504374
1867285
55913096
28596399
95693611
110740122
69713541
236646544
5272658
78608236
59547356
194870555
37397464
136523074
95106552
111907127
197075867
151024599
9445118
149831657
240305023
233353770
69370231
129034245
94940528
212471933
175315162
196277388
216823252
94938393
129694123
240598671
264917142
143270139
226097875
28452006
66203049
39336407
174997686
120198181
265941507
44490043
216363628
201400161
253436490
78772324
66055909
90826045
89489024
101339102
3331792
106333003
75234415
13754346
148423524
25285601
35949722
132613605
6619801
33958157
207779593
31888131
8234412
16398638
9036299
199974076
93118194
29188940
193131836
164046714
20454831
119850092
150970814
64674977
41172804
225846264
66742302
267544661
194796163
97381917
1488113
214213037
221924731
170867988
232473755
13740304
168063719
65926151
191042178
136596932
171557708
241958510
149552789
237345028
115299579
79296195
12387567
139436554
29502175
241085709
215392382
111065422
125291412
252292438
198455618
182501094
249174416
118297824
215269136
80771633
192866045
171761849
147425750
83433033
150566574
4729425
232507699
166549051
235922441
28625836
31901758
64258119
176697707
199536162
117889899
161580306
255895601
12793803
722600
115501286
115088406
151058679
260958862
40853145
143068763
224916365
47851235
70731464
159597016
5336099
180091926
231592560
206786334
264463321
248610960
171742412
85210415
211254917
255873777
159527006
29952848
117353708
129096413
248805775
63447857
4564254
165340431
211705576
161570034
145056615
113098918
21403021
108746825
75465904
222174425
254498859
44131081
220757935
69820033
239822142
72695578
26669664
3418491
209369190
67004561
92708855
70580567
242932812
124723210
205023071
173395019
55279051
230824222
23866687
205522536
103000053
24649339
136425700
117663339
217848795
156774660
198102324
141768946
260163209
84485049
40964602
72809676
236227838
259926369
12773462
58120321
245797842
158446945
261318438
223710654
195300836
168751716
20931067
247503061
222549334
27269484
210280802
247912129
195759891
147390586
209293777
130235522
107682989
135187691
132624632
110557266
1928374
1155758
201118100
202205045
106962389
168460880
99852407
251347780
83711956
167765864
163504704
258474829
166294885
200541624
29766216
137129682
225103076
243723876
178211167
163795200
39921346
102054087
150285590
266298308
109519888
42687106
26928820
28016147
196594982
204952197
170257826
12042202
143792022
10549300
23990947
193628494
77289856
213789833
257538308
67784603
227337288
40922994
81412735
155065963
139453936
33324071
202662600
232919118
255895336
87753767
263748836
111735211
172522721
122078227
238721009
149273023
94405314
249651751
15310072
140775793
136810345
75165461
80364884
202733779
171746484
159635942
11141201
32250124
121296138
123013188
133658773
100488464
265608373
86150513
12590986
110338399
75809545
145195013
131315159
68360375
220433208
83150761
64369429
242953186
192369652
257122234
146990008
255810736
212737885
126294456
139148530
194935288
180481751
25623662
199932556
259667352
218476773
232942396
222677465
223356604
132162571
147787398
247807471
243983097
245105686
135706201
262935882
197461598
199088010
11642010
229018614
75425720
78172680
253881877
254054349
264359608
4208252
98773730
172792632
38983114
166526780
112911639
237202335
152501949
107513705
112709573
59660533
239471028
71077873
266124562
177355881
225242168
34474968
149364827
29810181
165034737
121718580
96466369
142851437
47736571
88944778
79473655
128817241
203141732
166086729
23984789
215647151
267092540
160935077
26532208
212767139
12466308
61854671
246626736
71621948
74499735
82395237
236529559
187601708
93647673
108571857
149137545
262302681
59556782
186485579
107116864
223258338
148318661
229580313
76283809
117315116
119905792
58289042
118920597
88280950
2714691
40831716
90262673
266666790
19787547
43806026
203017934
191056077
264360060
108765893
103838510
127034371
40443389
208930233
175066293
11305948
258405873
66719098
226958023
69874467
180410993
267596404
38610968
116927568
82937642
6171735
46018338
81705277
239024049
169171739
119477349
120654445
131048877
143813700
82837353
207338556
154679134
17547780
242262395
99796592
36032760
19512364
54042053
22704013
157089766
247073526
9297471
239738601
123899534
79327995
221681250
262797305
146312694
161203066
198272025
210949712
176238299
68304238
211704817
123115776
243576084
224529904
238766054
211643735
146267219
222252729
248589959
15970777
137201451
102506922
263177040
131610930
154090678
64521036
193883597
214910162
261669633
61157509
131998774
119454031
47757795
197355344
102027113
23589860
162310921
217173556
123345039
257193360
117607119
147772694
106694880
193788960
145596089
231258335
4279666
107005571
85216990
108123815
150414873
175826437
69804050
114173919
90452096
55591857
195344936
42500880
37511890
83157696
160265148
56999377
124683809
196710557
35820725
13797174
90811230
150145878
207421468
190596968
57896968
114000919
2108421
15855498
174593078
198649212
26220257
123454969
89320980
79556746
43096810
44069276
212219699
98838838
29988715
36530834
210844761
90998748
43359333
8214580
57855557
93165251
112693308
134382183
258747920
262936105
239845456
151031055
15739363
204766601
257941425
263333482
180934999
155889411
179693510
105308550
215895257
262242286
46528694
1776654
69347975
260238010
187472090
205319739
84798901
205468845
194833873
117225516
201508256
19440390
68142315
102800334
249944350
145765691
18431868
74748540
152859899
76798121
168443950
117548559
267209973
111634691
155595721
230717994
46162814
77302296
32285846
4020256
82790023
150843509
108394867
164557098
185894204
177067249
132141374
217484567
263315340
267391447
80477007
245244981
99191750
76428796
145488
59218060
3647384
77400187
78218342
221760308
32806715
179313811
197839867
123579208
114326912
225018513
176010316
190796014
95257551
2540685
30140731
12787423
166976258
209990742
99864745
229357103
25583414
133858247
109298399
243824850
44383361
120560574
132299483
223321665
188517044
221216386
76923625
132816328
258680874
118360642
236337336
220499402
127413096
248558101
253498061
255975
219071081
267888462
43117290
134463972
89308862
4894428
138874579
129332646
131578483
128545124
226831082
14695841
146896744
247327066
63034911
24827998
33555737
152840604
64382758
90040359
211102948
82484267
155027326
182996671
208974407
53478607
227706346
51291792
226955383
55329672
38367822
165509336
252771408
181833549
99087337
49773537
29620621
179553303
141157232
27295830
104226796
68102907
194269902
49981248
94593757
190755991
26119874
31327417
183708403
126804994
15775936
34254297
147052283
63719181
66996925
52899050
225484982
177316036
99223234
128363145
160244456
47876463
143994289
185774525
10910765
128604832
57400468
231985158
192459846
124746407
12189029
226751589
79486319
90844003
222790767
122390508
127838199
202428617
247803070
231076589
43041663
173345574
85844331
148841436
79221012
252832182
212823777
150096325
26269190
173419180
255612564
105622761
233422762
186344030
113978883
258344516
44189448
201390023
245653052
210127098
159535270
252751735
230255384
119224190
12617067
105709782
122731106
154652394
25165975
41840980
174052926
3436473
92957331
162044968
138707456
175190257
14043583
111780127
20765549
192439513
56545277
221855651
232133432
213097270
187641696
106142173
27292523
258134857
37418158
138283600
28472888
71316038
181631960
243889503
253977557
1412802
183609683
88954588
148505488
221037245
237314314
210591480
204434109
176219438
235777574
214673085
154043716
239275919
144098978
79269110
38254419
37381664
164414983
34562524
181833840
224425660
256445622
76719993
160863122
226312749
149355472
214153712
144725715
108294395
232775821
127516341
232285903
234199940
48536076
15336094
209391078
261776328
263665004
184186122
240309910
59292137
146441670
255312085
146969138
45030082
131812247
219273066
163308112
254428451
195014638
167913469
42387156
237824133
219152125
29015430
67072633
101411665
106678552
189066723
248784800
167240081
229083380
67479926
83415331
87162960
51732553
180069762
183363921
129883415
129864607
110298159
229419691
250160257
23908318
33924545
182269514
229234503
180304548
109196599
43408792
122441950
192729799
195019540
41973820
204165579
267152391
157780465
249262458
35566992
237296071
117157324
150187734
175837634
156609871
37881059
105453134
209729388
233204885
250544395
266072683
249724165
16587300
198514345
195783655
232690502
187740807
143102070
79220555
79548131
182827089
263971652
193016502
135240604
39125132
167875691
121666558
245853827
252623818
231010606
155716510
10296909
137320044
125775652
8466545
21907646
72690266
43648920
102670954
48012651
138867698
109946342
161003806
232776056
179506482
64458930
118052108
42224713
59665855
184139432
19690860
12250260
109610200
181722517
215952197
243759331
92751667
70359208
146287494
79113732
34021634
52803916
70541632
235197030
60008996
206163542
244350546
196697028
221137456
263740798
90266205
105045113
241528192
166162800
47949934
260839238
153400245
100490912
81566497
106573643
170085514
21993695
135922873
23496827
120032596
54976358
81430059
178828629
175038623
59232208
158970140
115541529
174757336
123488579
166510688
265218471
262053945
263804267
104647668
44502908
166141491
199984856
48410236
72990093
107655318
43970507
164719660
94658384
100523109
130715858
232448312
54774881
113400437
136811563
211487584
81638422
192543881
76154645
58835327
156119852
165158697
63848607
48542033
487615
193329325
28066215
166097493
235062152
179025300
261912984
174040613
46788286
254444166
208876912
16029905
81704153
217686283
247976186
24082850
104595384
92082195
68013432
26949193
136754476
107280579
130006909
62630938
234365304
9021254
57819699
216861074
128072387
249063690
245246150
155145753
54898069
42852273
113604811
132573914
130945341
196825348
82103455
192166702
55525392
226091191
261210145
263540295
43288454
144239273
172642559
16256964
162605197
167838058
180792628
66720264
61459827
79094738
51564867
152618749
240516529
62011934
225567137
86386407
21344894
148392719
110434373
225345128
22692533
238895517
144310472
109401395
151833959
144045232
22047085
248285077
106585925
246161967
87076993
111051086
187904205
188772203
537308
103871536
255282475
75273960
112542132
149399673
153172898
257987389
185281189
116564651
211158382
61454976
194681474
120218586
175531963
10664062
70033922
10429750
173172025
120651145
158166893
84362994
1721779
177466621
5575534
69779294
65079711
115444072
247105404
114284004
262582395
107522530
44689756
192648188
34548608
244958739
104875896
150512810
78276122
52959180
218220014
266072549
40944090
258577687
146900986
108877998
4287360
222932283
68584555
166927834
79993320
215050934
241071077
261874002
185156081
117241199
139097653
95449008
245125029
28812784
75167367
42584197
115241936
129831878
70329264
199689740
59696445
124372358
262566094
116208148
223142716
227576385
229153738
210678558
58627588
80734524
120966830
40130198
77531118
15108608
228344703
62065530
144343887
102067462
115791599
30855352
38390547
249605194
155453046
71110832
6409423
127943610
189135672
268222701
116285406
176385566
51690737
59784240
95093307
198857861
21908576
94021912
264809068
44117012
219494027
243230728
230915149
210934677
55312898
35500566
116741438
199535463
82524387
4095284
61850652
28238798
239098363
75639711
105748601
231027983
261519033
57182354
136724472
92815665
127971318
108085799
36170373
28915688
164636487
21072424
52519645
238183788
160453839
265606458
210040025
262100005
71637800
245801791
146689526
31367109
125683342
136425670
189973946
51665306
172266663
193747924
108727442
182812719
242609089
102265638
92370122
83067613
113382720
221026710
125966034
137943108
43291760
185108738
92087878
47601732
125782116
150671862
241188299
143835837
61596405
17501049
221908733
226683004
72495060
177615747
222328407
254041603
177129516
233208898
235198603
192495398
45150959
177769859
187679793
149567840
34517324
265408541
61040483
23763662
90788997
48018787
202749742
258967229
205160936
15867323
219794517
199121985
225086485
74162126
145143324
209328284
35943681
207711565
141791877
188624404
67533185
23417827
40164419
150548156
192701131
141737958
32188795
142709516
24378663
78609386
189944853
69928867
161987884
189760668
74382456
32906359
91515263
105966274
160103826
35353271
70711193
212782626
195326957
110978060
110093816
34743047
255075921
204993492
12109915
235274560
214580392
255888455
79868037
123994475
138979105
82418605
141316808
152100982
39890637
119549811
132156884
264650544
250471094
129715790
252051653
228518616
37981548
100572446
262368983
189677008
219889639
55469616
26195457
154066261
188059389
712002
23617042
59505047
69378810
31405967
70934675
32163062
253293080
1013707
265640543
100440195
34969242
153772649
38714537
42691991
153109798
59969020
177005804
48100397
196059367
267956930
179430433
115974649
39026426
256110223
34299709
76354829
163558389
191557906
83055287
235950826
11741670
241711532
106366208
79889123
111100493
230157057
267214663
230634445
13720082
70865781
78912589
261735888
262374951
5994471
116926261
70166002
81158272
116488969
219362831
218737998
102695232
261481509
97592296
191842636
252090695
267145210
122477140
6732531
155981117
177750250
204214647
224824888
179627831
30653139
192595572
44003220
88392084
258254811
196354795
70738145
17435107
183686078
146753573
113734154
258946331
235119800
3421576
74773123
206915697
221754915
235673878
159090303
13979820
110255928
139317397
37769426
96514513
102129023
120811668
145505875
136586193
250109822
189787148
20445474
198761480
206654635
40795886
212393155
223535496
13307870
5897072
257028978
171164622
223775906
135556299
75660316
242448172
67690680
18187286
207368316
252788768
118072270
108366156
138540614
62596496
227704310
214223526
12555291
253908530
36938679
19120688
216462716
66883291
76656220
112477287
68100134
210386016
22091090
241576321
250372788
48851842
261249797
80023320
177633737
96828021
46751192
165574775
62954016
188968071
181625635
124617449
6282192
55218645
204392684
90195034
232901043
12227842
157695067
266801331
162781888
71493571
230291726
189620838
160332268
264908546
242973914
29856129
141866948
100403391
62240384
184613690
191617542
171269989
8181473
24620539
10562852
153987856
4487826
60048654
27953495
229908989
11357564
160814181
196497629
12719248
12477512
149863011
17264544
25166050
244107902
202776802
212996436
159073573
208687345
203933453
80325049
120401760
174960816
189576608
217543446
167305207
266446444
119908518
12657464
89761518
201435434
173662133
58096553
229068705
222542070
199152462
72058628
206577675
73168301
54345538
66083069
172540050
164481610
96931965
9552101
143955229
217264062
52709775
142818592
267012662
181246970
103222799
157867492
59886154
77915518
69379583
236931155
211453276
162966481
199067039
78550423
70122498
163147778
210277406
126121772
56285313
169313438
149863165
208573424
217406423
45310180
265130780
259492453
71337590
150527417
162409753
143106550
220752597
76086954
99546260
229065016
264163081
252478725
246571702
204902925
254365224
193281961
228128540
162243375
74025294
237864816
255265505
167034377
218091972
80262644
217597913
114491924
68309274
10825728
202567719
46063836
102299440
40315056
114214199
95359546
124592049
125391704
235851122
39278668
114960123
175942668
105513200
19326571
172277666
159992335
186540603
205906585
125572091
74396405
58047787
144912582
87672890
145956092
201844820
65042944
262981517
29858071
248118513
218530727
140744115
45076497
50851433
93545618
202658714
39612941
94659565
447171
38243293
223056365
205875240
133856385
235500513
259481424
129462459
23841192
32284577
153581169
51445278
99443698
159656664
267135774
49451351
122080087
81865438
151336877
201189685
7151723
56417478
12470038
205344795
96493311
87663475
61940459
252678572
39562827
98772087
45371510
182621615
74102480
153285368
238389805
99516845
107064220
79277925
59414066
224849081
266867458
166308413
265379240
186287693
115452346
154161559
116543075
71396511
41668734
246462315
264917324
83692479
102306994
45830042
223924610
25162273
232605804
227557926
127479497
159449167
91525286
145550369
33508046
174981141
104708928
170833045
237134599
189658388
151027779
140604555
117958958
147631671
38954028
27605860
210044470
213725433
212586406
184858901
218387792
267724342
97560956
11329094
120831675
175889342
8555894
166762526
236896682
128488305
70889585
124312799
71942105
200780481
124062397
228680300
231709699
30396899
71769112
183733209
267731491
11405197
160509153
119772807
205720615
20211199
82703241
144063481
127700353
47381190
109450015
160875090
235036836
133384842
76842326
216741833
40209415
104558260
65520655
152663557
135394331
262412220
21582874
65142657
159204551
224059872
217131682
172509130
204155012
41439589
209332913
213178592
124108497
224598076
161835085
108543967
102202491
166183782
254664391
22323968
21438878
3392375
26225263
243187476
188100876
158929258
128333547
187254208
68396866
155224517
134551655
92204424
40871699
99194296
65783071
125034022
67882751
18546438
74544943
217811337
3790309
31411763
25916187
241562322
176046599
242553248
230937020
152707856
106782398
141516432
204218466
102051899
76216066
66256197
75827339
111938993
45005670
243717669
124988422
164984762
238999332
248338332
4651178
70366419
146509985
194959831
112879150
147809252
205618440
233885195
211853162
174117858
161816393
59075059
134386416
135218292
210743255
243549536
15348472
78180257
125360404
172666488
266384281
1910469
196245527
239448008
23115862
232024664
128907073
90173859
93338035
68979735
151986894
79501953
18782085
150427411
56486242
159693818
47329783
156774715
188263993
75944710
57160231
154033106
175867867
253911834
152218647
185667671
70896657
39882739
243937369
120864235
96715741
123941441
11069191
28561353
106477718
154331573
32990848
77670795
210651531
132646215
44521809
182013325
67302779
264450210
83704032
230165850
148417084
95829269
124853883
180873721
258080077
44698412
65845898
233218605
1952659
64395891
118029266
4844809
264832965
115238686
72969671
47317690
111581784
171907102
261511054
233277295
264659189
185951212
78255393
147331649
186576384
244451124
70156789
152055388
22428529
70857889
236000204
246678139
135605660
32157010
231288802
4496277
231902773
7116387
201383623
86228123
8215992
87538143
26424735
153205189
200133726
152170759
8755105
135071240
81694783
72890313
214502867
4843407
210213678
103547740
179240005
152220527
237419359
110942322
200955607
114754418
17141044
54076394
41983799
43472589
230677840
249886586
87919946
110997894
42933306
103569778
178701065
86892052
214298842
125532379
26175503
254515305
135893709
13646228
167394774
133491868
235806597
199235636
139502131
104478168
183712865
253186038
143337896
74253268
32968549
101631102
74414405
187946317
148982844
105724986
198763418
79208401
126216144
31908029
226949612
161017202
20062858
181198032
250662673
266636609
80177909
254156411
234199184
83708984
254174296
133114944
210689002
148294011
119120511
18262494
182091415
86034618
8596813
226530132
112210666
51034857
200671013
8148235
128447603
258244465
133938370
67606191
248875516
38455172
193385201
203460464
101287461
47618830
90880225
192971470
35240421
119720732
258668643
212558207
43937734
258241529
61748062
29062124
40314368
257744461
51666980
51163233
71252797
231257152
207827759
135696893
238456550
67728409
250917386
174671360
164970641
214401095
80593058
145303083
179003194
187959935
100152611
71721936
254581919
55910791
46735700
41507321
179976538
80061354
21998174
5305367
1856778
219936356
153016207
194958204
185966576
125560205
96470378
181499171
101298439
87067392
192643352
23384325
144207972
105815133
64884697
82934732
240060729
56991904
189109920
120008617
141387506
38702940
102906787
97955660
77229636
47404730
97297914
247855593
266499353
230028246
264793057
112472426
106684315
170302011
35849614
163649550
356731
105480057
31112269
240997230
90156588
89452329
31723736
257779213
195346924
179995381
255145291
190238596
135094285
225595954
202925971
118859396
183551784
146607898
58517712
253584802
261278580
143318155
225379187
259757538
241934186
184908523
12198717
63548017
257682715
86834366
151665220
57338766
251479756
205841599
87760601
256452220
252743157
177248193
145764334
265063274
27840005
174821373
44850870
209503589
79767519
228064190
57906096
9054331
1492108
183466131
97809999
35018974
2772574
67249154
27567403
93027936
169253989
16290155
210005116
141120198
22286135
239981447
161716480
87651575
55257740
195590389
174100339
16232570
107836138
248844249
78257213
6093698
245393081
158810234
50260082
124070039
167008737
116249135
87797736
67007695
24828618
233874280
12044223
76895993
131953462
73655778
234420379
152885272
17006528
52122452
79480458
62217102
112697017
135300074
41017017
117518003
258355778
117811442
72770301
226932991
168717090
134726614
50065068
36717162
207540317
163143847
149514566
28219826
211496885
25599471
156463455
173900918
240744469
20172727
147688537
159347893
58533719
131917201
111186199
77249575
246609313
259924377
81292959
87309254
218061056
79492495
135505053
250996235
242705672
47235419
180096636
135001605
86515351
70089958
128756486
5399276
141531515
168185358
99611056
260989270
30339353
113116975
73949012
159632263
181034738
251141811
173539203
76097341
19617114
85843568
47495931
8707366
129895272
105085642
227034401
28907988
145516253
267432197
179608822
127697989
171292566
265354114
209296211
83203981
102207667
97581269
205012851
118305685
160056542
55641462
42728283
115714499
101043578
15432581
80691159
196618999
111917956
36660995
229041171
248295150
1483871
261359459
168790804
77780180
97174827
237498913
46887367
105708338
157269193
44347557
42493734
112949407
112884316
256726457
14045951
87216310
103612752
228537277
95453408
45902869
129406364
34794946
202202697
7274990
161742394
106636523
162233430
156794376
213456909
197366392
106953591
196679903
267011943
248696026
30505137
30968781
132719509
5651145
220206703
131042031
220891789
71427610
81482370
192292394
253283927
17903337
6939861
255439372
17291571
152117099
214246188
220539793
246866452
17339379
16308047
152085632
72360575
86490397
254261437
96715214
124160646
265535342
19050525
87127303
91228813
86212591
9199262
54419154
205648519
138989119
163449183
258163287
154637856
73354521
180885610
25902526
186000251
212038435
44101303
52403131
199641686
182777715
164490927
239149891
138336170
222697460
39128522
140747946
175828383
223394260
136527340
248072606
54851499
110387952
177896178
230476530
146179662
80412383
7891809
69923682
54561475
161133602
101451533
161634391
84767804
190914993
53570249
236565601
70559410
24684264
228344510
179219551
101120817
233016814
147985096
33256758
128883505
238589183
181947499
222536113
17799676
162320084
25088497
202963731
11169482
118339496
87127833
213275721
100200508
141284278
261389031
47816650
253653836
36085943
244452203
201477636
65485442
233303144
45186437
128873734
84109031
16697904
165474580
230940540
30129872
193265560
165760424
192758910
132768458
240789028
109571850
221357240
255570805
224170353
8195014
156271154
140211426
75726945
134222905
36312689
175127263
59993230
64432283
258988641
258582608
134724293
241309054
26859461
249430818
256249037
172807504
154365489
162701250
154566391
200214119
66219462
15847511
88688838
79168393
106532859
158632639
157666254
151264847
62097616
41933094
4630377
32836005
48055268
110556173
221756537
11185724
16447121
83633185
20484796
221673686
158777657
91216727
41193506
131227556
242001464
96567822
88973084
19558179
194712433
13970581
19446702
178586656
252081872
57823525
180490831
84846881
247686512
226463044
37095546
101795952
84848057
244360209
8013367
238579909
266154793
259150906
56640626
106136500
229693978
228791823
82334596
102655911
166383785
102481139
20057241
15526312
127337586
62972730
224226490
144191312
124833382
185428647
194849070
243533615
178742280
76660866
217790760
132521490
233236443
113551830
266070754
257871327
258030566
2581674
127642579
233678441
237892501
205912715
206852714
36022017
44568107
69803401
41917415
126421478
7217509
120986229
195671985
221957604
218528810
53812183
265861775
203563797
2307452
144811788
49934291
166535033
2634771
20477906
29967514
250183388
153572327
169687747
147862238
7854211
69818878
5418963
238384342
59309815
268245434
127411433
186749516
88775787
189592885
225459755
232940588
255959733
129995469
58357319
176431352
251965897
152661985
110098311
103766163
127736599
70959603
115818519
76448799
98612253
90783230
54638640
5474048
95478272
268344428
186952709
70513093
5022413
197359335
200427655
61490583
157922588
15628302
50009511
234973788
38865799
16524442
81531407
170954232
56504205
252821128
82686585
54136692
15648666
88241226
75240512
155984149
175783084
107230153
178621305
115966021
105604997
5873982
268112547
255144340
21653545
13681017
43283583
217763651
220343649
88912937
230132230
120620780
193227170
98968119
158326066
238490500
31659611
240522852
82675646
64662735
23345000
240242536
233710264
177590191
207297182
218540857
144233172
138268023
141426546
238912603
153469621
184178380
247524435
200294422
150837773
205168507
20754379
169926675
133968330
67295011
79162303
266399522
20330343
226418655
60416267
77411695
111618315
181311523
155391326
200050791
252446447
42285027
255306000
172845710
74818402
173570197
240270847
162542413
267309219
79753028
28850343
241850337
111170078
215314590
76316165
47843509
132878056
217427662
158906220
243763464
200915827
63287833
223666744
161204613
123626393
266025033
165313205
189255329
243944807
61975812
185089381
22541332
109146251
233803939
255337604
204737874
147530452
175751542
32814787
2895574
49233098
133156984
193659124
38304245
105926609
125744496
160090766
194751442
10080330
17891316
78094125
127426160
107118838
238237082
150927778
48223920
20634462
18895025
204738976
52360677
141422793
63851736
119570445
237020192
167739070
8997039
11891467
263694711
124476127
206186015
177597210
81896834
49423522
31530604
264420394
217994463
21909958
38661788
162800622
39830936
103885894
186232457
133677535
50389252
12317712
78053183
184345784
74238911
87740365
75987079
20534687
57145302
146326371
202102275
217280260
187589658
225075742
107834196
110265678
113193987
141029140
216055354
208483818
133586052
123077637
196915906
259572994
137298346
143692364
35523418
88454613
185389426
180533771
59460420
265525559
88306650
20265498
112763488
169920153
133679055
266206625
42997577
204699232
224274755
1095991
163614105
31587787
257949499
127524878
155959719
123699546
195992007
147663876
247195613
200423225
123417506
78992227
27690009
218115403
51023518
100931311
227262223
171109885
265803422
188532448
245049269
248717009
162420914
88828718
34129162
190672907
16131097
33886782
100598593
266954186
235056567
162188090
193065386
28768599
33289646
101400520
132511694
50313466
182866087
227960691
143986440
168404269
44732838
31578369
28389661
196597577
240434491
138097685
109484207
127779513
196402249
255404024
239884829
263008534
159215718
248394500
169358473
69655663
217441259
267018333
267607335
163533570
93522073
132091743
55233845
3893433
204244642
60527625
155647245
124767979
59993940
205195840
263039073
54899738
149570804
130669171
158502786
181050049
65515565
164363967
243735863
126866255
43539347
210675375
170889480
212299926
75197760
11921721
6702291
2783155
213511508
3324766
12344811
74278312
131387126
188372627
188451687
261355997
102491824
174295022
111126655
178050291
124322669
146190627
8457141
115729536
101501325
92306532
102336323
142173114
193173096
24718517
103512378
2115296
194701085
236706268
140577956
9083108
150337131
16799898
198194738
190170054
255596057
149674933
189067903
199139535
90489744
115979396
208076494
50800077
28024784
165329545
177918335
89810275
84660076
163776097
76384973
200876537
126486720
56384420
99747173
147965200
149554144
37674832
201677175
188444494
137830265
264018445
236723737
132077389
49902616
122858006
107624376
31439011
138755846
70944717
126230875
130989759
77267291
1806438
118744018
14067307
45955728
79235261
243081351
186682100
41302312
228999550
181065083
251199178
236656380
152480699
6684045
213037431
92119898
1838634
156371059
151077555
58108870
244924474
220099906
119535091
95718207
91957724
33101365
136295701
4401789
30623931
195665544
136643397
247773529
155553248
158675060
52201619
95780617
190576957
235750672
17532547
225333949
115998989
168190602
250385719
81972794
247800610
241165558
212165357
180347629
158054518
228294391
7529377
245053242
179909238
105767379
141588026
205712128
26160702
50304312
114979255
143882423
151886403
268150476
196773050
73123120
108355443
222123195
25019040
70691704
82790103
80209426
222160499
152858538
75486567
123723299
46157378
64382097
258930500
173664657
172663372
67925656
10741644
155113953
182787252
39689739
78004419
66470147
102130404
91269043
231124858
141349178
44773897
8348655
256593005
251531172
59134573
226176801
208810922
71746826
240109656
122264141
212061563
240476188
172725905
205021767
156580522
234599613
16320005
29983730
46276450
125368540
261053806
234120664
233709722
45530107
257764316
39057556
170059003
208454217
114832609
19342652
194904539
21645378
7262726
75640654
97824948
162004681
17322077
18665455
208164768
264941959
118279446
95617035
172295854
145943232
122331971
244999609
232619428
29140847
59472771
196636763
237429009
128106492
130424513
103202512
223626725
51927440
93597231
63449483
83509139
214142143
95389055
48535601
10236111
43483531
147791518
223289978
114063097
180742798
191736149
106382894
248678344
24945740
130181027
173560313
236102434
141930089
87720357
145564214
233380520
175239146
218823176
258898308
147548173
113447093
20279960
214307306
224337085
106463280
66875745
74149330
152055447
87735226
97550538
158348015
77364933
222380195
41914957
242868220
170837049
202996884
112253516
43202957
48605654
170120453
225627856
215603133
186076871
193810170
250594854
152281851
89265087
11891267
226783964
163298991
421219
207276008
59390579
20528759
62912606
89346630
158522878
237107672
95192170
246109915
1004386
192955131
116942613
173285934
251183577
94483769
162911232
171582091
246640203
87998630
5211877
101293672
179677181
121566300
94141576
114243723
68069822
68913724
30261712
43684154
88817245
163540916
109968415
50570440
31764535
220825989
23799074
239634254
162755131
5692533
197407065
223506781
245772302
173128111
12267941
182663486
35648170
73222081
94226912
125484398
215012374
49059574
64356908
85278008
123597668
246933885
180546121
56987706
259328846
180004591
222598416
184229199
151429251
31922146
210999155
104560794
162040928
149723538
102313332
136069232
134607433
251619060
257486924
3736624
198499242
159070896
19053943
40749290
230415478
83203915
46514737
133769522
1302964
165621009
222656158
184737655
50884381
204701418
184588232
171909501
140527119
23375219
36608779
179924635
199115674
166926962
230308133
121206197
184869201
58156849
263395651
113970724
52720184
71302075
47366602
195957765
96944457
27693266
103142795
196635124
220923243
164849272
164350995
244955384
128414116
2793588
79764548
196669815
215800733
225469104
146599653
131841217
233334072
205699351
164462104
31268140
88176697
49024013
71793423
260220423
135022815
49293608
211343304
181058172
70775306
113566589
90972176
115052839
264319098
164338042
31052037
79698586
256548161
46382810
23829243
221012737
149130330
43194332
80281012
145661726
19430865
7455028
235837809
129215861
49379993
145311016
156316693
38714279
223825082
80914914
268229847
68666365
160588171
105546217
193923509
119539704
66015296
19544103
115546080
37734234
35664054
81615663
81386579
1140792
64351240
172877511
18376500
245750907
172109107
91847279
180962614
51142967
221537476
246977894
148030382
127418434
226119447
207657797
210177641
122097476
223769295
12964082
139428996
147454871
197835321
97763159
57901872
39931694
168973916
213929653
84528835
244271610
190438043
76207680
126109025
85447621
198830175
253043859
89481207
202224506
180880103
213696404
115265483
100869425
205371403
205395706
39704733
9524922
147135459
156810091
38489443
128381851
249461139
64270519
16227392
119266747
110403969
83324366
169403053
19676727
259660420
135055606
4612952
247093234
155377082
215547030
188413575
87295870
142292260
9242272
187572016
169354824
40826633
233089822
234094966
84790183
63264949
165538305
181205979
206657666
111277313
11823666
20261334
70189776
181201150
16421868
119444827
206936290
96285174
55123396
223621974
124369125
240284844
72958085
238148222
105487202
76969445
98302921
98204772
236338405
150229434
97049772
138771879
83667082
82923556
250075289
90277309
67570925
177191521
230685280
183614135
30071772
38516544
133206
20163719
174248859
125862816
249262967
16281752
5781504
211883196
228156440
167643091
240113219
215577796
125641279
55889006
193580608
150618053
115639335
172300250
222055997
203577144
97156245
131506111
234216195
263207820
226269630
207598771
157005369
173149109
147243179
9802816
126971284
240471936
93189379
233661090
47970058
79763752
211443100
250620938
193035209
111275160
95278092
90422311
144190023
120843895
2536947
163241122
201122824
140489367
3279046
207964982
203404246
236754905
113600591
180079102
56658901
198202575
218491425
14232728
80294676
20840831
67915540
12827462
123819460
35801204
66022837
60880098
203955404
17764295
113141453
165310047
244550855
37471547
93089031
223624452
178630492
75138179
12310236
215238773
234743930
253813683
98097563
14224576
106382009
144701192
181576258
10692162
250673881
182794673
123531905
117346160
232012695
40092670
209074644
28884748
23871259
181961795
255340476
39589290
52656588
60695352
69905207
152781088
191259589
124500087
25736809
39520411
88520341
201688775
136516772
35295872
188886051
151998469
128289428
239958180
102770601
216830415
242660628
50355577
133926250
166666487
234609838
257784875
91126397
54670201
126898202
263462883
156331846
150364437
265633423
7599758
42539798
267279473
54137180
175559351
208919592
147721159
255621996
213167958
257738566
255603177
79108212
54963996
101198615
59057031
115339131
74940366
193222509
70706126
172778201
179816328
237500621
20004247
170175874
197512254
99988612
21237271
137184605
222660522
183180829
208180391
197146732
83180349
209912035
91401553
204765987
203889105
99062144
128091437
67843938
135860926
77778853
167202497
154880422
2448872
117321897
266912842
65232916
172952889
152960686
82433430
93603884
99423842
142772084
27600686
194870045
253632924
160875087
7359079
159345510
140564414
22057913
227779528
134415592
266670597
236063668
8555917
24060575
226917343
153856816
110103203
55140300
91118468
161940585
3503063
195363518
221695009
39782724
103198773
262650354
197797319
23874162
173544543
46113218
264660958
69390707
101228957
214714975
172471921
154561028
158482749
8063048
69859203
51811948
6487016
260107726
213598687
180649329
69283075
111487159
223062047
242428031
64011105
164534227
18912474
101376160
228482294
28865874
163583990
36006533
213472997
29412271
100620113
166063954
139624778
90994080
108351771
86639000
246430506
236530977
179817304
144090904
48322096
230102198
251700408
19463338
180808863
85214560
170542686
96462748
133900174
247665286
198560847
23156010
194454910
194832546
210437995
35964698
220062926
204936398
177910912
188161367
176966102
262451753
157769301
70462857
44138889
139365483
145572906
152748481
142928580
152516428
64680165
90846228
138050741
165397139
201953731
151654746
185021672
33151276
262074289
112358239
54155973
155705988
154178859
142350179
126923589
56972304
107036607
6828147
187492607
219513900
159935599
49532988
181323446
122713679
138746176
11525231
125817588
61797845
202299157
259420557
264151500
114639247
58991225
11733017
195581001
134757363
48051895
125939964
27601712
221955548
215927332
12770527
142188485
126158879
90497376
179264535
231734573
199013456
241147597
109103039
125716099
137683332
204639968
52733206
218687635
12750887
89579253
163103025
35253803
2771248
243566430
117456015
136607713
159128966
4444588
243780203
221606739
205966592
253192057
232860634
161119805
213128359
95783842
236497446
128685476
65035136
234596519
69287075
13239259
231862477
261701435
136061062
160612676
170340126
165595239
188186140
239128439
208756533
26212564
145763043
219089098
248963316
241926671
144706614
245943120
5711547
144026817
238388274
220266253
142845423
15570274
168179718
247627276
246288616
116804415
193316194
234530445
148520395
183761731
267740569
162375176
99169938
178341374
230780085
160351849
158393797
208141998
258422217
68916895
12529990
206819930
56971814
44450802
88017318
202873400
135828568
245966805
81743382
183377467
122672453
240249519
108214682
143419213
231672901
93021105
192811113
26579444
218367182
56196062
82259591
104021216
225410853
150994755
87165132
194968470
72233998
188727095
130127245
144175063
238769209
34372157
242587997
229221300
123011009
3682976
226480232
237930082
21672941
261905992
72911127
201562954
118366742
4141007
24259235
230959656
226822426
54637124
118894536
725440
263470284
91547783
7610565
253029346
62713266
145571638
177010348
121616463
104174160
68378814
179121333
232495623
130463572
36005711
248077915
222309485
74454434
225203763
83265094
185207089
66823109
252964879
174145804
93695616
121619057
145592538
182019113
96863585
146515467
117321608
4554477
12531907
253045683
34436021
268024397
106520094
163403061
202277163
108717054
109848086
53728690
260974111
249594507
259440124
106415002
32805091
8612175
98558300
47723503
69368683
185431614
204342474
163864243
198104711
238585702
46504783
54162947
14422695
5368995
12621989
239569343
185677322
137181725
36187469
211787010
220953196
34466353
95225203
239634207
114600814
222308726
16547601
110529430
161313629
203139681
186217167
258515215
49251119
242640800
171439913
206572040
229508155
180032917
185337206
175720714
229401691
120937498
105998822
174569186
235115638
1781595
235941573
247517740
207392073
18999418
177426783
249945293
199745068
183823278
193757341
72688920
252376621
4413147
14370078
32800640
237528904
130342626
134143615
262478391
232581175
183921875
240180380
84721384
61931548
176513715
103289280
217985413
79126794
11747820
18638430
174475294
209401472
227540752
68051551
157301193
73065993
114761787
8365521
229428332
31551221
263092920
145654228
1640811
123031602
150041115
127852886
164759853
105988713
140005823
227710873
206604310
262883691
59197993
35746819
38319795
69086010
216305881
212985879
207380350
254613223
145321448
28035070
35892714
240724397
150165768
154503184
230940416
49787236
187837854
256772803
116607150
51715657
163211507
40412250
144611704
146576517
14746717
58233543
10360151
90474560
5975126
135105672
199117993
130925612
229149957
259347010
14100902
131279425
182317400
109561107
121006110
17633976
73593882
143334528
185423059
171471634
153362852
58715
203364925
266122998
79964748
125370050
81706470
116184845
226864946
112294770
10910914
111085534
3643763
23449808
22875956
13604770
133164442
181022481
35078789
14521351
191608399
54358781
156451834
181543120
85518710
2218276
69097358
63382677
163698064
257711504
171522244
11244130
169191178
3897154
141820887
139686788
115382127
250720082
35482964
216086217
265649240
223531320
50470050
71886105
257679885
59874213
232139467
245473935
192404786
8918229
20634326
175123946
191535275
175174850
157598016
75368385
214481804
110180362
264961445
172214104
32451158
260281981
187004049
87682456
165152333
78491277
21343546
195422260
170078831
200267978
181842330
196922551
215229334
249788915
73782903
31134396
119062948
14196474
220389481
30826835
89520949
193810302
198640096
19880604
218673881
247697660
236551299
261750325
260078113
15273786
83537648
184504388
143470238
138181689
241545773
183694858
35150186
224919792
92863842
212281278
193011429
86207023
186083293
267866814
174081084
83799620
6268252
222381669
45638846
123196238
9619254
241978695
122359458
177229937
181370317
42019934
83294636
205115995
11796572
29357324
3724702
45541055
199816059
228697053
100475022
34280501
11382405
23253217
239319874
119493036
232125675
30626648
179163923
233586248
36719898
246918835
252368043
99041434
217200830
126529994
12715336
42173846
153017137
69705609
64163640
28764852
114476202
184621729
192304489
106883633
12873349
194018245
16828980
260550356
79037967
266295561
195938530
43459214
44464952
66101335
104518126
112014697
90204149
167169519
150396455
147116606
24125514
61776935
57820096
127136523
92392690
12021814
236254415
137488350
39332364
4897011
193978977
180174487
49735844
3331747
258157990
267429369
215342329
167386749
262897448
181860611
51244930
130821286
42042714
159447341
90175801
157154701
117602095
80578014
262842744
160875854
164309918
10102022
206674822
48279548
1276606
133344089
33072124
204778080
23048618
267328598
133705624
187120532
53785078
47064423
150437676
244139500
240576314
64102218
164716911
200251830
155554479
91435752
169133772
129279254
247238273
247004446
160873256
85105318
247989849
45568587
96245923
98984536
196980832
55568436
35883275
126392764
228598681
83102308
87143023
260810493
113635905
227714315
258313634
46754174
130661128
106161374
7661212
16356100
116873095
123071291
49460332
116415911
225717164
228714475
16797135
266658813
232087211
209035943
22472219
69487040
235631496
2391532
48245312
218688467
153820962
181013813
196306961
56975956
223811895
89009538
91732430
208365611
161876764
142779433
162484280
224083523
83283872
260157320
223149265
144506598
187442700
133561364
40207220
233299038
266633139
237069840
103978194
128276904
116493807
261602973
92575162
73964708
213119399
44746417
219114050
11724672
140131393
123001474
194423597
155506943
78119029
143647585
127056743
115511563
233274662
218943486
180276325
128733523
129145461
41459837
105995833
135775318
31852127
216525504
98190968
241947965
87145015
170860316
31147814
127147899
12054724
19628913
56289030
67774457
17552951
225226347
37699774
207544872
202401895
227347030
4438122
24759139
49410581
178859549
77523551
244644764
254880119
138350044
55702539
54326042
73014456
55804653
64114798
254838838
121303833
132894922
165636942
224513409
208395919
65051216
60809281
157434035
113811944
101282461
264229280
34363403
121369653
219160125
49564116
74290868
268260329
197543713
204558983
20038488
21903898
253751951
25841897
39084776
506657
25495312
64433410
248449826
147018267
51615104
184031285
166374800
129533003
217796956
107097002
137036819
179078440
189030679
216702963
220060481
13629809
89928656
149136824
24363670
18831488
246014667
244042160
28910420
181805987
189639344
22294232
57050216
75885635
175052505
47446688
130309345
195606017
119878208
75468741
228088421
215434126
126802807
221198218
57559442
265311245
29966477
150112255
10238249
105371424
149101054
3554971
117821598
257322690
110812176
104863595
139070063
137229370
46344900
58553266
6117597
6154561
237455759
109451609
4939824
16758828
39871205
225905522
40061087
4025426
259159349
128830988
222120896
83213214
20422986
177029622
241403506
264147201
75293983
105545498
93974957
18644827
23058320
63180821
18867118
199017310
206511999
29714027
20668160
217338765
9081854
142226833
258677380
38115872
97960139
265412013
142062485
175370203
36612590
236328580
41534062
255404462
83319071
153424744
147356685
241977843
120266392
39907448
92423001
12344072
229068936
132419641
84771464
26796233
136000631
34908400
180450869
104141133
146782921
126341419
69258126
138563581
19028226
246497909
36457048
38980753
5195361
210694798
253730997
232128820
63882514
142243794
28421108
158668196
119206782
3035748
14532270
245453625
49198887
94828968
260467151
212075081
40550648
59544302
90471872
118767171
154294067
223486511
119292632
198613058
166683462
70245846
17627937
103483336
213653765
19635610
229567143
46407269
86926497
17404404
59270451
244168199
155815452
223464279
26569788
172329425
95475624
72481955
54681413
66763399
198905862
211473219
191609737
81852892
141427011
33401488
239087433
89597575
239464387
102504603
252808829
56385904
236121571
160648157
39283367
118294521
159608847
49436231
24695506
245527424
14154958
200040657
236192194
67573964
34363494
79338563
124055698
42038632
208968184
69248874
244245277
130583786
118663618
18963391
106009888
46921661
223305827
103948470
259057016
29130622
39366113
52829075
181089927
202042796
242740929
49355042
236196386
195804811
40134098
183264023
217059477
130654631
81071770
77137752
33126391
154208519
216662560
237201068
188209906
197002191
219412345
14869376
133300461
216012399
72543340
127830608
1382676
57910604
112998356
57089389
223687296
49405351
267523755
19922714
121228091
244706593
60259036
30663899
250156341
179798186
12905301
156981759
32001804
126298226
235429037
28161141
133723994
119562620
122636671
254450541
78438229
215068179
200094744
2270609
208370273
83806681
70943305
87561161
93470547
220689249
111252547
164335202
225523247
83483001
117481946
245396472
226235610
23407485
223369488
129698966
264446870
11503628
112819267
249644385
248037994
198824259
239286810
34085737
253439884
203925461
264927312
98488555
65040598
35388272
95982735
145927401
117746975
67089688
193215284
265779589
48107769
42612947
233908001
180752824
57983760
74360155
14421973
265005581
129136531
76783311
114720641
165942907
254961656
186564490
160212399
249239311
12153944
198417076
86611115
151820719
239424473
223661243
262532725
238019377
94687409
9460872
218601904
93862969
91735293
78152331
108751401
171756591
39061308
253881326
264390504
141315891
74351548
266558267
262135801
65233679
46557657
147739956
169138087
113831781
168099860
99634052
204274737
111527696
176130029
83610880
183406754
91189773
2719965
91302470
267533837
226508703
213077060
53899782
6994708
27027287
119884411
255379656
194194005
248296616
179672680
76300608
231086480
217921188
247755467
194149233
215532241
18127729
12980815
264270644
241791091
262851828
64143008
182814128
242899667
201085342
20230204
174458701
255675502
141565027
235756846
196272342
257953596
56711839
129891063
227244760
23647859
162245284
260371752
14057995
10794876
73174580
32615430
210006505
213465504
240775417
7446473
69832497
237813501
244023486
24322789
70464529
115115128
50044050
142314852
156766467
207322434
112048779
157470862
155105529
151052093
5587686
98875167
99507385
209844839
62126107
79060984
80401285
222467338
143544200
215486701
9333792
61364722
81150391
120776615
232989602
3337223
57903464
132113568
83709670
65757319
230257874
177043942
227868495
95473191
28768329
183128364
266097468
209646764
155096638
153408764
10011275
212690851
146890632
4192806
243127447
178385741
85203237
24251682
33877755
168104798
192384480
145171846
222870796
119136544
229199696
12460070
70857246
21396330
140506114
2544412
213950159
166021158
49727363
53226030
145808975
94209754
81875774
7987127
98934849
226187682
105264843
55964359
184885131
177178409
142729423
171478211
78081673
134477884
211663936
266320207
68571183
82871471
127415135
33440204
243226612
199023844
86814164
54949337
189417674
65518136
80549981
63724690
172998240
83734947
246290184
260291894
124729090
130935496
147480272
39887580
22916939
223146645
259099849
189674635
138239670
47955834
254114668
156879723
166136528
20844717
173900189
81058620
13154701
105229291
54708832
50822116
133742180
145811744
70684278
46967688
63089486
29852107
215122276
118825641
128189449
78588874
149679890
13814614
101478682
14141151
147674381
139969797
13401152
120652729
45996457
193534069
148176630
64795160
78645704
136947719
131717211
209710339
160923634
76546563
215459654
224471452
252654056
205042808
145796930
92096097
108788866
120325926
156481116
258471095
191620454
12697190
138058209
12730954
52539017
251254103
120096848
130978343
33362996
209357503
263933600
209440986
136387028
120888099
15568503
23261069
133559976
228798994
86217592
170488025
33312152
255726927
220261605
42531484
46313710
196181034
119500142
231961748
32478124
23153971
206166231
261536205
122434013
216955524
61272344
201410804
84830620
42710339
184698636
262078106
193794451
120370332
56992023
179635891
98040764
223089257
112203857
24555977
77186315
162510196
73421970
164130121
205854177
68105919
6463384
109334270
69707911
16831836
377174
208561835
261847337
195980654
259979018
3437454
206329256
239584134
226916498
251850289
38344849
46065687
221429802
70086981
235633549
144281629
51907137
210702121
208427608
136905657
176222105
255289282
265473238
17203504
49275846
38109098
51568131
266311425
110143077
136240194
160187525
40716824
169940822
231343997
229650079
42422819
38631812
178652099
228307778
25307721
98994024
149339525
228055916
49246956
42733631
221084396
200970443
121931937
115442587
102980575
24023232
148561003
172704755
241432690
236654639
120891136
140056169
53680173
256177077
246660410
221496232
200966025
214871894
227524651
164461066
77506269
16740249
249162929
115004918
210589087
202476763
76151098
186504690
17032797
249219632
32120205
209727226
90189575
140756852
140783752
175655363
118642325
30861094
148717891
261428266
92485650
189568083
168949376
211379119
240270606
59739347
130427913
267931915
156873623
58436002
50319832
39097137
145108770
216789515
144897905
182639307
237566101
22211695
182825712
212952221
63802384
77529125
255333320
247501529
110487706
11868539
95191049
192943389
159647685
264365757
157863254
4191522
64554864
226214477
222620767
267411724
197298690
116419407
23307062
11997372
35149286
3950026
99876711
52240454
195081614
82280004
9863701
179909019
102275902
6462192
87530431
227133609
258370006
192621861
17792470
105115838
229019402
50532765
137120165
205441096
42196890
114256013
192729805
34213481
24264511
179407671
33851032
105760268
173517639
9773088
41929573
220562660
127141456
160553318
141125089
120571469
252098569
173812645
53562805
225175494
264720147
62919285
236742047
32856597
262807587
131988693
76630624
47664608
192989646
201269924
39219128
244218328
10079069
265344737
6695339
204687899
18807502
174345402
72228615
57645348
6855248
58183683
152970409
27125802
243656121
177863436
71786424
30503911
62916365
54994952
211172196
73062395
234052591
261155867
186353015
101771443
149852527
134462758
100817265
1696392
177579910
64372827
100119238
229291890
15095006
18658699
230107758
237794810
112616864
4836049
206939372
197291576
243635354
133857397
258903604
115012710
25464428
149495631
56276245
251327917
29076136
64912251
105297721
14994392
92845638
20483477
2429097
225500067
231973529
259517976
66758124
123505731
61762986
213428651
50696210
240713142
243710986
89127089
52972507
133722857
164786563
26478524
188096797
47743418
70805451
166423184
85664512
185221583
210035617
126219600
169657084
118582767
61408665
22361373
164129946
46330466
24765055
128550247
254472537
207706514
13362721
233705099
257169054
7154033
225949582
157444319
149715808
80078838
107630949
245613166
134454378
2329069
220465432
214300655
202358519
238914772
38968260
31546133
6634847
249809919
219433818
49793820
130440607
99707191
139153445
225945308
205825135
268270770
248778802
235495191
183498645
244310496
62119773
53623638
142990052
251124828
70739559
261024888
1699427
186246582
194564628
247291365
107713903
160711771
63566893
43934036
84576882
164248193
65806058
41193518
20626428
133833944
39031795
125875563
48129520
148149752
160682178
80196851
249597407
71186509
107478186
32264342
97544064
267803638
204105764
172507092
217123691
178630697
99167472
240263527
221860341
135940555
155456927
119290752
238601790
147041491
245414911
225956159
182125111
90128513
6763102
244791498
170298549
69558236
16688892
151636866
218039804
35161875
139165958
157205958
8032604
190297149
261020602
257475245
126218800
230002264
117679652
21816695
252977657
128750974
132723104
167326682
29878524
92271426
108049810
78352774
244300404
1175264
115772751
70041673
31183357
247400095
96484682
257345298
110667866
150893526
165768264
16802868
159107776
126702781
154191994
110357484
55096762
156902796
139751701
183496525
10303250
37238160
15390737
148427232
193281929
27540447
36279497
190846986
92177419
268175386
102153216
252379554
186546648
109409630
163132180
196911330
228876106
199128965
101470790
162100970
76961833
267903024
50606989
412764
164684550
46618028
126917835
65249459
210110756
258944227
14026773
198224346
150541557
154594165
2517486
72003231
122097385
256091774
69737680
142832267
87882471
142079439
252852583
163223087
89857476
29264930
108495418
151761802
64669765
126465230
199880625
181315177
253096003
262484411
182883424
224846551
16216818
155234344
47831016
98323466
10331061
161982274
244099794
83283701
184488085
245324409
108508602
208135170
20593538
23761001
234079666
243863638
138764568
217057438
25520413
49867500
149364454
152914882
103861257
49098468
77143581
163050961
198666605
88624613
185118111
241733062
104368164
16197363
96883035
84220613
214634673
131457498
2362242
141035198
126687066
127462235
39778724
13039570
18377143
46374089
108624765
18948156
64526118
34171633
263691354
121582164
226478881
85330359
151234633
32219696
177827284
184960644
109787698
177029552
120960043
242189746
61851699
58924090
18293731
168916396
73871181
246061068
17383015
146439347
148090027
182744620
36904361
94166914
187139103
231295754
48188010
124419310
206368769
14492975
262446473
117496080
94440238
211534581
100034077
58980211
255465912
41113981
80111421
208696194
12406453
216139124
223232473
15081808
98335899
267356994
60120150
70240896
202604479
89799242
213411039
9706300
219194063
122832391
135380397
27166267
265305982
96540484
65638713
37846431
82816910
243540821
208916379
251275933
179918925
72298698
122831591
57729293
74957280
59654333
247031973
113252799
61903173
169160454
132337906
39554056
179246560
102457319
77744087
192319123
183226070
18350187
146092861
196912250
60750186
156265357
219773866
6817077
121147217
264479486
246912098
51106042
32730690
21151959
212973094
267668349
178895528
246142252
155160571
27167347
51673918
254750051
170490838
115339436
213604224
195864280
210252366
148251112
113235072
200931627
218257849
69947177
140840596
18454228
149568159
252322161
239184798
84698138
241497782
7099548
190265153
91728445
137864758
179390379
130886066
160866993
201410629
77900831
69331547
263965377
198170841
41434276
22281692
149811507
261981367
215328479
70258307
203384630
53003333
43816525
140014380
64690651
113015773
176647723
85531562
6340157
74856500
260822942
200636661
117196603
13024262
211453920
203865231
120614302
126717807
80404786
96921017
82450018
47374335
255452083
8905646
23763630
184700886
74902029
242782641
177719331
12585764
29341606
209488953
239983432
220138062
18853748
50490031
135030588
11241312
221465605
98592922
187528087
78226313
177694023
178867448
34972789
263083573
158781058
172674038
129318708
153791003
249587120
69297759
161349558
51317876
156101646
230090228
85297227
42966455
223868571
71713133
189169626
84105058
115992167
109133353
160188899
95517288
25451320
165505879
31218341
208471561
267590361
61756469
121638338
16344946
258205493
257534563
129283168
74852167
193213244
193770235
209209924
85671796
167324139
116545485
33371551
126757566
229584038
45915882
67857845
62754397
38582957
246256690
13667597
75060669
93368277
264010974
50178861
45253245
14647548
254863047
218344312
170328100
116476325
162892245
205465688
107908926
209410008
242791257
208874479
94575138
181444922
10686463
104197229
148859143
68814663
179861883
35534439
200988817
6217228
194326480
215054791
104969007
197434525
25614120
105346991
49148449
204700973
38407389
229214586
160643432
267655683
46091776
202385722
93819813
123347432
187815089
45397023
82698372
244278784
96119811
177216192
88874942
134155421
175282151
94548754
24702174
246223263
173999388
157179670
196110740
243316618
223874767
135446889
197428722
184587627
47817147
199752126
124884850
3726849
234767825
106827467
90762027
111370305
59291635
121765125
129177996
194847150
100318472
78377951
109978594
123386929
180406987
101162070
200228859
25979245
4854791
4724331
180479054
187349419
199296168
76102472
154530372
159810553
41133230
52179242
108214555
126373963
107768171
68104907
163293756
195796817
144804752
74676740
262305364
116269231
28564625
9187618
25444715
47101522
62948508
42697739
137082630
246234874
43978171
128276189
197907127
70350980
225624055
19985916
60721426
265775552
237799413
156826113
251186213
130222395
25986411
71461339
19639468
39535149
21338816
211632787
210770631
219430076
69937737
154840829
57086329
18353297
159327557
194754388
104586625
239036539
160729605
128998358
16853497
125584436
221782620
249420482
74209068
54948813
146264142
154407655
146444018
180785250
98134561
24172987
60363150
219935805
159071407
101204158
231413496
250187605
25027778
181437125
39261197
12779391
259637025
167654643
137395491
90861352
1232861
157723521
127074822
258910503
110232559
2442272
151917295
153172300
64016127
218387523
2643163
102909639
17280738
8387205
246285081
16638364
23139225
151271233
41334321
232236200
36932748
35116801
47689320
263099404
179628053
120403711
175903609
10893909
124992528
171428795
234316045
128028136
61057637
77283509
37296742
199411217
91979985
204063554
37604245
50137783
199003615
98517443
21354904
146719436
181895211
80867852
203487003
205007666
120239030
149067504
214794499
47446786
42584102
34867911
232260422
153978613
265821321
244871542
109317058
37138678
178426831
122458257
175095824
197628495
13394466
104262659
36534534
265185230
148346888
179828179
102991600
27888084
179643772
122622175
153995939
72736319
181025265
46862741
142963652
106863504
20619312
165969318
34460968
195541653
37324648
89596314
160490970
34060558
12185949
78075991
211777252
259716331
105333512
143884556
44694654
35492628
74840729
129420720
56777278
28114589
30850633
117307413
90080832
143381547
3286863
209610486
192131126
229423819
22263525
216504239
72339551
104032370
226336305
34931916
117987418
241384359
32938167
159762155
96144633
123789430
267922789
102563487
256901026
98941157
154897726
124896606
258416624
140331655
147229020
61242048
177484245
198538569
160207554
172258099
164097995
59777047
32331085
97852189
14858365
125807466
1737114
218062241
142782654
91309569
28101516
105711046
126648859
24222706
91473779
215195843
163533416
119116568
161173564
185356107
34541760
51785872
167182876
51185210
131443230
195903188
13094745
34165601
178704535
39981178
247618571
85373245
180353454
201748305
114110077
107919622
128589374
178634643
204358524
225538392
96794557
232500738
261249546
73340300
137542478
261203906
159756103
52903791
128290125
77112257
42481178
173957463
206450143
256284881
16355527
24401975
240093683
37559053
143500426
21557926
97580885
169193459
211294180
242864313
74933836
261589681
159386626
85523147
191976434
68280259
166342205
162347432
249716038
156057704
168073759
63536161
178294473
195869439
230554828
187398285
256650165
163520012
246565570
173332923
96021176
132959081
66086471
41870208
131675673
27841967
213220210
151436853
181580401
268073476
135348494
158815622
24812401
193921516
213164667
235713239
96934999
145015778
199445128
106778738
83811468
119931596
262956982
119211825
140060889
60057413
205308565
126967208
69161914
57896251
53705475
60922518
24756720
188532056
221510685
48105110
230931879
44755894
247281066
83497964
135103881
122442786
218535958
140792290
238541265
526924
128080258
22314579
129496879
266363281
126825533
136127905
172552120
16917457
160543749
133290746
25816087
31302766
246884419
82590547
17286827
102718725
263473543
117221727
176779161
260504328
262043053
129524801
111512622
135158278
54014993
175148783
11823131
220321728
195899236
251584404
109848003
241843054
242020940
136944379
105422413
199822554
121672093
176419044
186376755
195954146
138663329
84424855
108953423
168302425
227306924
211540840
33711136
164327588
46247183
8195516
224881160
99725751
206010494
1889978
73021281
211924779
174514807
122164081
49012057
17333299
108504134
8797480
214673177
150422274
150896792
12764923
23062898
223121790
58423641
69118287
70343088
249826202
84283587
43591236
143054214
104818137
159308451
116221652
174652692
51655759
139846528
29232643
165143642
250825147
114340238
98528516
230423496
164734866
32207221
28538215
238201143
249200548
184712811
239325992
259798602
232357327
66078163
79066483
118596866
193209837
19786380
114035991
73767636
248206913
62547376
89965297
254625605
15505788
191244046
251255778
1951805
221664435
102939173
227458075
246214070
20138953
59480473
183492744
221018055
106745174
249143084
184481885
144602167
261880331
72839547
238202475
181779930
159210964
173290498
139999317
51494210
246159302
256794295
6932218
124976286
85713793
216748333
218921087
3821964
108483830
82931477
252204545
10491143
228771279
5941451
44000621
203075840
266397727
150429057
238635681
72638837
218939910
166976484
1978048
1508978
182654682
230071662
245670549
105390990
220307894
42974065
95417290
83192404
194492951
90282267
193659550
118348794
184628127
24920140
72986394
152274149
136017065
184972122
246195741
204993033
28838247
98424653
57758160
93696651
139089636
13484240
78022739
48787739
161123724
217817206
153256287
262119027
82062133
33246882
195891347
68888969
146306561
87834768
211751741
94921192
62734267
78039749
187456063
54722755
54517080
48696343
57490535
219875189
42001056
11666701
139215911
36765815
263211448
152876824
222328136
40725463
83540309
90912645
210674953
157499732
131456248
18968158
169433041
242384800
183442868
129472049
42374932
265743679
82970257
26220933
156102339
156242555
103851708
200722696
233682095
61043121
186865353
56985856
193999502
251523637
25932370
21521899
58563850
33696059
36616539
87324392
208536913
221025380
171688959
195580677
125161792
57237813
176779373
126590317
60031984
172062909
229509688
45433469
65161208
208572699
243336206
28927296
196768121
256991292
144160789
210826980
248538995
149215644
80915827
240687755
249508893
17743940
116727505
21454351
105544238
149178560
251241652
185790212
152334557
262831244
101248679
101579697
156935669
97027477
265545096
191498753
191804464
226042695
24712432
95425437
85899322
224029950
63012482
103924477
163268214
115739789
39903943
140144045
207194254
116217279
218820722
237850548
27803245
137762994
184061985
83009966
63083825
206598350
221757512
250248748
38275846
232921218
126448451
148138076
70646029
175393663
188184215
263373843
238588738
18719817
261959461
220488778
173962515
156494590
236903814
198967500
40158304
128551196
61397623
239930735
124365219
128514565
83188747
68171548
237397063
88479451
149730616
104788099
27014598
192243045
50050963
49957863
5167615
123142042
18694795
55592611
91859504
142735248
82172497
230289597
138784264
241651250
38779567
20741081
42342947
73779640
4510378
231991409
78689880
116531048
133418621
22891065
45784525
181850141
126774917
217439419
121629291
177317796
99986719
68612609
25890004
34183510
171394827
222085827
142860315
212067511
82414039
216922026
140302203
241930468
191743878
185451623
8963909
204810059
138432439
155962349
24103187
179486749
234405552
10176149
135383156
237886764
125235399
28106360
32988061
159232002
55040968
264266772
170256845
12354554
192204731
251087967
41799084
28625695
212273853
204278841
161201018
238810477
80057799
173147443
215180328
65828348
104287894
245739475
62481257
54330748
87797738
167958000
209678065
121337404
64240738
261487523
11474692
158807149
16672800
34806900
158220453
104158388
116735342
17635537
210682083
216760513
249429088
52344870
265302808
124606966
224179668
190251692
9053103
137259372
115198141
62131928
259549581
40918815
195998123
99355241
104508127
163573782
24799767
42146876
209367907
57270249
32453633
240998224
199239925
62959627
27192627
181228986
221395715
115025420
220271195
245415284
11902874
210526666
170531398
266551627
90587323
37301159
68186877
190838718
188742370
167873955
7768178
208052184
93059886
213782557
20014351
175103295
103294029
129887414
61362172
22676502
110014339
211164831
221928725
91298645
78840216
205288372
259431008
207330156
7686944
85149190
250112960
52381295
158477194
216889249
133617359
28704087
216882014
196089753
40532717
49942951
107064687
211187753
81027894
257323084
197499691
21014012
187036993
174928378
180809438
62144205
208402960
211977572
215367781
252115814
85961476
246126214
199651313
14771154
162341350
131568786
264134619
114991076
83844885
24761238
65019808
11320570
264478703
261115659
211024340
216862073
94001239
235920474
142880410
175187090
233483840
225400152
71918910
236953837
185956682
167773470
115484010
260165732
124491945
108399982
161216625
134246514
21029155
60781301
16922490
131771134
66308364
55185275
71086570
236661744
99885313
88180873
23551357
215482436
191448438
145106371
87389801
54973092
238668914
170035721
161144605
175526476
58873092
45221498
173604757
124387678
9921611
3330065
107249151
211938779
201375145
172454591
147976819
256038035
260419888
72385217
85020309
195743169
173268429
92506668
143288600
246471523
67355636
167662554
130371044
263317916
44036131
111335456
139856628
228801652
100436780
31353230
213163557
34926483
116034436
157724007
238326938
70975043
127073782
67391984
21446741
90768448
221829700
172126126
106788415
118636492
177333941
54727378
45503899
17804587
4184124
58043201
208867917
240416620
207466458
3629273
39835130
163235150
232339381
25017047
218457793
167873421
72134220
43665709
228901389
115043967
211991880
159240688
217629785
33120048
19125430
253013880
12078347
190175816
210672471
199143031
264168200
147375319
59769474
199369717
96641114
253953783
200807334
238849368
216501696
9726650
111400494
218524447
109049853
60761354
2824660
3366763
198110604
98571550
247885054
220838292
162740455
209676341
212092862
105793827
8148804
85806529
158467420
248305155
167460568
111257472
231494946
83713846
33160735
128807184
8988003
208611561
183057367
191005712
123369451
105694873
136830892
235782996
214692703
114604965
