13374178
259768418
54459533
154272542
46049655
12579681
45843180
36618249
203264743
126992918
181152095
182870937
80631178
202132842
163275758
166524324
39500470
108927077
267918466
172226940
186373949
210081840
40231806
729521
19805420
146094386
221148483
183565236
193439859
154654801
31812240
79756016
173035808
230393149
236956577
114542789
18509970
120665011
192560382
112436931
208069220
165052422
86742845
192612949
60668127
229994656
13718005
168711732
40228832
219705786
127453173
41988864
41800792
23894959
93726707
19575610
176672768
16272722
11742417
68285264
191956283
153719227
163605461
160908013
33748318
217159740
108949033
60140871
171172150
140747110
116119149
79282323
12671755
174995716
264354017
196613711
68813659
8523551
22839755
33479139
21774883
244748753
220249308
67878877
243685954
32668023
112068849
155657594
263077113
71673581
66152452
16647603
130419405
92937797
35858773
99880139
241742416
224010714
34847820
71892432
25271341
126528976
44662158
40301110
192071386
12913408
21090257
178891473
134292674
207835673
59192397
102336123
236709469
68615765
63791167
85579162
243285444
158112866
196294079
9141430
131165614
127756200
155639881
25941666
106770715
252971467
153080380
48583522
81243167
160609472
70159086
247904970
211987259
49970246
142071405
106614139
99118150
240029042
247301640
212288199
192580495
33469432
174275837
29740232
235330132
182285186
88861272
26629791
82562154
89290549
162522349
74961010
67797693
181960398
36824744
17713781
61683303
216057425
174175986
81709337
233660021
147082446
92813963
107552963
233010159
72618435
141305787
105823851
134257993
128360223
149714573
154916670
74095140
163397749
61779832
166656962
235534826
11769076
82300355
218307759
162802936
169747151
261916191
242913277
108427337
222241212
14222982
166769583
142320643
2186009
237562536
64897075
242826546
248981296
7826088
205385787
187122243
26553925
266125182
249280008
203405157
50919689
51336442
131335210
116895616
76006416
228127771
119587312
179908505
157727430
22207540
129709605
99196509
85352653
43615309
42977769
230129559
204696956
139507561
139380426
8523817
258123234
165371937
206263009
207881437
71167797
100726853
53993396
268045027
196164320
80178246
200708599
123745683
11683141
207943944
132309706
134044849
164348301
231351161
137193552
65744009
128526474
139989444
107641868
68199128
119931696
130275299
174980413
162272305
150250791
167283460
177341853
160976738
13471814
221716227
253162677
101170582
108789137
212825755
140751107
44024037
232073174
50676062
201808979
67308841
203411798
93310163
251486768
160951998
191817221
120757582
261419955
245569938
67071853
73465908
61567169
235719665
216217148
12388942
218567325
44807828
83134950
52876307
17044342
20296776
15147875
80816964
16682075
216107733
265228256
154975660
100386894
203686526
128259700
232845637
113705110
17620773
149492429
90429151
88793130
239604348
192044951
216402291
89772444
200133294
91762749
18750321
27604902
250216880
87834341
212137666
88897856
52029067
249918409
251822733
211561143
113659141
258610318
149952367
102336192
230771302
78199666
183179382
209202111
57962055
239672369
233009832
103462994
31283229
41546698
43332126
6066254
258101111
10218637
231610541
12318673
171029444
200653617
265682561
113411257
31102391
224774242
99046239
1052942
200976256
132084353
122712813
121356590
21990810
39535346
58126145
188078931
60957521
210701984
207973405
233187925
15877844
165696130
104095784
36284836
211204499
133788961
164836040
42450345
13903701
123713543
56487442
233530447
230732073
85152874
253154887
157144191
162193098
24347968
209015054
83721646
160948598
249974933
43030766
237795812
261572768
100166216
105557925
8462070
128655463
18300428
16908466
246021116
122163387
33372417
181573921
208194227
168859965
24744395
121483530
261597468
258802115
70271528
129239883
72184558
15712164
3301056
6850672
98928480
206667046
119371691
207794793
69759191
189422030
74037972
194932360
265419217
93483790
46950213
141125317
237965623
85428868
66911378
6918160
62932058
26697224
6568859
214206251
118654318
263141302
89903314
120288346
163551845
261554540
54725587
53759711
267076822
223893647
183012501
226826305
165453278
17764166
55857020
31448432
169908462
11002282
21109605
178454632
190500057
139357039
72181168
113131835
52140350
102090363
49952524
234010783
253844393
196664933
196726206
193306952
171640961
73673856
99793151
191804510
148953938
216273334
229767734
223442053
236232657
42407373
225638822
184814953
194425403
93555029
212455977
124270505
131219571
106248598
104853060
102572372
30186425
113943306
193195386
48800788
13693997
49806674
212078676
28030635
126161626
248791510
86204126
122222297
235247882
3687735
33421392
45986719
83982367
62965522
148266299
70521875
211257398
208595589
100140925
94415502
248676564
84451399
220037387
50558522
239409760
37878254
169471899
29677040
214671069
94287187
219717784
142849547
268199196
106997874
105355863
71346404
26125246
192626377
19513365
120206623
159490269
193031724
204111730
153922668
207733460
189534037
162262710
84473850
188860028
251497777
151001032
247856174
174997887
52964355
92213097
120996829
218241050
81962163
177768236
95093784
106483612
240188906
227789207
1432195
180921784
108906549
39430306
162703951
29857341
59212508
202034232
29824509
35830005
41726099
71730842
67616122
258913065
50914404
65909796
19725319
251073624
140532630
115951079
157243339
256398350
221411625
128052763
213464972
246730142
93813102
27265803
10078238
170484008
64914115
211660233
91276336
151209167
179502582
147164247
224647534
9078691
161543729
983775
184552397
245551997
18323013
87606028
103355592
90270633
213469193
218976102
179436437
42923203
76311611
217454179
231555457
231104200
2730630
9795485
15528401
141554988
47785012
221079636
43666599
251825584
192274901
160388808
261464120
206744845
266210848
201647259
30048400
101923959
151120145
76281352
234555483
143181428
115570720
112781861
227740427
239428896
16040240
137102996
201763084
90616125
132850484
123828908
183238697
118727634
215939690
1624803
166920304
188271446
30749139
67973259
189193147
95631687
80829971
201808519
116794008
68141426
213565324
10906383
166430841
167029471
104060501
264633112
120937265
140757533
175524140
215678093
181752620
13492220
87038259
135627086
252233808
146921240
171892973
28336023
146577630
228941621
247707853
207886337
196188608
29228316
140866594
245468409
239109388
57314371
193042527
251913590
89383596
228606530
223329084
219437693
163039308
181880978
206218595
206401993
136141517
48609907
260893204
83647134
175580633
254791046
133772644
132003367
140316839
237570509
29009488
181511135
243658461
21344240
174752427
72093815
108072468
139153730
55685101
249553729
262522912
153644363
264469833
113032039
236372957
69006889
260764527
70876411
14124801
116744725
244226082
12215590
148854047
59826692
146576081
243005805
233087527
97251659
56422995
135802730
81544016
215368678
89788642
107940998
29645839
97749970
25154955
63337590
253032966
231777946
100108652
194970022
141207916
227430954
204144565
207046746
134971359
7098403
189052353
81997193
32838728
9033216
242782222
197559837
49516942
262188665
35627893
71669064
150849267
233762372
223373179
161128046
93747350
206789388
7319858
122334963
177645922
84484177
126489353
213856723
41020268
208749603
2380101
71352856
119228817
32572088
202864130
94274660
117929998
32447361
201972238
195930057
249088919
104427527
1589897
88133470
240211392
77245821
24671439
234528580
150368812
50136412
66880856
252911016
65584259
117416358
264842743
251592496
145012177
168244333
128782678
138254317
186409040
159610356
224785409
22234752
166726664
85974352
23882420
89459167
151709991
52810330
258199163
200888859
171485870
135039884
142466522
34758889
186547052
157579189
110057243
67697658
249679453
267617016
122363536
196973049
86144813
29229047
234783542
60824145
222199515
261026686
197313642
44982285
206960890
232945016
99655851
232321160
231672059
48097347
205664141
93317434
155016116
205539709
107667143
87537732
58798950
253301994
24899205
260032559
78999050
174390960
72194745
163952105
114080974
247201923
153557255
194934943
122659039
68629575
218889369
147840447
213971628
72249028
168701703
248510111
159553274
37925753
240630227
11261004
50026363
241540452
33671988
146465187
25951018
164899237
67749849
267905378
109556451
230305253
245962980
55913563
99793705
200469810
241506762
157612673
82985641
101518393
252050582
240653144
110787275
72157393
103255019
85840101
227692297
38971933
171682425
264300672
76543511
23421152
145633585
163907047
139293538
45030462
113169825
188937697
53575272
228439855
32760939
73582557
146281823
50405538
226434868
40716307
157105236
54330681
104745985
120061405
74011656
217829533
236534744
155679042
137732060
138930877
189342343
103370951
250856619
154395903
259664430
262093838
168971537
234348939
189584921
97851055
261969267
134709921
81008788
47709005
266033782
114107630
10855029
258880904
133459258
85874523
57047183
252391209
85637812
129772359
111207058
82852174
8053516
48957358
169607870
85652484
107173280
4055254
57527582
89170874
249024201
165835708
201678724
98950036
68774455
256673974
217599789
116158645
71359148
254366842
265306414
17315298
37837944
25996008
72973019
137685917
177713180
113611137
24336598
184251769
160526245
40399845
85475500
123330629
221247735
56750805
60905707
17770920
223115303
39690358
40465566
192161677
26465145
157048498
24133349
12610103
134246101
37351539
259135389
182654628
210610470
77895710
262607740
166777657
132196608
192002083
30312731
211475733
229676203
82876458
111765322
135156028
166553868
150137169
47759491
258564618
23603276
240982522
57010156
170848516
253877311
200862551
97539677
73666296
170385362
146735372
161126887
45364133
205225150
41799062
252392087
56075585
44842512
68124282
187598141
254140154
218703390
185760471
67044568
57271756
138402499
145418589
63122924
20319495
151893402
183613011
111171252
74674070
40482724
120287392
166469860
249487606
45903290
234715707
173089666
71615755
91469134
252913968
89145649
216188182
246602827
57613729
178417452
8954807
39802321
252715055
2403512
83795239
88799776
197189718
60402918
62666696
131743298
208130201
30516849
229983786
228393622
33602067
148994043
14975425
259149778
86707
195000699
38524376
99537263
108361114
256231261
198417188
69022982
19152865
168892835
264906385
149343705
202930551
190340881
202992342
105154493
163728436
181521162
188400614
262810792
150376978
151930131
67349719
146703035
262203232
212260114
239403584
145146316
79228872
64447352
44927906
232899924
152846086
261748437
251884470
244150234
14096109
64048236
16823696
1135685
105327737
173619809
7586888
212510775
202030369
145127254
220246470
22062553
20195062
115009717
211586712
254664643
107277325
180849187
75348591
257039066
187157086
128164438
38048905
138496742
228907960
224345222
61202466
16345171
244562408
221571167
8244490
20290928
258076626
182634908
205910727
134658425
172178034
186462748
118153822
153407874
240384508
256800174
153474307
106514772
8833766
36048923
48859854
154074351
221190662
43071509
11216096
82564921
124834619
186494817
198770663
169097233
51995530
243112124
10168532
107543830
229537869
220600808
4780934
113051936
241816734
259218618
236903362
153134218
261097213
106305385
146194673
84521581
153500912
244202823
2609750
187382575
98142885
59363098
161888422
197827737
108724483
179391108
199748254
102408923
242506058
190213395
17305326
160762046
34008040
155881123
176371934
253079915
243029291
168122547
86146876
209975857
73223732
152965782
110427740
29857525
36549551
30865831
259009873
94772893
201673592
196749879
254855270
8394992
162537223
158509025
167586544
140799321
16568576
28651961
64510106
105818975
11923800
16915868
171135378
121302750
211406877
145170802
165649034
11851864
266510961
225572055
30860256
209399616
171716710
134779959
9096804
132531292
132907056
225513986
250420666
214961085
4237984
176526056
224063155
76885064
232675218
233740067
151403862
49711202
110475196
73017554
32607312
110974260
127352855
155326959
23211630
249774474
230644793
15981711
236199021
247453865
91390509
145162610
235379442
148138555
67080720
150549156
123772245
103610537
27317845
196241889
65659134
64081591
232636976
128790220
214490396
183978328
222635067
221294721
162722165
198626563
226885647
235892149
14024990
60378149
178249096
50910187
190727253
213194667
187942441
244316851
41639498
9794454
65362272
135125184
240182085
57709328
251743500
248883139
203684606
51522206
46873491
188809774
168204952
111320413
148349136
120373063
20189503
161048055
115830393
224698513
262997382
206117646
147352168
177249141
17207327
99425771
209562658
140387499
176829043
147802155
115726853
64384067
37974261
29388143
218534907
206668208
80172392
74089017
87706234
136227126
184978757
8655618
121127203
7698931
113168297
98195889
225061249
223204000
47292414
49237469
234117749
139356672
218841916
130076435
215181976
126453205
148121594
235862327
91109049
81749993
71641176
155447784
119827190
235072585
169191520
222943118
24381656
17018730
195189302
73598087
5712238
22983935
112838256
46810751
210129976
53164029
179400371
155086107
260297595
29208894
238168061
196231781
30142933
233679856
33182837
25672275
100907259
167346188
163138419
26696110
127693615
1538228
238674185
137180059
267723118
216384819
240186672
51627241
133329643
130865556
57449218
267088995
105041672
72798958
27408603
247381868
134213468
159162706
69887775
2035310
42331030
67751908
113575398
164134150
234240370
84789464
45982757
8493865
102445459
196332838
198953016
180690197
130538017
17455147
245298563
185798137
72678573
144652236
210185056
135265072
132024005
177820538
66191654
11609396
67159857
172524990
237873199
209606896
244050163
27428032
201589358
242132516
169455433
168017080
122024108
233310597
234819405
9163985
84426681
60936917
222438927
218683076
147981818
228890600
105474967
78157527
137604254
123466314
63903360
51675021
95135486
12030669
88182918
63647161
187005034
51120665
182178865
130065433
245302751
187630634
188153231
108908380
126242596
177503702
127269484
105630658
2530585
98511621
241789168
238254253
189010345
146408056
82057385
11502991
76303564
81644817
216632487
15902364
176436726
226174417
119940767
227999798
71927659
175399941
19504106
247060180
51336128
264703077
172819018
35808199
11694229
106647864
61515269
93862686
210679205
264995258
235295003
149795566
265304106
181923830
137264760
192130992
179979344
144504799
116288251
252560704
129305890
222955718
2165425
221465367
80999796
44464131
124110387
173374672
150987800
75495072
144854831
240888933
181053583
221409502
135891764
260161620
253020356
170753370
155206395
248485343
9867707
98265812
229525157
254415740
177600600
24134196
14854528
264584248
240676227
199782734
223016097
23092786
32710433
146442625
252504929
205086122
145874825
252262065
6057368
123711441
263122530
99337327
18187731
108738032
81682159
59486352
70549965
38020476
231847743
97465102
228166249
176149085
19015883
122702279
207878136
3933730
255508857
208337784
227387993
177414038
19977909
115987992
224397478
214887970
129856452
53397804
182677613
25875192
226216890
191115624
228836026
32580971
197059135
266562439
12138381
265523016
57770723
8163998
169567452
247732101
248390503
84778775
164241114
101979985
19735406
258357423
21100047
253200781
114551259
210757267
167171178
173656036
54772593
247573427
6382229
76744639
240183217
141336676
16361531
159333625
44281117
159719313
192623395
266634596
167909891
111408215
230578497
66389131
183720105
258387405
158904955
122070858
149345391
103390717
205380476
222714429
4948949
29758229
204001225
174948023
20040456
72990291
79346851
112412005
166380150
149168421
142746119
5431820
62998637
165281757
171349640
239037708
40083738
20050748
144810758
205225194
96775522
97510204
214888633
84838936
119690609
188636656
244883813
167540497
247843954
18679846
159707584
154393119
67395117
51382791
99694092
197497757
7923631
152879580
41586032
179776710
127426022
123884408
262822374
125188933
28342280
117116871
115115270
51402237
22071598
211404387
18131328
178567960
242072000
54852940
31831240
134180716
142668550
93331587
255781516
125467472
263032896
1731257
89079781
75190993
216191137
168666231
193288241
254746260
193172623
64941602
249645906
39509022
24612042
191421298
97396864
264056285
216113434
266297095
21142639
266822147
73442977
176697599
2820119
131712567
201597965
197625477
218444547
42485750
174978685
153354092
236439762
227920865
247305030
94394399
163306823
121569419
55602272
55809674
266449540
194090669
84340545
253581967
78144407
245138341
252127410
191431203
176292199
255179530
250205432
120863571
17223385
66921273
221931316
103164642
268328716
181718647
226493098
37451388
236547069
49403171
225178032
168234572
100915770
5520496
20756914
174150431
267664784
109469821
104886370
24232796
21864073
11564843
189914559
69486667
22795279
105517644
34214088
2770090
95372564
19092461
129094061
119985484
252068708
34532968
189119780
167474304
256724489
68604659
253720435
266596154
2714046
228945089
121541674
142932722
113394134
243646344
223063083
251691921
113469846
212611028
197303526
62032592
187737587
61892153
118920356
153841394
190044697
60743426
195632333
114867082
166829231
220616660
109495382
210322780
109389351
41573467
139878983
230183254
2622271
159526199
30923327
196935638
211310394
122166277
263304257
36607393
241720688
19216122
153793486
8074584
185100589
69882708
15115842
259033554
22116623
101406724
134804248
37432913
16578590
138467135
250445382
119912139
237442592
260925703
235360108
193593868
186913201
105079620
202248127
255998977
86024520
105863802
166373848
45928424
61585014
150378413
183623365
60260967
220480111
94377540
12997788
51533298
147507669
217389589
232836414
77047467
24756600
58939087
22080521
206217526
150183447
144594451
236325732
231451246
227863308
17677667
61029330
207584494
132667247
233585603
60926774
199652602
177186002
42610837
151390964
238609783
114314790
255062707
160331962
86437125
40104221
229220878
93980687
203015387
41919898
74997237
256681748
214368653
89700802
148278929
160508911
64696013
62822878
26105209
122366499
178889362
231261349
118055194
180139897
1465373
60971262
106236341
66183559
264573190
172410211
177611830
149535702
232020576
44209711
103495993
172679046
61338241
40914251
189642170
194371308
12182471
84979738
136246142
238982928
47403139
73640585
74897091
215078245
173872996
104857153
117135907
27189582
15138603
249240700
202874717
148910043
265821651
95631411
34908320
56979617
262910582
38909400
30387018
169283656
178976586
176492215
63819873
68249879
184649489
82754144
157833861
17802001
186431521
99984229
166404182
76896974
225621049
61373067
24065391
102303366
206120064
29844209
69559519
224666172
54098358
31515160
180964057
149731510
20485023
32933840
75806227
157005070
13130587
43339377
187118506
256638730
15922183
55064364
143996816
119154366
90086542
5805129
46387101
181965927
139771234
37899313
45160477
58547010
244558003
183747528
232333537
29147691
264569127
31361932
221334845
116314617
134057691
141995430
168577920
194368382
195982133
116265503
50599240
81684598
23822152
243760534
134366732
145769250
21215087
58092905
193529069
224789999
52000190
249025714
206265256
126878653
1296377
165563767
185942909
46182799
195037334
266091955
205694594
134332047
98808097
136513132
41203399
157938096
50914727
8245462
60243669
51930537
217864851
71502504
26487630
30704501
156152143
59640810
36379321
57835165
242590409
223691512
85508210
3437141
192684440
51439416
176270684
238242265
219930296
37035025
248746927
186420493
193339227
12192943
50855978
20778896
242414708
60172065
199121779
82586410
56203627
216046600
7538156
100690977
13289665
72054253
87822985
96618664
231591295
28746607
132641540
48016998
191426656
50383505
199877142
65553847
158108639
20243260
15775428
85712453
86842272
33898237
39595787
146374404
72341665
74744112
105351762
134775349
14291529
123868100
232307062
195965933
82224512
255072986
74036389
182555233
151779631
60146033
244728953
61416477
175701114
110235813
200742127
35234156
243674451
118660577
80708280
44625507
160588313
139350583
125290145
234262948
201854363
193856498
240759835
77131823
256380259
152600991
12280535
24386509
47179034
264454591
130382878
16079666
185885572
79708592
171393316
195582623
257900995
78573399
149334541
29117966
53696898
81927730
223416551
195979924
225865573
64342479
187154178
8974812
254372799
84672723
261896052
237559543
116746044
116068625
58230572
12013967
79206961
9318516
197697872
54805754
160144290
193908345
166115792
172874942
217509299
33493775
147499888
266558549
70816397
164501941
58703717
39567000
55162247
104174788
147743088
67619600
204758409
24227873
214773233
91983009
13120489
81435516
145151037
230650153
211950479
62834096
25412553
179931528
217471560
96448385
52683773
245293268
9618832
248564831
206598405
38783405
168955092
74429055
146454142
70672166
9039012
164446908
145873834
257000731
75136686
177636864
61682063
85314316
196793797
264381352
112632743
5182366
239355342
101780812
3847842
213043684
204066091
18753001
206735299
240079841
25658184
36215474
244783181
259456729
88318008
41925433
90188167
69730192
192941471
55129486
152678616
107561452
24652624
257311860
144326287
81470934
12007310
147237071
169893305
218926431
48384387
65588758
195820766
56441998
245524082
49558345
80171176
157272712
35037063
215228008
93909948
54260551
218383240
115056121
11030418
258169273
14430474
90179375
253872870
58140486
238472428
21600186
122044441
228055975
42116203
201309053
250489848
129614549
127615175
191592051
229989979
222153653
243387888
3221219
177859566
261906870
56099465
35997425
199753892
140038140
150989299
76283768
216006804
2957937
120092079
210176588
183160757
109742662
1257352
36555011
263206380
60915422
265157458
197393360
106537311
42218830
29886732
233697122
225869531
9566527
163578539
180681443
29349881
131608094
215012061
92943347
23078218
12082522
84607219
257084953
76200554
242469406
50515078
214946632
33598482
96562249
48870616
65529157
151254872
245006865
242722548
242217698
206001729
200718851
7430931
68690055
1319004
249819423
218756539
243489944
243262057
62878349
6758189
47563139
107680180
53147576
68850983
88103217
173755514
111424625
10253108
30125107
212189530
52266573
86226988
136007689
90040560
161089263
176738259
29371878
250819860
115505848
134978540
170359795
153920802
220191315
121625609
112574554
72658528
138192168
266774815
195743284
233643391
25083432
16798345
68589368
222880096
151276593
245183341
225375527
91704472
101201108
26558629
20049967
181086799
261321570
200507449
192525903
168014642
6613258
123827784
180876366
177955253
79436770
72740494
174756583
47442934
247868959
247948282
77931933
10739095
59174384
140297100
178256661
580247
232190612
206371275
221377982
106005478
209025884
101253329
178710455
115005980
12776079
213494734
4758368
159828872
133644085
149363731
105065057
215311299
127302425
57320039
223983156
40195653
70392100
227140052
131304518
116967605
130382832
102374480
256774680
179539858
191785867
29182082
245938469
216208363
57799190
177159445
9588918
175011523
36817593
234757825
267202811
229235456
92407886
16489401
8868810
35532151
173875884
252423827
86817034
263498580
234122531
124832758
97315498
87215566
13709182
136908675
217943589
83363616
179627670
114887602
235577058
53207370
15175065
107917490
175297196
22049048
153190559
85778497
59941980
97105006
244558027
229324315
110023317
115905944
32268077
165467760
236512273
85958628
218462212
161717678
149081925
186336145
12390657
33579507
98192926
29411447
121826014
231061122
186181772
125204305
266812825
29485678
205101228
115319512
134297995
87983782
88965406
35374864
243950954
191906581
121770791
93520466
182722145
94404405
84097757
222249237
67112128
39630770
25233704
217383947
228201280
131346423
217183748
17990571
150065531
37999260
108955880
17424015
76164333
207307810
223127335
231322075
185791027
221714220
254273858
100541380
254473356
197987836
100082791
176946374
60242112
233880915
57270817
138315067
8852869
243062572
20050856
752770
206996250
115812868
83763652
90038507
169571555
132933567
159551392
207925605
12334251
6627536
237821385
217706950
23354899
186494231
74014896
110617929
83829317
61838144
57910691
239310105
261109293
90374257
199777441
136781170
265690827
14962348
97354126
237276179
258437097
147224544
250413132
6841338
13049238
99194326
81341462
62219090
148078960
204431322
185979838
82148473
94059226
162724887
91912035
249120792
127951856
265653972
48616049
257096336
53978506
30130615
176230005
73573460
77988963
56837820
153346018
177668054
194674222
217485591
232218535
72201279
151497100
175705130
69881846
218563467
143791881
225201342
57370641
253013386
7415320
105482079
9958872
55992636
103885008
54363019
40039331
188828788
207664650
15309988
104192768
28729520
116970546
109431802
149416215
162213844
25284200
51723497
11414599
256338311
125985241
59370336
165467075
165286696
32490497
112462682
48594870
71717047
202858113
161224691
38219569
103997075
167343261
2898721
41665245
217915782
210784237
151805913
63185528
64229628
214221018
87007061
116179067
22077551
216948408
169759536
27617165
177892039
60092463
211973585
189394398
228940030
206880177
18116431
101628730
107067715
174151952
95721894
211040432
148248718
141365987
149343038
217030401
115633034
39039633
257732708
163419505
168434519
120409773
13265772
207152597
168310986
193728144
159916222
55164563
198180348
228230352
69215001
87365396
36878278
130997774
91009085
260478560
79125476
107677856
159852526
49846141
263203962
122266719
263531688
8958862
157944505
65839959
120346605
208161898
202852950
165638949
165578255
28790444
227206084
233977283
231440997
120916883
98174633
218966914
121011788
78078534
27791920
67721603
167681338
92751097
219127430
61913076
5336896
172820576
63681589
152093826
153811716
56106516
214012519
25668583
136371490
110811701
92871483
109064221
51064838
129133083
130749306
199633335
48006269
240006819
243299754
20221450
32071637
145990426
177309411
98294747
54348534
177204057
84635256
190486143
75112863
116499604
71771208
9058038
261886597
218010886
27570047
7281682
45609136
175288192
116481533
172301270
142186044
140787159
21209758
33291802
3105614
128122123
177107252
20220882
118505810
154100509
109554536
22354277
122427725
39397529
37055827
136418721
79777341
247419623
34422990
221713569
208705162
113525049
124975641
6896186
267486504
201888734
40872738
180405873
10500153
95038476
146553503
75819724
31036173
10485218
61074626
136982792
234690798
212507251
133207598
188892352
69960159
205516854
1316832
195264989
103125434
15779304
185693405
130890824
49909659
124868581
33703311
184464125
238051465
256944588
174107642
254823381
72006532
100576021
116755406
163736770
205414564
164258193
236445084
168163988
234056323
96011413
57787071
234598860
69664941
81882100
243789290
193149945
95042113
252590398
187477290
141232634
116666924
127880935
179921458
185537664
65874510
43941842
231285436
256865989
247905516
233388420
68930107
97070496
50316522
44283148
18129828
16489685
56452346
66436669
162498691
252507651
97126602
201198412
187732025
239841854
199336495
169732172
145700606
148886944
9848646
203421070
15356746
210760714
241830998
97078856
84795513
174723158
214965662
36080232
66270505
131348699
150066925
266270373
102406140
95609038
252684170
151391669
268316446
184969280
194440301
209191756
67934258
250088729
180980743
260917277
87704503
66716406
23999993
90390447
78083329
37768835
191331334
104313200
99347609
27157909
126422491
43478265
210306195
106693636
230576167
46678916
163200711
226676692
121145816
103822635
37689692
39686336
35334742
235974509
6819587
259546016
67055018
224002018
174440789
50560883
108581520
102396556
230178279
90948071
167172086
107489619
131130122
224994999
241730587
179021054
27193038
252037082
123231480
120097675
207263557
224868764
179357027
138842409
184156948
85667974
71124391
221270733
160052821
236038178
190695038
197088999
66051627
227318994
198935428
166455420
187141244
205193073
248633110
177857908
205943977
10652209
251182530
256097420
168796759
178061615
248197418
261029159
40207649
75926823
71661137
27750355
94100129
111598084
154308810
89796197
194038201
124601986
51867604
69789288
174598692
237071559
57001941
147127770
171195316
222864860
35228540
15648080
55415105
114514255
153872726
210686455
128539940
133003395
45183031
173710553
125218687
159648111
266617464
120249757
78120133
22600369
58349948
3527227
91926663
182892936
142757087
100318661
80790069
218109849
257599217
257255142
172004986
120796019
3486565
112747195
26756346
180013746
21922398
124421089
58203825
81662055
112010195
122419657
254768411
211971881
257545118
264420516
111996096
261920896
153491384
155243719
122273180
207978894
101412678
103277826
175269936
25037810
55965728
50374220
212787659
9113360
48497090
144679907
220710469
224466282
103491059
20215176
44630198
240525770
82820614
76736391
26889750
763839
58448020
178792434
261221934
42685132
255512368
16213056
102889056
49392058
84832470
166244918
204088380
140284008
105081684
210260458
226049219
86298378
116757823
67736376
5263570
97289207
251360813
136522096
148535704
113154297
76267775
151932683
170205834
244448511
258860909
116909201
54667372
43099520
115158263
217747151
87874412
227554109
5759293
191640742
90063089
136299751
78922163
74063168
102304939
257829693
54138307
21310785
109367010
20589773
29364974
6618959
189071992
37143991
251466145
170637052
108051216
54815656
266671713
45728222
265618007
162845691
255765331
31500084
195984965
24600761
223578936
109728431
113032538
163813390
66737429
67577995
144921932
231242968
45557668
39390662
244560222
84906875
207002147
123731454
88273490
104252555
310707
242047147
94652705
231747848
59168085
130835809
196630184
144415691
51446148
96707149
254479129
243535697
104116596
133559944
144016872
64188957
8023941
48113219
179949443
171438937
6021395
92555259
53856826
6206123
225635118
225458389
41215666
143460698
100778429
153337503
194738212
256773965
803600
243676094
81979526
228131683
42485911
211413557
62236617
74105120
5678905
161517413
147815235
63634278
168800951
79711753
235028414
137582829
177175030
179548234
157304216
69284967
37205167
161200953
87045746
124369276
182300727
115884818
173085319
203939299
116761394
257575549
95068133
63565799
144259607
259086255
246350835
148128465
224455745
151486845
167707902
72058474
43085865
146783155
240950031
219130503
230541707
212715619
95567336
218569771
86106176
34089796
100083190
172129422
3793202
239132978
211923116
204906836
130297696
266811485
241479834
110953840
209511095
244688232
162811632
90334491
14770274
31016302
156148022
191017739
147607878
177543682
244926447
169903347
245545776
8477676
125776292
240197190
208600391
115255170
147570545
267734765
72755817
99984703
116138265
232202224
162023950
209568772
63034802
193621829
22818563
150377077
2727469
255372207
82792196
112416809
45889402
146075773
10175463
71275783
232831612
44985597
245337845
217175405
100804708
183112215
241671450
73675393
156776830
117787222
9132713
191852359
142764156
231309812
54450711
81929972
69782813
226796990
229491616
41343733
215051232
118434665
91318612
196234551
172704913
53616217
48202580
161890425
108025484
192835740
24738358
265361031
74842509
20172754
225623371
9989050
160482394
153571185
185982702
208907549
181245746
113425040
233373309
123500846
173744422
201855211
105187066
250672045
23498132
116708925
199236709
161516363
266510887
264769904
36633238
136812102
95597543
251101799
103409205
172688756
22009417
46460768
42792598
159161461
120712823
264196383
140654343
46999062
12897944
47793488
216228614
89326625
197575861
263839788
119883196
123183796
159011175
170996188
79591035
28995604
44642189
63252910
234466256
69821586
200254593
117771482
91404446
48635278
71878814
188624359
236355204
29986286
213256033
46954997
193019739
260839238
137168702
197993617
52215450
160759991
202614829
155573564
135695408
143062512
36322923
8021380
95797222
149239094
223938415
191300487
109987177
50198627
64648099
161885120
21526776
164729768
37654008
139963570
231317189
243002774
213779424
50155161
6909663
200109722
42751494
264828547
113764045
182330671
267832061
175494975
230055512
265387225
246312352
265247451
12141737
199478841
137050025
97962809
116178150
124129965
249878045
30707686
170945521
16242224
26255257
235013903
138011784
44815772
104070990
224403951
128887046
86944119
124653190
199657577
20956122
116028021
206980924
23927988
203834911
180474168
228290385
177058433
138716769
160073233
233015904
118621393
206869198
129065879
106717074
200466598
123441726
23578879
210901924
251924763
39236096
241785215
65013233
156506654
34184163
10856723
84276336
150087277
228977026
220089307
152257742
153997195
177809964
118479538
113352488
8541361
239188601
60949874
71766089
49761176
164981905
207062124
232509337
145175151
228682236
111666323
49078882
254750303
24769834
177599225
46410170
6359102
158938365
256946804
70854822
193472325
87312144
216470659
154337700
65088652
217162297
224889603
183200464
189290686
215233421
192983848
257738507
238880328
237034466
197349985
46035098
95786559
78797525
175890783
41282093
117539866
242578631
259499576
50366608
97959241
148087238
234813098
235522741
242420516
209370140
95514587
79282403
189827882
83647988
235671146
79297602
150473294
11574176
33423276
189583577
82504123
235460140
103892917
210053359
60695997
184189641
65386920
200219627
36530693
4293154
53557290
69819978
19350055
239566030
184968832
139152537
142999108
3221006
30898771
72631925
129600457
264533034
34871655
56767041
210718458
178703950
228387343
120588390
239287741
113599323
214907121
198642709
1483979
46232903
167439474
263588685
266171221
46797877
146253230
36628254
172251691
194469654
121687665
93436383
238209105
28269896
132458529
257041337
239051080
173041647
221670362
73433596
128757999
60018816
17749669
162221974
165011426
87897543
228294629
68518237
52562323
49683829
98904705
103704969
186372878
80141476
262832507
93588847
208009095
233693705
86868361
223769594
242008154
135113131
139936904
216344347
136292350
43455277
199452038
42578717
155532023
182568707
249544333
50645997
159537170
45711261
195413068
122490252
256674693
143504503
148385494
11783378
187048405
204020832
179453344
255143432
191019578
267130654
22567309
128731957
56140690
78600835
191173956
140612243
234476423
237751022
113995702
64634718
116036535
204667636
122960227
228505712
228508144
193258891
110494784
41911010
220824331
26104915
59307942
253002656
163128750
206584317
124905487
246843589
263049195
220845762
240260541
265987456
156647162
119529175
19863757
237494096
5385468
47128408
149276527
118776106
207577845
193743709
72457375
33960511
15705718
268213445
139668159
240580931
198966396
55786942
183798883
71468970
122209443
224518323
179036838
171644212
251959539
236808496
189399574
234709700
216197669
33152046
192194841
52155364
263629498
89127666
50523770
54231438
173159697
173522045
204451828
239035665
177388903
145194331
77139713
242666819
87616884
144044266
113179324
35990072
256007948
7641317
207714579
17737349
163075246
11390822
86321884
262421692
96221521
180912349
95841185
163196400
145189344
261940082
222123837
155920810
54849635
32806886
61265043
214146249
185604775
146864000
44924210
120732690
73794262
4144312
147948120
124764837
178321973
140444520
233927788
191020398
185508455
8830825
102162056
96078524
113250169
247921110
157822281
94520964
85308536
214433980
51025050
135927045
124740097
148766200
247340673
79434822
114528516
261567455
178799819
123536790
37162409
245272888
5176529
259996297
62014556
137993671
131328713
18359542
58447875
44851288
223305462
66785048
185058110
61325609
45864723
61795341
151617529
81658587
224451774
88247959
132755241
264093030
57943273
220026745
145418248
244041198
241406715
25740360
44101404
88542067
47787018
68877128
64975234
123005323
10895329
15691591
143809455
187380154
80092399
236933817
75991511
58561112
9686079
157973937
51678846
214585458
235170295
23075378
156543084
48563891
246948104
12569338
180101568
70771986
159142382
181125313
173326167
86407958
17672632
94893490
189963086
266520640
195094593
176267457
223600846
18385111
2184918
136586729
118240852
240949614
255574244
181870730
192581249
141965286
711957
208560466
38643251
111747181
117053348
81572778
207370542
256325055
224260753
115293569
96696039
220316351
128380598
52292503
255627906
203319739
175246817
58765308
241863167
85305029
151744767
233374195
82681706
249711359
222109167
192986172
205962029
234694532
203679545
135313518
47725212
263463583
66287174
32699844
58420182
264289430
117263209
59052238
218093432
154326644
15426507
183445869
254676269
177555570
96680504
219849315
25980231
17074888
127322977
113644858
24455169
201959176
147302282
149029762
205588014
222572928
11178770
243364498
210366347
97952124
232118609
23082828
179683177
61326952
60162205
176572546
152268292
17902938
79191331
4641652
150064233
60557996
139174091
80513287
192665281
88574494
93866552
96508021
209234864
30017381
149388165
11030084
213194260
108956820
206960657
167407927
37731003
198056774
173950787
149328765
76839158
244997313
7343382
100759470
123556483
47927181
113385923
81633849
22725199
263239709
106476197
200544105
9491390
177294180
208170454
69482155
169837790
24243140
251643647
90653378
106145382
151286540
72238763
126127648
90722538
78124652
164392737
642949
71306501
109422988
99222211
205615345
168614575
148707667
38200135
133479252
239869508
130502086
253159608
131667556
218479655
258513743
49236635
86801241
171184011
189900846
19540096
55931550
28859013
246577185
205515261
264166005
220053738
72578875
59065645
172889831
266482252
112223461
211024834
129046116
44949132
94123221
267373642
143369114
221400731
97820124
133457727
267685455
45028229
122270368
249186842
6601579
166842229
60798949
84175185
128733201
108890145
239737934
218239738
90918328
129791594
51682214
16370996
168941514
128617535
267453636
37913902
114843613
123032391
207427170
107631091
132633831
129336443
213260005
109090546
154840272
82026780
173733405
144338364
180217335
168009151
131588496
67309074
181717367
194936728
177701416
58700259
162213481
68312569
184021565
102820113
122596814
22492176
186602658
105138774
188243132
155980269
164875997
51337115
225590241
220054842
60527001
143331726
265840961
130616109
17209390
64004608
234478761
41250219
197959246
6072904
177989004
2006284
78960307
95798648
240815203
37244534
54251865
46482343
91380273
158426582
72687786
145653889
65120864
64881403
33522973
185622807
134216413
28231174
235259516
160203675
132109278
225640327
47332174
253499745
95772295
128202985
6456367
218045904
266391260
1934351
33704987
42258944
98023590
133953983
266084620
156354405
135148030
179522940
126904558
61638785
69256501
246238151
199663695
58606546
253747298
92633489
140201966
35896808
167640767
236554488
235250333
36068730
39184159
227044960
43135301
153142188
78749625
197262783
202400375
153365945
51573263
126857421
129786548
250399923
22370262
140645997
218496624
20227494
169018378
111863724
96232168
17281403
62429015
266531147
3047968
172456337
245822048
91697131
70824980
32847309
249717671
86577313
198462274
28062622
164051109
186180443
237275734
85099355
11573121
169896896
231549538
23609224
8072994
191576042
27871976
245670331
204905023
155887579
101929286
252192812
124773875
193185070
24460020
126966462
144651196
50068662
62465742
79907871
243514900
57401955
94281476
33172533
58627597
216402244
135530679
48050891
117347540
160901611
238184579
15183262
163287873
238048561
93795503
77416100
52140871
230431403
194954083
86737911
181944100
268153019
96961540
40656659
215172239
49701457
131688902
129148590
13913843
187296886
94070269
251240675
132503606
114033485
202737866
243618504
187204238
144498935
98528963
96694024
151414834
39013367
70718934
120311137
7956907
230159037
126093894
243012059
233915073
168016210
257695480
261986417
249069237
24474106
87359172
176671138
35662155
86028531
158823900
101257189
49929168
32581168
225939213
85489562
10035070
175400509
9132486
207756354
132977871
45018694
87156553
69919723
129907017
223182408
224177902
137795796
108537442
71100595
28519394
161945737
20272306
177697752
67718925
123129200
53398100
240850242
143580160
267394127
174555088
138733010
248894216
169718333
78532487
65855005
231529420
48151673
1723087
27986255
61434864
84541451
236400830
86419076
156052722
4237780
105829428
254270196
171660175
160554979
32765717
187412981
120912733
117889453
23859511
113102140
20629521
92702271
61979176
167176361
119027193
145417766
93531312
221096969
81871715
66417113
253805417
110018570
220947578
68941915
144258216
97436157
172594186
197977478
224883158
261955799
267425779
204059122
44972187
84105957
132451852
32162889
66754054
139673518
44273525
12072095
66013816
257608745
150633825
2290341
24357447
118160386
134262054
253086949
61932734
131152139
217289916
181820418
153541515
96729947
158836688
97427260
171379518
6885892
137552461
96229000
53548936
219899789
92617966
95003024
137442974
237751715
185505799
24342612
227085069
131389747
226676466
236628858
55684347
257868336
60502123
146906202
14897973
222480325
221096716
192598761
65165336
62058762
156754789
95597949
157720028
21642580
236504155
87632833
86420519
9446881
36529034
13539202
2729578
103609537
62366278
26335091
24915428
91916242
34237859
255152320
49603133
167939403
219308294
110143161
9918932
100544558
227869725
188482644
224383783
200291276
55321619
114719842
54617942
59892872
237399729
104361669
212550383
91821089
84774748
99324444
251420974
4920611
143302821
174834167
55937109
37497713
88354948
238141448
247211822
41339538
72594721
61919874
151302392
58470272
174799708
256789925
183074589
192809818
194491449
149628994
148437407
38972153
251905513
46272291
113614184
97105977
21716475
68264846
126016957
184057835
217358606
3254571
198495556
40869095
131474206
73134856
157924038
213094049
137695756
259911522
160340271
154650960
221875189
144768886
65403570
25492383
118509474
235253907
25974651
31336110
123019925
258882693
54057110
78627213
22424719
218854467
171440149
159547036
245351211
69683614
108314682
47342222
189143562
226385825
213299679
144055368
160647838
80202357
145895079
157993930
3576399
205482563
22134716
14141663
248857399
241193779
266666120
55186298
174578575
22932660
83465730
164031483
79715716
182392
41331682
63933833
167706756
109708963
15461525
161882038
175411659
177921246
37760021
232068730
66801162
33578065
153243648
27350522
231048067
157187203
105196912
65888724
152942234
165041376
98737801
121700155
189307670
220236322
27272301
144581856
162105200
14217840
230154847
246643084
135718517
193227222
257599144
106296776
73364513
25250707
28444335
217480110
26023480
59065154
266636600
255076373
239152836
185498172
103633318
224880169
34732700
37265520
26374588
52002892
114285041
142269986
24657583
321024
104282110
122380701
265035564
215276103
214087235
36248072
237916873
181988511
221310582
66768984
120013999
167550940
136225573
71952352
93264758
254813716
223159429
189031717
206142484
242400470
115666906
259318238
139440002
63861410
249696835
165435557
223374599
186387692
94084675
152156458
66193752
98838774
31527041
25108257
245632909
157286700
225184608
175700009
123122484
209976894
242565997
141057415
13225932
220365059
151307236
772889
173125318
144840343
53700232
51788814
138885927
88473061
38807146
173866921
128391918
186991235
94637712
92091840
113598335
263479060
89083086
7397627
106511009
66446276
208220890
157529211
123289311
117299080
242674716
150094403
135855931
9851590
24914518
228199510
48677766
170247424
94953957
45806518
25576180
256763711
27189617
168783159
163291286
167531589
203151572
71846454
24001175
193710871
94008241
144120414
114303007
179902828
186998866
45159391
55861346
65567999
33254058
5700000
41237744
55345960
7902242
178932844
191716264
14831141
105708316
113423203
206813422
92200984
139369926
250223301
257898895
193955546
42768114
121383824
60138367
26299188
160656350
64888735
207764647
57322096
256758605
90235700
159671111
615405
167035493
164088540
8722905
28632744
104029098
211607154
229585533
246057050
148370070
109835695
133700231
168247142
144458404
30569994
68041335
2359899
139467411
140183218
102117278
80695661
112637214
231776475
224565510
236344607
216785988
137511702
114907637
102054378
27903920
121709021
102978228
162505578
239525621
198199417
35867792
156929177
200445423
115883575
92530145
158395866
35595465
151866184
51074661
54391611
174564154
109114167
15995440
118549308
152011111
171852701
120605082
77363191
203687560
122743855
70276572
134728106
46937349
210558355
177893319
242664907
234340543
94710620
214907940
5111780
120915194
196883481
139447750
164457035
152627103
38536812
176029362
210484208
105668249
87631097
226634638
164797234
60634231
61073059
26878996
83724083
145715435
131818251
247388232
259189487
267839512
236988087
177444946
266135252
88149845
14582837
203684153
139455249
107791678
258591242
195824897
22289518
191875112
139607020
183078469
149151660
134950363
39994277
53383811
15275729
182579867
45348743
258121930
163638086
126942059
32923799
108028709
128314048
146726551
18429259
199813317
262314234
125014642
231510074
181564271
35111257
42343640
107638983
678329
201529849
28937560
238780492
89160838
21988667
267559742
230784608
130023715
232462190
241188662
87037800
125985548
188140814
243141922
11817344
93021049
212623431
145515297
253657569
117314712
10974699
120376906
263064647
68587061
190874581
60237831
38660703
171960163
212843282
154466364
180712192
93345344
24484097
163520792
197155876
233299953
88390018
56834327
4267312
264622075
29554284
116924383
148475450
73047424
243383657
246499709
253647707
250693155
72673352
95910418
215137379
75867851
190313878
172090012
36116517
33450345
238729781
41896477
204605747
37956192
33878890
62712803
54552036
204739037
43620457
193150983
134492189
124712917
2875561
231748837
242169852
234762046
240491323
232400618
167278494
66998994
97963516
243021994
39899445
35288656
79302289
254056791
72984176
174004551
138246426
2187426
231148326
224672563
163306035
262268482
143895196
136918785
212788545
5665954
94560990
131048285
127123074
93141724
235843999
24705458
140343031
25471558
7380911
126033444
146614810
53613767
127407758
151709177
185974720
204039148
64459659
131986014
216377458
140814981
160517113
67200159
153891282
38854873
113554041
239797380
114434521
156932987
133866185
117465432
23750517
221651431
112065988
181956922
251357821
131500254
163354874
78380875
73369128
62210719
220031978
266043499
148527483
139652451
261472124
230225039
162946919
201824932
173156120
212154161
21673333
40237942
137636488
27512977
73436801
256863188
89932073
170560885
134228640
209418154
195096797
137604870
103209497
209263405
202713104
256159238
159495556
120405292
74185817
101165759
72480687
102517667
40596335
223101793
19893379
201388850
249750632
2656979
126881949
126741443
255003138
21533409
64646326
34666366
11671475
189631314
45174852
174635053
1437764
153663556
71230861
21654332
98036362
103997645
86764129
72376902
223665160
193109229
258150397
12692023
102245729
116010458
242785035
220787158
107713987
57409961
39592448
92619019
171306786
70353462
145375599
70741096
80154351
228525703
231583042
181784618
168037751
119153322
217016296
38768644
16302137
139157563
123538670
223813630
247947807
3748696
194571494
38899713
5603201
142936936
219470612
268366114
230037077
62673056
199190461
261054491
261667321
227079754
202934218
170700911
85210386
177039089
248434722
21716017
241368665
16957181
177328368
51975816
71680934
85672558
118721356
217373427
124851673
68837950
57945912
209175284
159971651
201054364
266039536
182176347
90332572
217671955
194418869
72308381
109359247
228845153
255554852
101467783
23503511
259038182
7711602
226365670
25285534
174996530
19496042
231957875
174829873
21509137
97351305
28509507
161321863
66275874
17389392
193404796
221384161
182154302
89970232
184970678
187709839
125995066
239063033
118590569
77320785
122868914
176961540
229626675
201084353
154809758
68053078
173947768
2766387
55278406
25284984
115016659
212441799
24316842
211694748
61927751
63369608
40654688
215379817
221465335
23143282
119397517
82457685
220383274
16945698
260836631
228418496
267132117
20872963
108050843
40895569
12473036
163121786
22851390
201844208
13566266
207583671
103649534
243062850
187751772
195454305
60579566
131347207
16170254
244385891
47615205
92826566
109006642
30377450
125962313
185210951
196674626
100451072
86117226
71788368
10294589
135397401
232666358
188006201
129506358
212674378
74965424
100015245
7980438
233615070
236372384
212650709
226089885
205652424
81152127
204705086
68694342
250637110
29376572
200737746
167233696
120662432
123881444
121933431
140811831
96591157
248792719
35014087
95527727
97953540
134253310
28041438
162540811
266301979
11522199
230663487
123431112
78440401
26998481
84385987
13209028
27894428
47034823
199901259
159315471
2320058
134110791
110898028
147818722
214554268
132849129
222059232
95979130
199228260
120974829
128112459
195375232
130556233
174131135
237483572
229513962
8778727
201253629
4141422
17754446
222783729
260057956
109598782
37408668
257670129
75363882
50675540
182800790
246022968
175173739
160706418
162465879
51369275
12382165
228955157
249829826
15619940
157232044
171216922
216480968
107397013
73137185
164667462
140040914
160613096
161824127
208190220
64020993
226293839
94467209
993062
201515685
71477034
17392369
168162403
244408236
202014372
189536633
138459294
218645808
222191025
259520969
136049635
156475943
166438580
218743432
201143432
218408504
66487888
43907862
114282051
41017875
131262829
234556355
55471764
91115941
213232554
243140525
253495772
254354473
93883486
248319004
71061819
170350581
227628931
162060063
26470089
13984989
104946480
113593152
184636767
50294702
79116264
165115783
147479537
30106295
17127728
179756250
91033161
211475408
155596071
233824154
87255876
185405666
200097648
79426555
226606400
563038
173075021
239906145
202851572
206521139
18746768
62415562
32196275
22413304
42660234
89361867
191776186
115983381
107553117
224879427
82650665
168427858
86155361
213329236
114964256
73302819
251217892
53303097
180305858
86008757
130654414
8777800
24671895
112988170
257516147
60871475
56687278
115448096
222447610
180910004
25185235
213963711
125090010
146381491
186031232
56813446
51012125
24749971
106217129
225898356
87125122
174012307
21130922
202703173
107126204
43768263
177790301
195172889
11683303
139987471
167899879
39173731
132315720
54427375
248464737
125431349
160664488
81683574
93051421
82814120
190090225
226920511
17645713
78947805
170329089
150117868
138231163
32956990
204616283
49151404
217516989
129742747
166439769
56159192
12943938
136692481
78213556
18743038
123169073
199807719
153005117
226440103
1239806
125463771
1917587
24776256
241383716
114505571
71989049
18062816
108338190
3812904
678225
43174291
228247276
151117762
983471
219422533
222355077
20879146
4638678
80071596
36271951
206092667
137586566
193146219
39856843
21141775
23332497
172155932
74894205
84352863
108748362
36132876
252262578
105191841
255824068
105426530
256028846
59566993
161574111
176388967
64394081
52740326
216486573
26369352
78657489
148300233
189406407
133107398
177097888
175723068
86141005
85911377
182421121
97236757
67544661
109837037
242659845
195735801
84756183
162774306
229902734
245806620
187922261
235763088
7104357
154010982
65427508
115932349
234658309
32327472
176389941
62982986
26312585
125377789
177876338
91180681
146869811
156178359
5998092
168756796
223540057
145815125
182299543
75306548
129784182
174086985
267453808
177146523
164036825
148374506
211709176
194033985
235089680
16191198
30194268
145821747
33293132
31244897
249649796
102701411
161194774
28458968
127257746
28196243
96478606
74065966
133982090
109747106
78427676
156663109
145508889
122723058
231641155
116149336
191574891
180544218
39506967
75964902
178626194
33949447
42691954
228546884
154316518
166524774
118744849
158096577
25347901
184633652
18204779
120820374
237122752
114082694
258743968
118016630
241133823
128341697
198456169
128652263
107040802
221043356
65496550
151128987
159383998
78795950
176099895
144686863
253658810
66759848
232361248
60115786
173761777
51946335
37551716
23059642
37375524
244049870
6390304
5732094
233941904
108184234
6861081
95853041
205975528
46638709
126338293
58820995
250664819
266700529
205169135
54320858
235291575
172469081
180589630
48635669
34010462
104654582
128000334
184414441
262589175
128151494
53555090
41312066
204079460
106953192
7380502
129011118
163564785
194568329
205552554
136159282
134397519
179454316
200184991
203217536
72005532
63234107
31944659
228362321
241673830
257714704
201933605
123436415
211596239
117706867
98104207
223118659
213190771
45227687
56449718
38657808
139572784
265584979
95602874
268095453
230028266
255241263
206796716
4630381
165497047
116823405
42219477
70524237
109404007
253992505
267278908
25370216
239287994
193518511
216021402
170785473
68516881
167123793
8913851
146914560
23783744
12229740
108201661
261279512
68107888
156357853
133648091
44889071
153145702
199342962
115784349
163968160
169386861
104703877
189647845
197684289
64391864
32703823
172638296
245904337
210246002
175367153
200249224
224362670
126160384
216680126
41057313
17623139
146490427
178689318
202653211
12950471
6328481
100770202
46292006
216227235
186248929
150890331
3477161
256704671
20879644
76943183
251034603
179891606
166497058
99242255
207450615
121053882
209064315
232906915
71747200
164745363
184779450
134298353
105417986
62308333
248478778
212960957
178947396
191297380
36922919
98855786
122251912
250879512
171937581
140861976
138445556
243749344
50148277
76877264
207250055
16055556
6302704
121254653
72440845
39269336
183774234
166167985
47445534
219561197
236677683
266587754
253139991
625332
258581839
138692864
230537258
116009831
203280194
12213344
119312264
213676314
255606270
263365143
176411798
128595868
161319714
227092094
97638893
261333997
98698553
184969300
17722562
149614672
172105065
27058008
12297109
24380664
199716128
65009372
113768402
74380440
59138009
211034498
170365825
211476493
144929064
67767278
152844361
46905890
211587819
207426543
168732925
96606177
60950359
104954287
106135414
184641448
9841134
151779481
146387764
126600769
140269236
82640493
68422792
137476411
92825743
240006018
192011500
151478321
35485106
90409373
114260867
54045216
74968201
72665560
145984387
61342937
82282184
261151641
267793975
102307580
130730732
244513003
28982060
264475755
210179829
162625198
255665283
164293151
68263497
209251562
129496519
155788932
185796828
84206912
113067595
111425853
150157913
213607972
161656951
121441744
226884456
118208628
237959272
221616397
5254487
20948804
82941889
163714277
175402092
120732458
55482686
76607892
7580886
136713047
99779216
151297028
40312819
42785241
156456584
237966342
140075487
183449456
258605040
93938447
17075634
101469704
164267513
42483780
48130391
77837958
122047898
39644121
56280895
218974322
143915678
132569274
68644318
222140759
103438553
108624501
99801405
192686421
41080321
45670272
123931053
268058401
50136626
61047427
177910842
18612182
58085208
88301805
95800173
86484561
225719044
102186450
27304520
196235829
266688929
40576598
177369716
242229721
133284035
156851055
250195252
194790381
254142978
251790973
2154246
162428581
63856631
223366901
236860399
53658496
56553754
146802882
67764489
217989047
63033531
209558402
39145563
38324051
137923904
134702852
18103590
64858858
122971067
143406721
180035108
174808913
104991722
128265530
78632058
72626730
108748296
92726487
252736714
115870741
173208169
256863748
78023330
211669171
210213246
118955110
112916727
182391017
257440516
193619849
242258695
257510288
261491617
221992902
112928776
70428466
142490811
195916467
168606883
241278377
111027346
13787557
83255564
121375051
150877269
143928429
168551870
19514645
47773775
253987981
149564343
162181137
146200389
174950609
5708210
56267352
72029808
179535964
87813739
123723035
155597688
78202717
99240653
204571484
222453666
176195900
201792662
191906201
28867301
196987328
91980733
85543340
127500061
224523331
249751594
78279038
234633869
63804894
161532328
85378289
30618883
52029182
226604249
86960320
22111566
246501782
17373440
83262725
168600020
59299351
179748814
36077900
213576628
245437291
258151450
99917649
84324509
147574184
141531914
105827647
176640985
114960351
12198073
250352874
87052477
154618257
150698844
34275898
215247390
2456860
224192
252479963
229650042
201049311
48960076
163803190
145972739
27581775
142653841
46380529
83539542
206052070
135245417
103469125
11798395
206680468
253237392
145714694
52038244
85103987
165888816
67819459
190415800
130895902
158923632
244152649
19036272
186882623
167457303
128126264
94090966
9050682
189571417
22836817
12489297
30282240
55574393
7175263
232061968
157001110
251011665
168530309
220237808
162094606
217044119
179220241
209903231
213520977
37520250
253976261
214367210
258835042
261182907
10793458
197026455
85411508
142552500
113880068
166736165
265183648
52207139
209858209
1187532
151587863
229720373
109461714
218770592
18015693
161652838
176798580
88228199
259132218
108257526
222698605
150354638
257745761
214729004
141241937
25690140
26721268
209286448
198210667
65349604
116644258
155078716
224059272
163058140
151737010
75318342
45499602
183733830
78035826
248395778
246875294
174387751
193136506
157850291
115336265
158362409
258463772
262380599
58521462
186362928
82123751
31624522
36305746
61689982
161589434
83174267
178192602
105525037
203968277
26817979
50326382
234555503
988582
191460003
96282124
175755799
154253576
72628171
127969093
65075104
143833544
196087282
234211819
171024125
259347022
52228443
225536805
23357059
77895796
226135884
50317572
38845178
210313049
171750385
197460537
12863695
146885459
169034906
196308709
187690413
87506552
199369843
223561499
204981742
30380251
69046691
183478831
251802447
40393809
236675809
180386656
154687341
57155781
40887472
236363043
196964229
79731553
38396234
11652224
71520151
185609996
209264530
261924900
92030326
206375479
170753794
139273025
125826937
142552061
166697860
172543583
154097760
220144653
256740191
144954799
7220384
236550987
168376363
149411210
169522221
74334989
25715625
131573413
94952883
73676351
60307836
132684327
63270176
111051991
172694853
59947168
237588386
262113738
137489022
190520621
179706521
239977463
98792273
80180564
74915326
129582257
236426006
219512184
178627493
177414717
80376818
107557883
29948619
187202226
259814102
19816600
124580872
186667534
84512671
190228651
212124741
241289712
110072059
81941953
195878583
69838024
91076071
2796493
225054093
136516104
223637390
138701774
258984849
50286253
13099248
121230533
167127599
58171008
54167252
38124728
119316019
50378799
68564756
198188953
107017938
45164996
31472449
205025095
25697691
250397510
123423141
61481927
132565928
6762109
163926790
63758857
189477363
132517216
197284306
186169779
247830008
133636495
117150837
9690206
56636684
116951728
114060193
238376032
237655310
199920044
2108007
27071911
108831504
131284808
252649675
127092779
191290025
19525883
21103267
29967252
107758169
145399330
76836633
37128503
76109719
183547588
188111904
127943444
33037338
59310548
229740008
25066647
90142421
7658787
250639486
256159494
230421326
66476823
232762293
92417082
170833418
8904351
76320074
48976197
215017617
234418064
76175202
104928313
166505658
145157284
94764739
207356742
217337885
230608402
218838717
160492401
183214815
231842846
226039772
188300726
2272868
189813642
243218940
113754575
69921125
11828838
59146150
162350588
6501952
32703092
111271136
141008723
30524346
206097031
216135667
60659814
253849809
251928682
104402761
126235064
180666816
31258899
91276891
161531852
85846679
181095387
160827974
113146851
131214618
252669294
42390338
87816636
94961448
60532808
123084777
145683797
237150950
254998902
157093273
110838401
9708854
86498164
154251860
65778209
95545546
146916895
128724632
58619618
8519740
137733489
266440143
118058616
210422023
39564380
3621191
257617136
268146681
65061550
17307491
72017583
93934686
78823379
224037717
156120111
82498711
194405604
36941946
237339906
204279258
232050667
62741205
36497086
172280107
149234761
193946718
26776350
90469872
101503391
253959806
110581824
50722807
227175693
237627786
201930059
232859734
19126746
262395190
75180574
86250968
76473321
71983995
31629521
258222811
109437401
88905641
59774028
66183206
198162539
147684131
53073461
267018108
223510199
76203431
70999007
245028103
191389942
122549568
98467675
256966237
221430328
130354815
49071638
227068686
35027052
155578444
65597459
124962571
135218042
249317685
151303486
199072775
253083575
152882206
30742143
206910330
65242244
176799219
11521674
244767027
235040725
170043179
244676396
255350875
150513069
250235829
209781582
220704859
258248668
157755202
207757779
97071280
204754552
261884717
257119778
222940215
212861046
71197221
140292910
56474590
77529462
200517371
260017728
210181096
250627009
48298672
93288685
163594758
18936146
59062410
31692476
56577792
201698773
211072930
222383179
173941509
198792461
245411395
238992800
118020624
74040078
17861718
122032739
172738152
141640525
838357
11469596
107262872
58667202
37308103
184702492
147042861
114830740
20111930
175386104
112620539
173656158
43778475
86099502
91003779
49840382
217262051
94396794
51680228
152866475
253587852
123700717
261746593
61707152
166129872
3503161
204090558
35014810
23578589
21257084
28141202
225744044
206479693
224127224
242726815
250874248
162210052
250181919
225119590
84390612
197683390
156598126
22401757
6460580
199760606
15993002
248089887
170685848
181155442
70328893
166299808
189048300
237739544
76321573
42834677
65782497
126161624
27276993
98217515
91516083
96225651
126361272
232267976
262809491
204294073
3218143
31474053
4546771
160133223
60836659
82120050
126490480
208513991
29737280
115174398
174883443
114156861
82237385
185212354
175888428
11095369
12822531
35276131
85221083
187048042
207584073
7940668
74257683
99280190
42343968
47333990
63241057
75328860
182121103
38786386
116915431
25696213
90516737
181780571
69464338
223771319
15501850
49459674
259921980
23388100
78374767
212629575
8652840
42312783
266044838
2757880
19202098
127366663
105785322
69856254
246452527
130088677
196407591
165750625
179384276
241263896
25112500
40242600
207261335
72964460
12295315
8456617
156370748
218418955
155872806
137407683
235473740
217930884
241125980
14691384
29024923
85901818
154586354
29133797
109506715
4833134
160119031
73642672
266570799
21727627
192886380
222411483
246393122
145082707
265220414
19582422
8611546
10185836
66860483
188768047
149390590
153629742
174537306
264153070
50479976
192557317
54659502
240715893
184898667
224487383
180092228
173973168
173186284
168227835
46161953
171788905
73213241
201678259
39347754
140116453
152726095
239347958
206750812
236869885
149971369
158839455
195331086
241849107
182053788
47546773
259830776
87077522
238570895
38869131
121808249
7734358
169974365
19534679
104162090
195361835
154124554
118177065
42705519
43472875
263016897
208660208
52989530
21874064
225744700
119345689
92143297
174597975
267431063
146355155
36592552
28612796
40982021
235557196
184246049
44694603
158267146
165770240
78771445
202451035
260144949
121509168
38004820
84960846
217638627
83028733
17805996
138362948
76708389
119867566
227465172
96218595
173752750
233533236
90546725
182531041
67519157
150398530
26972025
207235915
137535535
77576919
137948250
72257753
54062640
21485119
265773952
221484564
159028687
194712313
119166461
89024640
131951753
203938266
58175177
56248711
267865337
19101502
112782792
913588
263853403
14029665
159598751
11516687
219796513
149121866
240172379
254694117
150027419
73016071
227733599
213400992
140996277
264764071
54036823
251327067
69687607
95935923
147890572
85546610
19523419
117405011
67726080
193426939
190803016
177071498
10604480
119935055
166465098
257897266
28660914
86494956
106113189
86080833
221318805
127918916
262326381
176618645
39609280
199502887
150283836
6853951
145355286
138765929
67437080
102663676
94970884
39998473
256465523
246831160
143661242
152134186
215640408
189875188
70163428
177231246
30872247
1621766
42066711
68902491
67425921
18443300
202405724
25953944
184394203
122974202
99274636
99674956
59330789
58127213
62324652
222276827
154878888
219486830
31504642
90695867
67343557
162617072
58479455
39237138
187050321
141690833
266054856
219406101
154632134
140975883
36104201
174933344
79281025
120986349
57459878
1466096
72831355
8974351
211780791
190007628
258160075
248119156
29629494
246987729
192103204
88693034
61893300
188615935
232142054
21103253
109950445
235855228
232318548
194996336
135729883
231970516
90267324
244749710
32977274
79237303
28554685
201711215
183808313
42656783
198786476
197704416
103120234
157724161
185254502
19059750
60208139
64175308
164839338
20857963
257065643
202465410
94516488
20277418
27020173
228233752
48096856
36188142
13418030
233061059
67411213
263690949
86529909
112249385
215151935
92813812
31908421
118987276
162474487
31661426
262092449
4721577
23620610
243284262
241709264
46955756
63894350
68235874
125141846
173355213
40717809
199145759
262268063
57575920
146827445
31423324
57200157
255569573
154897650
90050560
47042367
49249795
32365871
80729054
114871767
191565178
151604723
70098282
54136808
123321137
257126797
198298270
260713152
74692487
255090153
257632607
99149980
220016417
41646502
134229706
174942720
107170397
182989531
239072055
53211769
197180334
42214962
59624903
73116941
139299561
218559800
33417117
21738364
77180000
38422915
238093701
48870019
246899514
29680786
148046633
258551244
12581665
251716374
180321574
264881122
162999341
222276140
187251220
123521341
226113547
153232809
34025065
194295424
21418238
117635394
98696530
168215776
122451758
248357341
38489711
241826380
131016090
183920375
199156838
109504074
158367204
97371086
181228826
150277162
135338123
17249092
148838921
166644440
135875628
219501349
164590779
191114640
127807117
239745709
67740432
195219425
101252385
133824074
151702319
163616899
170514265
254544644
164284711
262850194
96376716
157549357
93646878
101157692
138320820
63803761
53419072
6289260
169100036
93746124
222930118
109555891
206347163
212673877
78458067
60636662
58144437
209014442
251370433
55641168
140165667
261121880
83812878
236646695
254230914
93949223
153103405
74574649
10421615
128117517
225202381
76555978
78080306
97532416
68626145
238779152
11356571
109585773
135075537
194450495
97181946
32715617
13635652
239494346
87009503
232599281
85379812
81707117
162987941
161605771
223000265
177607317
62567243
208383079
46690211
89540990
185228439
50866087
145439679
32111253
254852716
62020872
266445017
126467830
182732820
42690177
163108077
86965846
217542040
186654179
92851960
54998470
172721258
70907184
215138191
67632818
26665406
49847322
251659289
244606908
200271197
67690637
264005080
256408135
210887435
252710251
107308531
21172707
204121195
40743482
167729294
260928480
3983879
206251821
131923722
204736587
231126084
148854076
4742075
8841684
238964286
214295501
70158635
227125406
188694449
265737962
161697768
70354482
9851187
50827899
96361024
2148287
9252279
80546308
103644804
62758890
90439406
44149221
246464996
210689214
56494916
214030208
146484890
593566
186876425
139867111
132612951
53324939
42051983
72655554
32987759
32888949
129120096
233735156
136856168
252014027
143330572
93152998
218308992
199006593
32106436
44247177
33931240
149328295
185645256
189202700
114145770
139660051
59342157
263800816
193650349
188283696
86164437
31139481
223412337
169180249
69548912
182567940
171303842
54868425
71763593
64447781
38930207
157886852
62110668
118288712
42164244
147451449
95265344
263508336
25232647
17044073
24423335
15448794
205024609
264776321
216185406
215993592
220551181
217381358
128455413
124548928
242191487
145877636
58494141
106249798
192120249
206238667
212211212
107746961
83001989
124474424
48665143
102743911
177666637
88683850
26055783
17823494
26876432
113713986
265816843
141005099
200485539
246493516
179502088
230403678
228560657
154391761
266548578
56679839
28808940
116489940
145739109
221598271
119424640
104665305
241947427
82225096
13355811
133829093
179818595
22488838
264290651
213477861
69829047
98115400
257261520
247549126
27943498
261814808
264706375
228675875
241914020
48140220
20867002
185874322
110201495
235595372
92267534
153048311
92398034
50645992
200320183
25581937
11641611
114398381
251905937
195913612
246871759
130813744
56108728
132404555
108182901
243916126
183910884
194729665
248051242
31693473
136875964
67667579
78211455
20155566
260062253
136683728
196280519
21347629
58609646
78734168
250483124
210668223
183229487
104810176
52475609
7548300
216649702
199773255
116038319
17101183
142134047
220342196
217035655
36267079
262746120
119474058
19447755
228871617
83292319
92757416
98812446
175408582
121232004
151608055
261626975
149450921
262857223
209574762
147570336
176966435
135047182
116008796
141933356
195388319
257057839
8904571
266369310
228569176
25784187
179905271
120075545
31492400
86561628
137783969
262529298
135766393
137762330
58811894
218722671
24567802
165252493
142355799
225210959
138533524
38428267
105284331
242874730
13302437
107136694
142175050
190157226
115980824
68985107
195982681
227341656
139406853
256517009
194013376
132772526
177503739
87292993
3454306
2473609
267755108
253773411
57304701
210242698
162147059
121291492
264420147
76100969
226435590
133014944
121981540
5067579
35395878
254172544
50294611
29456218
119783535
80691481
221841708
122361167
148151851
107317851
83226831
46689796
116957297
193191890
100348904
17164024
42069830
193302941
206628663
41802906
30515338
194913999
139842507
172822613
173981002
140470380
145513542
40103684
143226493
864414
60691127
211330211
51447752
258207899
54882586
241062462
233280632
20252918
54045408
110237709
241126612
18223716
60435369
21708653
174929047
220756211
159720276
152677951
245533515
193472746
148801068
260893115
27134308
2329482
116053744
131127269
123875837
177111781
88110870
206557070
19042029
125283780
15007207
54101150
114659565
190920561
194953221
44959546
170786538
218471781
235986751
205805650
129185964
254775573
87416732
6702831
217995150
31958328
130581256
229532565
60294302
86797182
91019932
31251627
267834314
222661053
65118149
229181990
115698694
35419722
161217006
44353572
154980406
5694485
163200895
213346175
37558665
237289177
134408446
96600895
209603795
176535295
229447753
88519100
46133567
14687491
240692661
9342289
116201439
145574270
211815585
8248941
227250942
12802022
170537421
138603342
182743319
203884146
208589373
32131316
121399061
107275690
134784203
105402009
99813846
170980442
169300071
126976956
84899809
225902546
162238041
226389967
212868317
171230196
49690405
199681532
87385762
248112034
238184929
66826761
144475786
95779756
215877792
189564113
136075621
25254955
176339195
83285529
5753291
166260831
191531783
112372104
49050425
252557438
125257670
181325392
137333585
183981958
19210010
17843249
219062396
211139049
148220376
258598949
235318492
107929295
160625281
131650629
11492882
154169552
64677443
153966017
209899308
61835753
233880369
24860604
120334963
119997559
193582205
43978005
32096766
58699966
191651259
1144445
133719152
245968408
222564271
220188056
221695208
131560796
75675496
230755950
20958001
80344912
112048324
147829895
133692687
77778901
115152
196800057
173231662
204719166
70110371
133299431
175253690
59803049
55188683
258169825
22377815
116595019
108817656
230296217
75695114
7640115
206546645
58980919
140067100
108513835
60023143
57731604
95068967
140414091
45001721
56244240
35346119
264548325
11381576
58976780
62070583
78760239
67973413
210936988
126756583
130497022
230367549
216364942
85257468
122780650
230791062
98515115
262830435
108686539
7194244
138144930
136621446
89338245
199140871
135188266
70101067
49491004
250827520
125655385
95587140
33028668
64033277
87541903
88603514
131512875
217963767
41507850
225891401
16124883
197849030
59795342
172356851
208813913
3159037
34277951
264465178
211892887
127120174
206761497
253084311
43512583
20300330
218998668
174187609
122050528
38424637
250417139
207743387
228237331
27048525
263240164
2967621
3378598
159413701
119991570
218037098
200865660
234111082
44810141
67256195
56863436
176808354
67014191
118438609
33415621
157254862
210411084
181715190
182830554
166002653
146155388
12382957
148561119
77733305
222866603
145178255
46938993
178661938
107150164
174565494
143158395
240176756
253882501
82555688
250059687
248673084
31750238
255584257
243772525
18112109
164116268
81210413
107245636
158671045
45515743
146755361
87349621
7330419
195146206
224875408
61356078
224583394
1219283
41590591
52130559
206503305
187279976
56674068
263952892
224620685
234292837
256646519
94097308
60023079
217594649
93809968
38918540
227898158
50434925
28140860
248012545
196057789
148940003
230971031
130792289
1255697
93385104
233172195
90221070
68219369
204393217
155530865
134667011
262425784
122616090
240366879
111897226
177612123
58805717
19615634
48232076
145676446
5432861
45781019
197718054
189983820
22333381
159463822
206185959
112384230
49743302
94313575
197051353
134437525
2382722
58099369
213525181
75022420
135349990
23389577
112570668
236531461
174801829
41668373
157455266
174475236
200550322
43677370
197644506
19457445
117687027
253497867
55571692
56210552
244985315
166025487
172722652
167268374
158587930
24636001
166327411
205015602
97840953
101280181
25347508
176951780
2897074
72457453
232950894
125117415
264828700
231089869
14777566
24058994
161466193
237228045
183464832
145229891
236494598
10076104
163862826
266397991
242151094
4813513
93547201
117900575
265637161
179313576
126988515
107703352
80316858
239382874
244583964
37437508
196394600
194696720
29460485
261408361
22514757
129919043
191306301
134094185
175638014
161809399
176753039
222408887
73411738
128866198
244413385
188783699
46974520
142744515
135317943
254383018
188717256
254731865
193742767
71567137
163433108
239273579
102978567
131880693
160285068
236919789
147288022
3529260
28362633
100767084
67362953
166982265
253482464
59263647
120210616
2028480
212023096
142117466
227123856
176878721
215356309
104667947
229953765
215599767
232405688
94934620
6114199
159323490
212645976
218894579
26147907
37745354
119101054
150212001
187000619
41226037
259152046
44950859
223596119
244624931
70242535
217239148
223166240
42109258
152614931
165323021
81722097
112326026
261074533
224667089
12268237
139104543
194897540
168598172
29500712
171665691
206447728
89062799
208131127
135196580
187618721
251619585
238547414
113006393
149137394
121362322
231636832
198667794
150186472
243943844
258243121
139806268
189605179
160010655
249904072
17050179
139229867
226230606
112897266
252056116
232419337
177281709
104652540
158253238
170777405
16591092
80475382
13018630
158210838
105720531
162216192
43409369
118677588
254816534
183305340
241810971
179052154
102550804
258361666
212875573
157403735
114975284
81206952
102290469
240795596
226006287
99730247
136428760
230988059
30198242
242973003
42779617
204938698
110811777
102344697
23618233
217611588
236497409
165130659
87198145
141033974
187656117
12204320
144459708
70610665
246646777
268056260
145203264
153738309
212378285
53459163
251643449
63960218
92895985
175140586
132835537
132113208
144406167
197357095
219798028
103161430
239216032
241752764
174190187
133104409
177494661
37611229
241768941
161609382
188589401
4044782
181808999
219820341
260183477
89014509
190790082
188728623
69107127
78644027
73800283
78613097
248233904
244481898
200257443
64282315
82943075
33198121
191796902
211358594
229794126
240128972
74891296
255884004
32155076
138089518
264731997
175706667
72023883
8718920
228335704
260975510
262563482
219781960
157682694
247988055
247681181
105322390
5972383
30482493
223280185
106811204
243467032
213797075
70541519
12893843
219128483
84892651
94668518
224232292
186007296
230713667
73444379
245612089
7716880
91576818
88438762
28129886
260441464
236722433
39941313
209867867
154486608
200288085
250175665
13970311
19766164
220446092
159979809
128137246
262900168
250851922
258616770
140939141
121721778
48670871
233576344
181557111
137826391
17450270
1698964
166957155
164060453
197919275
169397109
73651108
239149892
203314970
220167851
53452206
255098184
214979166
99782783
22737953
255228253
87984102
51092347
158736357
230061000
247250261
207981357
48048865
201349635
124765302
73332688
68700044
798047
32417949
56863979
100538554
192025092
260531916
12631190
157851583
177600355
124828078
120677235
209744818
71025606
110050841
211914959
258770792
244772779
147617006
208701020
221878338
214696954
254824990
128028580
82502031
228749341
196654612
119902080
230426008
15491286
138462808
153676566
230440409
183405670
175339054
226420247
195619740
75112942
213778504
190332957
60834893
148817567
79944045
110773917
251856877
141669300
168657001
245609999
257048153
160059400
17830270
5266047
83432009
209671621
8811224
265653635
50466624
175364080
23955525
261184881
161676760
188819257
64035988
190191643
144123873
23876340
255700274
189307510
126743352
153920051
164673680
253132311
2252968
20232492
17243722
200432206
208626943
66067209
204839039
99295163
120278774
56425790
97754434
3604192
53478076
102202900
123209025
67711236
5040938
61375945
2398467
212753128
132313077
126580816
153226882
46313731
116446916
179242011
125525036
113757813
45954960
263333845
176458611
155179755
182402551
43123958
149397069
135947951
58280749
126963153
264710884
249803087
73821137
92360361
100324885
101060051
28144908
107139336
15378797
237636203
154526859
99319128
149743218
24132184
241213843
138936812
232367458
55403467
136382536
138343111
35908151
62222983
180519641
139855267
77551872
238828332
122382104
139837366
159519765
62392064
206010943
153446827
156189035
95526734
5142062
111976570
147889151
81100254
102380866
117173225
62006277
170232219
146208843
20156826
81892178
66592382
258052444
109027862
203046764
2164007
199544579
26651657
241210501
214879370
107559171
250551881
85005145
83943975
143226959
57795373
36447247
190175208
108007128
98597280
133077631
234455263
165761176
135607454
43338959
175590251
190519440
121354057
260845279
82787610
65866781
