1064518974
894339338
1036958429
970702574
990427377
834021344
816767663
829323356
1049767523
949329957
956193673
1069678908
926177299
912968258
846313485
1028782311
1011273094
980378939
881228212
991745080
1041294538
1024379563
975030520
845512790
807373670
848987421
974526098
837510824
908206308
922352716
934053985
855130419
914273233
1036093212
1068759932
830249059
936747274
848815822
931716932
989389754
935632387
957495713
997908646
989354955
1053468694
1052059853
1048153430
1072569251
953780010
1073308200
890027750
1017146401
1033614621
825334036
995345954
862407416
1064599856
877721690
806484323
839623215
1055918042
818992105
931076675
894495108
1060985132
899032828
828538032
1058959809
811888015
982456667
870403856
1011668503
900445479
819612810
888449536
1005022565
1057889050
913545325
881073481
857660943
952383743
933280893
1072504970
919632496
919751502
927562260
917041208
974132327
811830247
1000715144
905634024
982847913
1002399025
1011544804
813517750
841748436
974861793
968292509
1014738617
988332625
1010813441
936952655
936816604
1036918677
847155444
945284157
869369918
925511929
1049069256
888201023
1053705525
996128460
1049062419
861192708
1038031509
874398264
1019305610
897856474
916567510
992945508
835272613
819660849
887429095
893475427
863186743
852575157
987238181
869126697
856282800
967955090
1055474513
998431655
993193630
907391413
955987656
941913168
1071642374
1039761693
1062745705
893025324
960212557
825524304
868304928
855846718
934342704
872283174
911107325
857230302
828643170
929095971
997755045
1060298677
808461311
848317111
858264870
877235244
1005676477
944566397
869047138
987504665
885693612
980367523
1028452535
836652536
813850227
822456326
910399523
1057163858
1015657648
808317499
811154028
958387767
925922433
916706631
998591178
973270892
949792291
991478246
943218840
1022265305
844648637
975871790
959270904
844309941
994551699
989174360
808613515
1038928981
986464100
898248287
916126176
880700436
843210749
861623708
916965644
995576769
955898525
898067012
852408404
955260061
895385784
808203035
969597708
901004508
924974044
1066184555
872043878
963381282
999629381
950844717
886582770
863824581
936101891
1028890964
832879602
888661113
867281527
945995049
817565483
1066511928
1023189164
858267780
868491291
1031187663
1072515111
1015142238
1073026648
902943371
964831611
820795722
869375106
900866070
874467388
1013407100
1050538149
935415426
921299079
904995245
857002854
915360255
886385567
926059827
898010061
903992709
910732835
821698193
1008536332
1031293001
812256118
838931914
823424282
948466563
826328393
934675219
1009585682
913044093
1028873112
980459842
1066959169
1030654068
912195352
903952713
1037613636
841720098
901933391
965961298
1060503681
866938955
937721433
1044107678
807130642
1001114892
983691149
914058196
850998959
854438841
938303817
930104331
1038459289
814692863
844909279
1024736773
1007776695
927325749
845229175
999286565
916935371
1004949151
855321718
833020324
1036411691
970712766
941621675
883891232
969418906
950284379
945248751
1008713743
968810395
821082204
973781372
860081382
838597317
1033165702
1072905455
938253137
856889237
928724725
1052175082
996717771
853991518
942785006
862761409
976962639
1062561347
907370020
1029258441
909702031
1045602259
853896171
1051603584
891323301
899130075
950495985
1035190406
1038856127
824190614
1068825318
856232137
806593606
873409142
814718478
899872446
815575506
835937850
914486909
992475586
1057160085
906155017
928668190
1072185708
985491359
1028152189
865244840
826032182
1071788324
814700288
925442497
897532097
984965592
979061512
1014974892
917422227
812972808
953784945
1047365251
864720834
1028065058
956568355
912313473
1027244547
1047638530
873365836
951535267
989562025
1062474131
810489826
811952877
937048526
1051118584
969938571
1004692784
1030219774
997576588
924677530
834472689
877924781
838446327
869453494
819635266
906416719
848685875
844497339
837880742
920141985
911980913
1011363111
954313115
885004981
962254385
820335838
919402346
922597077
833717713
952543795
840043126
1000079468
962768557
1050177055
1022710831
1018829576
806277651
1064215991
899528482
1032808832
1031470095
1064391626
1007620708
953337895
866697749
954442521
944482110
863605931
864648928
1062140197
1057286595
826358062
1062796507
847672984
833092004
1018563996
1008153581
1030383229
1053812519
1044876387
875546954
925197428
896678575
811864562
921277714
914943442
866634367
916996628
1061078575
1063210116
916350995
835938856
1054706199
878940218
917114138
1001250677
924980240
973745336
1027405555
1040917211
975864878
945060863
986738650
868175839
1004247239
914024131
936811916
874884187
882621836
1052817859
913695169
841377092
805814064
1005389563
932967546
939716396
951284302
999136453
913595533
821909974
891052538
945998828
966697843
919375347
1002379370
852912807
883242019
838001771
1005847037
835074100
822213812
935507152
992390429
925273588
1066687233
881907781
859355229
949338992
1020805522
925148510
869856326
939343360
880769860
1065789430
900375647
906003839
835808873
857876018
889289622
928547060
965217343
822120437
878432679
1068378443
869244264
819085561
961815519
1020138595
864297137
1030199922
976706021
1045544391
806837946
850570468
928117160
894760001
869716726
888053225
861047203
953275243
1006474281
989729874
885119395
1012040969
990267616
1006755014
1028620050
1068750581
830223703
809046946
1031609305
983416486
925850854
927119364
809129515
967695570
827072399
952846351
915197550
859961015
821438277
999634415
943001804
844490101
845022283
1018255465
877126631
1069627192
994822138
1029045400
850515517
971927552
952838005
971416192
1062737862
970090459
1056871191
984209968
848103659
1016844241
807109552
809832475
1041815183
919150100
859557314
1009756137
861546606
1035959291
1025300840
973268637
805559056
998228177
974455042
854823632
911074087
920669899
986097255
920986374
954698211
922178983
808573008
830994275
868116405
906520692
1037507947
854186951
1012736866
1026852702
944000046
805443316
852756354
992858265
1048451531
946955102
993662997
982830744
1024230383
949800578
1008200854
1010354435
891310493
1041583572
903087767
1034440668
826544831
883045337
921620171
806637252
889669380
972618537
933330038
995746530
913097059
937160770
1048242147
928551541
1052944378
893710149
1016848513
1050863999
950890300
837708026
1026029302
930336093
936389317
949502963
1009238391
969682914
956701836
953371724
853063048
861950914
1026401671
1021802894
862904666
863714832
1020078230
866682422
856238115
1020943808
1030619818
955477477
858071394
1046628038
823826782
940864944
1054461171
892529410
993066203
950574787
999250984
941330855
1056662736
964662166
1067639874
908164769
927914151
811720913
1054271276
853624818
903879237
846749234
933839781
905163031
957909004
1055845778
853872923
859367498
873086750
820211626
832790421
841861830
859516617
1024040821
869229467
957359438
838671734
871124337
999813030
957019251
1048959073
901865207
950931095
1036135740
916878328
1044939755
807234405
861729437
1052749369
928744820
878761483
977784713
813351953
1044801468
1055087977
886311440
1022334237
987803377
900641668
1066198431
1025996981
981768790
1038075061
954719081
898844544
807878800
1039801112
990902369
992433053
1005639817
888604912
816977259
805584306
805546364
845163998
927179982
880174190
1052949117
813916250
818319941
945719987
806476176
936844310
935612096
1008705806
878245297
964199383
1060432796
1019102803
1034588904
1020425310
937651005
871734046
955873072
967810880
923398152
850883356
1028102223
905845170
963723166
976880449
1033039469
1017573397
882283465
872854960
915361448
949802757
900578726
869449537
1035811961
923924317
1001471035
984168630
1046354072
892938876
873772746
849431011
964974921
839451557
966641044
867028105
806317736
892947628
875538378
832120601
982796922
981966238
902442209
952155230
920411682
922431546
938036513
1044404745
847641607
984903755
827711603
1043395024
930224305
951377784
1072647814
871395706
929755635
881450351
1007076641
929459289
831348633
832320890
855959109
993454709
873382607
889091214
1038679163
915596077
969362668
1035627097
938881172
830568952
1048667790
904484321
948532253
927162001
806669863
1020156499
840718055
839459707
814611208
957346648
887640876
1033565309
813373639
1014375613
836219466
832654558
841180309
945881082
835599633
949677269
971110305
885129810
995070560
873898315
1044806134
906306793
1024313390
1067419867
1034474283
864851769
842474749
829193472
1035343829
993996605
1060702178
1057110252
941512142
916272630
919364122
1049635661
851705327
1035459148
1004390320
974105331
898375425
1058894797
1059040544
1055209758
951017683
1001567628
1040971415
992921162
977716658
828931291
984678771
861291844
869920670
942754017
903010296
1040776336
970242679
841562876
873622050
938724369
1023367856
926979260
1020336348
979717476
1025042053
894566837
898333891
879106289
999539133
977470856
924143390
1061643263
939576977
921314031
884019054
928301863
1059507073
1053836358
999770141
936418622
1014961434
962904422
1007678971
1034282271
828890162
921419663
961220536
851343762
892431079
1029923032
977615243
1037893423
1035278124
865127142
836263083
1061250289
989120148
986633082
935425644
870323143
988858471
810777487
979765380
805698292
811558567
913370112
913409803
880767083
1071730091
914807278
1033765351
937433614
1016696566
1007794329
928405161
927321788
830496244
895534280
1007209823
832518904
952566818
819586087
933535899
992123101
963415735
868601574
860303443
867673468
845933820
865235521
927689056
818820603
810490888
849549677
1045195695
829399693
855762882
809693462
812392761
891886585
1028502527
1031387124
1016028171
928983864
957942898
817431878
820609948
1045251058
887648417
856249261
977800672
936875155
856859353
815104401
936578272
983511393
1038540494
806250252
975133735
911922509
1032130118
881113408
873844108
992631990
1038143870
914601308
951612507
917331932
863460899
1023842580
973025323
1032755664
858455060
900388493
872407579
1070555735
876885380
822145425
880556100
934391780
913545135
834760317
1021785071
886594392
1022815327
939241971
814894520
925166978
841858125
1041627057
812799648
932396264
858151192
988028259
975324199
857468960
1012395108
957008575
868805952
997348762
905925141
900556710
1049954019
969352681
953436572
817300349
1044763245
925028768
957484710
874721739
806725592
898223689
987927267
1028110183
891239165
849348116
1019133449
833873583
886462473
1069706860
1038712943
882596715
814563533
1008404974
889048709
896755537
1067225031
971034634
856183252
1063512756
868151753
978251629
975243499
948251370
853157333
1038011259
896728598
925156839
865554420
1007759852
936585777
895029629
845491787
1049868811
923546386
887948874
1072943977
1014381506
1023468488
1000981932
1071444466
895180967
841428161
911758470
1013992716
811890531
900065080
1022369311
811553866
1065124379
899634708
1067293285
866512204
1070681058
806791333
935833945
1057209625
876787966
818095742
863870107
946134493
813457181
964307034
973757935
1005349873
964092040
984720280
998982380
929757937
900768211
1045780349
987328274
1050826361
829009562
1072481957
816772280
1039292501
1047076584
874508391
1038564806
991291131
919597351
991536307
910714399
913605668
848692051
912305443
937036129
924725588
919874315
912503396
1044320190
820330166
826470816
861310587
808520389
872707746
1029181043
912503832
912710049
844784134
1002669594
984421553
941051651
954187023
940010040
897441684
952990490
1046165575
875381826
907348095
970046423
834191397
857931072
1009271526
827743311
1004692027
897369286
1005680503
1025169446
872885738
906960000
928281731
806547720
1060585748
882280539
961198395
893551395
1024118309
892315728
985648745
861026612
945167269
875868792
981407812
911738604
984139060
934244466
923844931
904873138
1018300060
1010887928
911214278
1001658759
857913918
921693506
1061461472
906495263
850466938
828442080
870135321
909876003
1045222066
930266802
863249388
961722814
927741322
966350029
1041227261
996494058
1016260126
925543359
1053922798
1033632278
917079835
1070130553
1040023195
829607341
942314450
944718127
968945950
956518368
915270136
911504571
1000364865
971506645
842606175
1001718472
879049958
1044985268
1036599062
961383157
1060742509
1057090762
832838968
820153033
930322993
929135375
815113241
931700831
838342438
864875822
1035416959
1054487553
887141434
948939709
968836489
884001812
819897828
934098612
942282265
839696104
979742893
806547397
860532184
1024393496
1012506287
1024757857
969219697
1001156555
975059165
886511471
819672543
970317958
1025293696
871752058
871441494
1011861921
915956853
977106410
890757690
844389260
893213347
1042115508
911426988
874282437
1019453726
870026623
922275309
838310702
929125172
971356268
943705016
979128490
1006787900
970096085
878612684
961030321
917021399
883919642
980596768
834209253
970727521
966557430
1012877819
997404914
866509801
1017923999
984419879
822662952
975506750
987216928
860897310
921327711
968734129
973340616
1048731889
861715070
894322737
877491428
820651038
1058077799
1029137177
815874983
1034737752
996618528
920579589
921429755
955408076
1027694666
966199609
1048674797
945243183
1044830441
841706828
1060405830
935322083
829643270
940605097
824885311
1017251182
1073223216
1019704691
1025853764
891830268
1017424929
1051938534
834772849
1040242168
1051168775
1058288815
1029596853
989690509
976931361
1018506385
872854400
967537486
1053130900
1066354083
954639691
844596578
836385514
961188214
818640387
889660409
841539397
1015410628
842068432
873631145
842155894
1006503313
1005487227
916530880
970091541
937759718
950011810
976354464
876328478
1063160227
868600600
868598197
1062052159
1004571470
1059315984
1043901708
849144450
912470079
862456739
857872665
806185321
974984004
1018780992
1043808289
939064896
953154122
901738224
921643814
917221306
1056632425
979316290
958041163
935839045
1049202254
913262476
999919501
1051110232
942065965
977850209
867526906
886133096
855988839
1027919907
960438718
855745486
986329170
935622253
1058081674
856534444
889230124
884024051
919250958
1022412333
880462621
883643105
941167700
983634139
973498700
994818902
944539577
934067057
1061638954
864069906
809870996
966200594
815200107
990732159
949671271
934979582
824691914
814112424
1045883776
972371438
864940736
922414813
811226103
829834978
831166379
943961918
1046557923
995533298
1051376109
854549824
1064331063
918439725
1009849781
842542567
977997964
904039582
815831969
869156033
889824344
1030406967
1054720694
841213583
809229752
968093754
915818912
820432329
941062352
1053636003
1036380441
945038100
1071121900
951098026
981050709
982332084
837706266
862768439
884288065
1029174738
926168179
962770900
1066614523
952054348
982806883
976079731
971461535
837018620
1004833873
843230666
927407244
848548155
1016126796
916868482
1001759331
993596741
1020762329
878459401
1059796684
848842459
1072331112
1034104275
1015912285
996683563
914923225
904296588
946007617
916123905
844895019
1011989074
1050086040
1031302560
856305550
899228691
895171676
859070122
931747931
943875808
1004354559
821628136
887795638
853347401
1047115067
915635165
888919004
893270788
900350914
947311004
1012290866
845143407
981736712
933702212
992209423
944190024
1032656238
930652342
843200114
991880836
834011245
922377345
839589475
946917699
854031329
957280927
995497035
826534909
996590754
870900811
891814962
1060351065
982022107
927922387
877368460
1043243853
1018338832
981329706
845005249
1019436287
1043548890
859849370
826087739
1033583636
899892586
1066273898
847298046
880186173
826985442
935693715
934624212
852256450
833062311
989754684
1047543130
816850767
1004711847
1072992315
822867919
816892454
996941557
962051110
1046581189
858999405
981516740
1064783412
948462233
921090245
936441446
869900757
913028918
867739417
982303914
872168920
1053002621
996965987
956277294
1057245228
928391700
806303814
1045732656
1031493555
876620989
990524427
992327675
1028588851
815102851
899491971
1017470660
826694753
890339214
1016587533
1068893170
923813955
985666502
946447548
886867132
815740798
963006996
968298056
983946411
890395159
840947502
859208997
1037533383
972771119
1007860086
1060275741
1034888709
951165638
935518412
926725303
936657012
820585904
896836364
1029815106
898627008
954507322
1018912207
1064016458
956260011
873198249
842847744
811554111
972237301
874520429
925466907
983968892
810575298
900063337
880041051
968647001
962298664
987019715
909754016
828462940
872407397
964507276
927603777
991426946
1068114590
999841088
809551017
979727155
857054095
939469805
817016671
878487696
1016293626
870507443
1005747566
978384645
851342658
816861552
814776148
902555406
995899203
869993589
911776880
844455824
891793120
1072241404
948728556
972150175
1032805996
1037035062
889430799
1006633497
1041020558
1066524496
927785628
883712847
1009301830
868125783
977422092
975905938
942410124
952201919
813971038
831108781
990390991
840912997
999082474
1039270425
865542413
825454505
1037804684
833174136
852986662
893434598
875278898
860992089
1028919933
856150952
1067914204
918114947
809525429
832413075
845996798
1013020522
868940768
1053893681
1008837961
1008488630
975974988
999977768
861957009
930805004
946181699
917615213
924914647
982576739
1042218860
1045000462
1047152202
1006452029
892092650
907845106
841201534
814168283
918124691
947403663
886922823
897565725
1038087398
871084719
1045173087
871396369
883668690
918678850
926679655
841019696
1005934298
893426502
996935210
875802587
1058880261
953866960
1037760029
991437639
1033697822
867977098
1024819199
992363929
1021051290
855271426
887060876
904656716
845362361
973312682
1054626608
857083083
863181600
1011048763
938477583
837608025
887811187
890335931
1021357368
870756089
822658234
1021174651
813119752
882614913
821465979
970941665
826589603
1064588906
917164624
1001388644
1010471938
1060379761
923810403
844625519
831516383
811720970
993931306
931869403
852045505
926286075
1030009804
902508084
822664170
1001361425
857800626
858810778
857717696
890239826
907389818
1017142079
872605223
936244495
946563613
959095170
865160805
879124467
965166764
843067398
952165037
970832064
860673745
1010551337
859606332
888476660
834540996
1065404222
953483287
837523864
907425534
1057750288
1064858384
883650603
854233672
1055954071
844744895
948615284
826610820
954082121
874736732
1038281777
823364098
815201752
1061368348
1010530216
833879757
963252697
899909124
953006754
836381223
890503978
911934146
1012465986
1047976646
857147601
1006373810
966357959
807242129
1030245131
1063679283
869328406
932395271
1035917073
837280018
868542344
928354502
854009931
955340263
956413350
808097074
913230166
904163073
957895381
1036158266
871903119
877060765
951462879
1028201039
1054464293
994550979
1041218806
865159859
881275871
869012087
976717014
1037184943
974419415
955957603
822770410
821645424
886418931
925049910
918890702
841827483
815622535
1066656913
807561141
991164716
963346413
973338590
979793472
896000339
834052870
854231948
963766897
963117036
820171953
890514231
858912147
967956927
900785166
1008520072
1058627500
1043627163
830400565
841660642
943020136
957933071
919405243
859225766
1009539982
1019735779
831881139
828121066
910138977
989877402
896161814
905014069
923735015
1057703950
1063596155
940218510
831947254
956185971
818499276
977579638
1055947127
851578652
818343208
910159584
959640602
806226496
816484198
999638844
988319871
1050963260
902470551
953775843
1065102014
1051124379
855904280
963781308
880494056
950075030
896491338
1059864034
1065126547
1004523251
1025507202
1044365775
1033721721
984252790
1024169246
1052706529
976814210
923624786
826310174
967498151
1009940470
1062129151
960910609
881960082
964355481
841242366
811499470
921401866
836708583
810761385
920901639
892397621
875957285
936605879
812236944
898371962
892319982
1022532358
989096683
1050221862
873916200
998723470
950171250
831378793
995718183
994431872
899521499
1018535825
850936873
870524671
824097481
844697385
873800886
862106738
827229780
1043832128
848716517
847978352
818550076
1066313494
808510526
1058326494
911423788
1023171841
1005975998
932945967
1061345491
1004086295
805844972
960558213
961132115
838900924
993037424
916281017
859171829
1001051682
1048255015
992990173
1030616638
907107337
992080846
867487717
955398823
905641716
949878733
981951655
1044936525
807119942
933789858
962832769
890991499
972895705
1065509992
1040799511
913752677
952661779
952464700
996358247
963754331
1040788903
1019944842
1059546316
1051042219
857688354
856031349
906773902
901631464
838392929
1062789522
903577996
1050944833
936394997
1072375268
994415583
1013698863
839789246
856122700
971759484
881183106
1040308516
816903341
967971553
1025219102
909447526
1001552338
864648468
1057884493
976793167
972691628
950361082
881801354
840103213
1007198501
1015501252
1039041969
992030068
844886777
939814757
983798555
972142715
1008400992
1031497132
813044995
808292974
1001537783
825551603
952704311
1026587902
1060037774
900301989
915530387
992135029
815790200
1064145301
938668186
1059839646
977046973
1003706166
856390337
841424496
1041160664
891420280
993608795
897792550
805414154
902683032
935735301
1049651513
861199545
1056539515
988060742
889238889
1024335783
923696815
1039154389
1052304800
869075548
1040177847
897132519
1024304749
988129741
857931327
829305919
901992634
996367992
941947522
1044421191
873107527
881359408
1018159869
981199129
1053864986
864569246
895809342
833930428
1057653598
1005482160
955001842
894835374
944587716
934413584
1042651802
931678118
905365873
976464615
1032551677
949977278
862386296
922220903
908322323
932967640
1039341441
872222624
848839792
963530933
812281122
1044778572
910476786
911091903
1032478562
961993057
941917747
986653665
886800361
1008802323
966801952
994725360
862157057
1041802524
1069083673
958852870
842759132
1002554600
912089244
820830500
974416403
974275604
963475128
884204544
985290212
869840075
900714265
981576277
1064727012
1037894052
1022946043
872243770
1044926865
898706265
810179778
1023401369
999295835
859191527
946922822
1040852817
1004304332
1049226399
811034069
968964821
1061831825
1065321649
955322107
933948610
940620222
875539106
807031837
1047541876
1050612903
953354534
954676056
826965948
865958658
1059321315
1029832820
976659964
811478421
930880622
963251649
929864314
896834098
1023947017
1006698704
994900866
862965954
875917261
890564531
968670021
872412350
921423226
828077588
882468962
945347352
972759372
997813175
870183881
927342188
1071273808
1028396525
1014330924
879505177
843095483
957559574
909439564
1031529770
816454281
1031448670
940554724
987444487
1031237185
992088530
916916576
841921748
894865453
1039124381
1044574218
910896497
1014070057
852382943
991853215
856611760
1071488816
877584904
869624677
821711073
987849426
842684062
878858916
919637802
1019902760
1018823397
875802610
1066480458
811065599
853149167
809194115
811243697
1058436800
963687566
841224743
942323040
1003814725
1013969734
854935595
855052898
1038071505
1069891674
1003025497
916796648
813742468
820400574
1072494686
955300714
975142208
832564163
945201019
873979645
842077152
943377962
992368220
946075212
896358831
1017067399
1007582458
917639095
894497498
962386076
855918291
922220137
851224518
875405994
940000675
1069969639
988838713
857355646
1042519939
827806818
988285230
1057650565
961437887
859561128
961673175
1004317910
851943125
989804321
943096234
1071092007
1070289500
1007695351
948024858
951203621
911074627
952357115
981546055
827326929
925041712
851158886
983744111
961311463
973760012
982956626
837954942
962173553
927754761
970958639
918833749
842229150
993695352
820593434
1025161200
999998313
869430847
1026083714
922930329
838651909
961322175
1050096053
901853039
1002626837
1070652110
945468895
894642773
827643421
926041510
841897879
1002873244
920660597
917184613
834043199
868145565
808538397
995474731
980074064
1033409378
948371044
1058819736
1020608364
969484334
975619501
966892907
1034600530
935794785
1000243616
1007075531
915302064
895462960
948623595
810831246
943776189
957833256
833661535
1015157442
913907770
1010521385
1053749481
940062266
964489695
834599317
864378475
1034436620
806362167
961506524
1053609801
1029002910
882442493
827561713
919301497
819310680
837966052
829491815
846425945
975725667
939702591
805847350
1034738320
937256292
857209294
1060139878
1069280782
1028242272
871439982
994341691
1068683868
820961215
892196402
850169268
890501140
861100728
845892048
807527549
959433731
1061705983
843218317
1045127943
1004289225
901825452
865336471
830005644
889040638
1032070804
890853241
827391084
968555333
1051264550
963112158
1039946198
868637660
903343661
860387616
1062660142
972348607
959495016
810173184
1031680609
831703345
928769969
847458612
1063719988
928319432
1067053141
988096764
902428643
872218463
991185132
890068596
936893244
964455853
864614289
1037170843
833418867
813809251
919425500
1037406266
1049535242
1007005123
891049613
988113477
823114014
1067620654
824330686
907052137
1052946046
905242125
894089387
813241571
887355732
846048274
958934756
1057054301
1050774342
927068592
937758493
949487613
838662408
861026862
1016211152
1044168756
991034362
1038708164
1055861316
840597309
829495346
857686470
903334104
866579397
976034496
876655238
1033809767
933176957
871743070
870420420
874214494
899355705
829579479
1027075003
951687239
991310849
919234797
1035439979
822764109
1036124376
921693951
939578524
1066684151
1007757230
1061954476
1054398867
973890722
856169651
1066780044
1025764844
958547453
1049307843
902094696
851204918
832271995
1057567839
1023137952
981657485
831299668
1064618886
985852697
863013546
912287246
811665785
1052101370
861052338
928371521
813385033
807601143
833085028
924881922
983002070
1057676952
952979740
875821818
1008433144
1025728594
1034742048
1047604616
980962454
1072889910
1029237990
929487866
856548780
845427163
937665145
841906173
1053943602
948083525
963012737
869135545
948604451
985545205
984888882
937211539
1015839130
816818916
814756366
909348715
922613771
808559592
956344606
880641548
1054106415
898746090
970875048
822374710
1013032946
827479272
865157517
964867044
882813132
1018944544
1033034937
824580627
893074165
814345545
1061282530
831687021
1000461576
878351811
836972775
1007455454
862574005
852124460
824631306
1054185123
1034049811
1014646746
847431730
946986633
1052571086
1036202173
836135472
956104911
906780303
827800036
932548247
978180068
822817191
1015907293
831052460
832263605
928910592
935490369
891907043
921961454
902402430
1065972387
1024386846
868492173
885232363
1046996658
925085566
901039277
941268772
891810027
1004962345
1055057139
909445017
826720660
819080329
905241598
844791613
851104965
875851722
937434900
984702853
826727053
1003618815
989404945
1027165610
1054916276
984552231
1011696499
915174316
1073468630
898094362
1068929486
1017129618
1012504207
915429706
860157507
943894994
834890202
1071954829
1046555863
1037121802
990832894
829754591
992535277
1023623663
998289253
945202226
1040382555
1025393802
917170619
961910003
918356751
971101222
882392155
967043865
1048846097
920630657
988324512
869900599
927042347
944975427
856297607
817494275
876719486
1054029628
1056475934
1051886240
921180855
878251509
807365666
1032297828
996387912
976035062
831571774
1048580852
940284677
960621172
1031457970
932910239
1021060054
990945951
963084875
944288321
997968903
892254225
863261086
817621503
970693836
811252521
881502339
1049848096
1010773447
998422978
1066227304
1052234710
971046441
920057312
866588034
882975985
965773159
848817880
1037522228
843928992
1061065528
1061685898
953196677
816667114
921904563
886295384
865367001
818744460
821939806
978959344
961778342
1055744960
1009411258
1069083168
972698826
1055882426
1040125170
950089534
1067443586
1045739612
859150612
922310352
1033633626
967192469
970820696
942319008
1048036354
922939643
1037980773
827175796
862604037
952978986
1003061389
880710799
860218553
991110804
873082254
942971062
827010350
923067352
903945988
877451837
893187035
826005112
848329571
875823319
973053488
1054398562
974767694
948731559
1066572246
904168458
973430270
973394226
1068514562
1019587253
893250834
866228505
907853620
946663767
855195451
825298780
918211968
909497446
1049163101
992215499
872052113
962554231
946038923
902423263
990800820
1009705300
952623168
1045935793
874916231
869808065
928374257
1034507665
889824043
843573426
915618324
981433494
1018478849
876078436
1008043909
989509478
834751981
874731631
1029389993
986435892
889543616
879152333
905173193
869661639
1059075203
1056895698
839083740
942202183
819282627
1072483152
1008161292
908694288
815194224
975339274
986490160
857905200
990961125
938844328
852393392
925819170
950612194
970256300
931826913
809749179
871500393
943802049
818069960
928350886
903204836
1067806497
964753829
891510060
892472848
948263581
806381522
880873751
970714812
961314794
882919323
1028341804
1049661752
1032781180
838859841
926508418
899825404
940975780
950133480
1006819546
881028598
874724337
833458547
825775787
942807412
952695924
893127809
901784389
1049288909
933094801
1010108303
831757724
969896136
944587563
960947215
922239855
1065854000
1013070035
1014834672
873548187
1011233177
955431219
1023338313
954474644
866683489
1056353290
1018501164
908756966
1041558922
852683370
1062997910
1056408327
1024348352
1045088790
878056659
950074427
1007618362
836935813
973638004
960332663
914819443
959203870
860409694
905155610
1016283014
947020284
1012922888
1039937656
935134259
959141085
880753359
860937280
927584344
912828575
820798229
1000515536
1048200636
999611941
889774314
865010275
934162635
976471136
830396941
825189461
868894380
1053737269
1017815056
1025198293
1043381524
937921561
892627575
1040399946
1000548438
830165835
937002799
1032614607
997504109
938165472
1051015528
979754780
985913394
972265149
873060539
1058203213
1002351366
815604329
1053949646
878180027
907699178
998830782
823948306
1007734651
995673769
964110322
1046736119
899428831
1042210472
969504395
907236494
1062625284
1009000818
969873924
849177447
858410818
930995140
1056034018
1056209354
816663647
885949967
932710001
1060899584
1045307068
975025109
892436578
934271434
933577389
857717207
983472855
1006393217
1052866755
878503288
850410441
981888459
944315006
865834413
1047788651
929206802
868156733
824209161
923263938
835205074
910641933
969193433
1053696624
892210641
963304034
1002839644
890741223
1064917835
993604618
1024435634
929667458
1010117472
965203247
1035803543
865714461
821681608
807069462
871046095
1064017045
1046057070
1015651720
1038117709
869682869
999922231
893283316
1067572666
1064274751
900616365
891842989
1049855176
961428728
859915477
889195170
824906444
917538712
898957724
878314554
967173582
835833744
1036218445
897002197
908252916
817226780
908913613
1000219937
946654007
925189027
941260013
813009320
985351705
1011936227
1009244520
1026683816
1019969655
921035974
1020205473
991088262
1012208644
980059077
879225075
1022488587
860550143
1016029123
888162124
1020573350
1066620090
962818811
899858902
1000302689
885663869
881633904
877744434
1063999655
990756500
828551920
899829862
925577221
1045489445
1023037502
1018184772
958156282
850921233
989089750
811514726
845212398
870807109
967320431
899386249
1037325975
828263996
985366923
960296673
870871234
1044552030
842866377
1056615378
880225232
874497690
853291355
849551246
927657601
852083221
998532608
995116883
893546293
864909742
934619212
1069727225
1042117928
1023553906
842898974
876602111
810381668
866200956
1052555443
901218378
1072794821
816610932
860939037
905047135
1006079988
1042365607
946392188
1025243066
943683244
988991532
1063112030
878794062
967247873
991571125
1045601745
979235473
811253042
999459547
925057594
1031224661
1004525917
874911829
968744463
1020587330
952029532
1021162982
996971559
872280355
926176954
1030808180
971832763
896353501
875124603
950960219
983676244
1064364551
1013791859
879669893
1021415769
826606914
919075473
1055120536
855861088
840545781
1006634797
838974787
939026967
869027442
1051691932
952715656
1034396534
939105374
1054758403
985802989
994582769
1026350741
1066635593
1065851560
933697339
1016940255
907416476
979324369
1019483456
857706606
881391447
1053882717
1012177376
826672920
813291327
942372107
808606602
999319754
954112588
836749404
972885557
856592327
923688334
863081333
999738983
962678555
1053561040
884402670
870581986
864784302
991298535
1044263563
928887776
1002768854
1064729858
986510472
895371625
838140300
943183890
1010317994
907325885
1012476442
924400473
856655123
920171672
1014947380
985557875
1056642377
836224516
1073366885
832538892
845139418
814577784
810827625
944487251
939831140
840322942
807772598
938773169
978361694
940059677
957656771
884922972
1034901792
960792928
807770662
915873408
1044276154
1065024962
1041714293
864862598
1013571305
1039331833
1055891933
973772985
891170068
932529833
987779621
1052679181
829846756
1034377331
1034187780
810805914
906191172
843038966
897130925
845437024
956550096
1011299841
859067486
1061351893
967830356
1020756483
968742525
913621575
878669933
920131461
1067576666
884799915
1013933562
1048998745
834756854
818855636
1066708757
931129881
1028184213
919340839
972845225
1021498618
884614147
1065618362
1031165777
883086796
1005648653
845252565
1064214235
1041022109
900894013
918108969
1027958551
926764105
998685028
1025097645
1073388566
995904178
970002758
902036969
1007906820
1007114465
829048176
1023533661
914043102
830169918
818260127
812775396
1015183577
922794218
904067890
981680674
863895440
884991259
988977402
819221819
873347109
992073078
1054685921
902847088
869254325
1053524759
1033390858
1067492653
830413397
871797666
1056348978
882724782
943239180
852502201
982199573
1061588141
840124885
994984072
825868983
1055743146
927369063
1023714654
849536616
891209077
1040091078
1029363010
1020177202
988076043
956829220
808126395
929110928
983472275
977005864
887373274
922371989
931709919
1021462520
938773569
1019351706
893681483
1005820609
950183145
991654132
1000495029
924725252
1056679554
879246528
1042992058
955015186
951629382
1014335167
962434045
871648359
940146518
1039782085
941113654
1002177486
1056209408
865794233
1003482094
867123953
892982415
1043727884
940711515
1007397252
932921906
1071962886
1024550775
840943140
1063436918
1061445852
871885374
970889255
962108966
960493595
1000086580
938125341
1000533408
941291237
892129691
1018418965
843795880
1059588097
845765668
810872185
1038981105
863531996
857108760
850264515
1008226133
906822332
808903128
1012126954
816706208
864750285
1037398959
872318151
879719562
989869867
876008148
1065593743
979085709
1049942199
861939155
820528258
943866907
1019258635
1071006426
935986484
831894588
942999131
877895666
889564240
951481984
991724475
1023506756
944052338
1071241158
1044630352
1046359316
808290571
842673756
809317454
816085580
837632413
917777019
1066663117
851433677
981316393
1043021926
881537248
1071917738
813290479
955106421
1064998013
917521487
1023956884
882518109
895672045
878418776
951924338
902507451
984339256
1031751023
1038939766
1011085054
1037600584
937914710
851249590
973866715
1064770094
836455396
806174962
901155390
1008043875
956884451
871363357
1065924035
824840864
1005997194
816628862
1055204024
844091043
1045309575
1067999640
880830036
1062786533
1009987347
965713973
1030142451
972740177
852810027
888534638
865202438
833695287
867869008
884672477
1026681264
907734936
865480470
805805903
896065079
915514230
1042044839
990389637
853849767
1032538102
1041983933
830735859
850529373
988958127
823980356
1027343330
872227774
877468364
1053300045
989685907
1003540427
863537766
994010757
1001756638
975697512
806832569
903509579
889333489
806687671
966450694
940944617
812164320
1033598422
809586335
851738375
817736722
840059570
914405202
1009092222
852137599
938915323
986237725
873827639
863572706
1040356993
879289953
1063460768
1058024417
841847621
972408756
821011576
841594759
1012777396
1039721226
930005644
853146578
874961702
836892333
1069956869
817490668
924158373
1004610228
987209038
935737082
1006630867
898459503
821452038
848386790
812010788
1053444182
972073594
863740999
860980647
879547345
1071806322
875041777
851988876
892324538
828819730
903487549
938936129
989774845
903852608
1063404357
1003645415
859923507
968685579
1034014151
1054879653
837811861
995539917
992349967
1041450688
1070033693
1026472764
827535898
1017345545
962157708
972828234
921579031
843566694
849805473
991731383
807688841
899714802
1005924498
854109446
1045787646
928223336
872696357
884544076
942158458
881333064
948377503
899596913
927723777
1068968488
976063002
950274981
1061779100
995245453
1000798224
937474462
814271908
960039256
939892944
918882406
1009678255
1033150835
915471136
836646108
914608362
966497493
1056761224
939997930
996624204
892326649
931095914
1054054057
866751194
821307310
1057265596
832970949
1036011128
1053690823
1052745456
1006970764
1071624067
999676647
1057566043
936389063
839413986
878466317
1040620348
962816949
1072086184
929780501
927851036
1071221236
1010004899
1022608872
991898229
903439552
983001602
1010084726
974006083
1062471761
1018598811
947342702
908028853
888659437
1022088467
923727967
982341556
1014414545
992904961
894325352
1056781543
934848496
914128211
1017449474
877991873
1043681577
851961383
914912391
807133056
976787345
942000066
1066428313
830717376
1053917834
926109325
840926131
1005231447
1044404520
1014115436
965710003
946906596
1071669757
1053798721
839587365
913443963
870681769
862562335
871838457
981234683
998806007
1030432081
877775427
1001456535
886215811
1038707051
967178709
875815011
809809189
912388811
1006294197
1062423984
917431468
962328193
1063236104
845846737
935307104
993113623
840357467
940516763
977101988
1049116516
911817005
885940745
842495104
950190879
995615218
1032190501
994242821
892517995
975275819
989115972
908700950
929643768
863395294
1058289490
1041678226
943958716
1073048084
915968455
918228144
839261292
929786931
962916160
1010972226
1048062270
932682377
968649064
946276769
1024974826
1052605613
824331058
821870493
918398117
965192037
848430805
1068343869
919814411
918176576
897334922
1003818699
1072819624
834245569
967731970
988578008
929095381
928569449
927894943
841097512
908202190
1032048128
901487839
822717045
941571086
896443175
830381649
1005607986
938572716
992686330
811677852
872928871
970940859
938906460
873567749
1044532294
846101256
879778611
845023458
1053906455
968898820
1052779675
810105208
1032220531
1042666092
1044065328
948160847
902831556
844048456
955724816
818072687
1017350734
967878722
880193604
914089691
1005013430
815287813
908615870
883385394
897983090
1059060942
1035860844
966460548
1034371459
884856564
1063415926
912731215
1063984928
822651785
920662440
968307222
1014796729
1056784706
957353191
888241608
879457478
1033208967
847491205
836195518
931244543
837724062
887562567
921380794
910924082
953094478
848401146
991901238
875569164
1001725468
984345285
968264638
1033030757
946708340
963780983
864345319
962494380
946304600
830661438
895693631
897709152
841046290
1046021662
1012541815
972821275
819699320
897561091
834844351
945928187
1053030910
1031142895
915809028
1009747598
1040673531
900945609
907521291
883065927
1033203332
971048823
822083724
957383672
984402826
876134271
887043833
822239992
992531286
945732036
987491453
917255145
886086333
912178880
997551892
918860374
854163272
1016172621
1061909948
1051398590
916929109
1051443123
1056633562
939396447
823551859
972025015
1051511343
811258954
998954823
817325003
967491551
995458620
908781172
882859322
993944345
840416959
884300459
984279001
976425776
1050273973
824190638
1048371685
842042860
997613717
1046804589
923461414
877926232
1024741436
1009315326
1028483047
924110293
980172775
993103190
848152456
878830564
1004445842
857936222
909765119
1001976861
1053792416
849602875
1005941673
978488726
936848019
1069401163
1052790082
842884759
1004165554
904138225
858659994
816544799
932517471
855621850
1017131305
1031757417
1020219109
1034575407
828388154
969584793
855573129
864620203
1052719480
814829043
876919504
1051930432
871389568
918738174
805725132
910646783
1041028038
1037462161
947925646
1040088316
955735247
1000760595
864800130
881600225
827349353
873959558
1051355522
900733515
909885977
916292943
931257254
859050060
903860225
1067115370
1052176831
884519144
909811223
1064012690
820800798
1026423460
960681062
890111908
896009031
958641878
948575186
838870522
935912389
1025166780
847614044
861849937
978318158
960231271
968312242
976522688
989177810
959399672
856316108
1066176388
1066003680
1002319611
1021344750
859576944
1054951795
997989243
911447510
1052084627
814608517
871904059
811036453
807224649
880335851
808541947
1050708013
806732207
960539819
824547156
1040758937
864984067
1046779121
968219426
834084522
925133853
826617691
1018524657
1051727553
1008430428
884385194
925912893
851563670
999109970
892060955
1052829657
935122368
1011938507
811001790
837403045
947567607
962823211
1045162118
1017426956
815658152
829849883
910882277
1071373757
956920562
1053025127
869190318
891689985
1046105717
1004299636
1049501013
978866719
1026270568
1018095048
853349608
865213500
856629486
947140539
978617198
984779523
954070177
929598170
822999846
806652769
1054816673
874945825
855636479
882386356
827966935
1068650447
1010365402
957341031
912918114
891021884
828990311
931346983
816203587
892840850
995960653
990934183
841005732
987823889
1063305132
1005774511
885416116
1004161078
835851926
965398340
1006539925
832332582
850450427
946162101
836516787
842834669
994666201
1064949579
989098718
999915484
951755322
943421800
1031756959
833030962
852094085
944764139
988475469
920064675
1033189770
969900986
852858998
954748219
960728061
1021393135
971638962
1017700875
1008433577
826764357
816753167
827695107
876107637
876601262
972113260
879130448
915805492
1046951316
1037965285
921341740
994426343
965213623
952828755
942967963
806617262
848826500
815255569
926338619
853966266
929827968
1067086294
814819708
962845425
950554010
972102848
941997381
837937584
1001730524
805513985
1004513495
1048858261
1068443695
1068954935
1007743367
843773102
839391747
953189153
924436444
928340644
948856436
1012075240
973491962
829340005
843263850
909005168
889912843
967051601
864307713
942158187
1024553045
1052319252
1047346798
872417164
821741496
944971667
903387791
1072519193
832317707
1042101957
806134461
890422444
864577017
973375659
1048919553
824806639
869940681
903401374
1042628370
909824566
844143264
903413381
957319706
932226852
877631478
980335716
805868004
972741341
1020545419
1014429680
836196309
1036124462
1023164382
850719577
933570718
926393990
981940959
1053564945
887090514
993114134
1046465807
1052608880
977539394
909837839
848115021
838305111
964887252
1032441884
815227862
1019148803
1043038150
984259379
1033386149
1018678101
950171814
823111150
820912738
995321109
970392053
917649189
959881049
965639290
1045335004
1058313375
950419387
1050661130
978174138
827976636
1009265554
828528495
893270749
895281246
831238675
1025628909
942760031
897552698
913955658
945084648
1026616268
1059854622
813332647
975435018
942321121
904305418
908911731
994482137
959180807
985460759
1023618759
912888241
880561678
941335362
810821455
1055323322
821002582
1059811178
872993119
931078204
906963777
838253769
1012006008
900633662
1048803067
851309703
1044220597
1062868577
986377826
1003293234
979760494
1002220948
861469553
895189272
820607534
868506670
1044864612
984185355
805648838
1039422116
944171868
887209883
932399284
853564060
938786858
1007235387
1039544874
966005311
1043812289
931575336
1035946597
1070197970
1054941706
1029483346
987302272
1004344507
1052862471
1003885127
986858338
836816789
1044147337
842548870
1025680133
959728776
959385479
1039231687
1066768308
889777808
890010382
950561634
822515877
948484126
1016659167
942894496
857327443
977926073
1012120874
872615333
858281485
860420629
922206030
956198791
1013998542
968814255
862385770
1050460530
1014959884
858225910
867080708
1051561370
997983075
974523831
952053875
830809789
1024896386
965065704
918557738
935897659
888884395
828868886
886755031
1049167571
868067655
1057219226
1001056228
863882855
1057216085
824601689
947665350
1034357408
994509607
984103373
818853019
995913802
1018373671
891743708
904554486
947718013
972583447
981056520
1034289139
839391797
1058188929
862365080
948700101
883418412
1057567631
857369480
858234136
870623629
881737409
837064698
957802921
945882877
827736051
1052365271
848983984
941243335
872645053
980235000
1002234475
976828079
1039544592
943840250
922658292
871556037
901874693
845188067
849347980
830779086
873236869
995079461
808436741
892887490
1054919597
810294955
1002072398
841574826
924292323
1003522148
963699335
840200217
1038225096
1012631832
943286177
1017541612
925626549
925438092
962955575
953219857
877677477
824642538
1058542805
877354145
899841540
905226572
1058145567
945842954
1028430951
991119737
1000289354
849351455
961833710
985518855
1058928637
813223846
883521680
962058876
1008708763
966572884
824766614
1068734862
936506601
982086673
984399522
934393041
834434198
914343647
1039584388
889502284
1048438462
832901121
824386794
982954120
932392865
950152099
1054262322
818095973
908059321
810010720
948301288
830444116
983910962
1004600630
925243182
977582490
873188827
888198114
912171780
1042196578
936947289
995874270
956656348
940841271
1067175440
920866472
843989074
950505161
1013970403
921454672
919069933
953221437
1016896266
1059939951
976681444
937739706
992696571
898573114
944036321
931853763
986436391
876863857
996551004
866822298
848680247
857674171
938628175
927323337
1009231693
862406468
1061591779
975877046
936851530
910161324
869370292
971487056
960040369
1060225725
1014556234
826432655
1035219888
897514694
987299844
1044460560
978614244
958954332
848555957
942218101
902113019
1071284451
815601074
855268428
868333333
827688123
897357164
857996830
892070954
893759898
1018146974
1059744970
926346125
837793807
843477394
884797107
834820638
832758549
1029619906
833955667
903199553
942964461
1002252238
988517958
1054193189
829692291
984818215
1007597144
874543514
894232663
995765946
1014891402
1008347381
887663863
1005314031
1022016147
879117740
1053953963
890185753
938906053
836654779
966405954
995198477
870778921
994374683
989925003
897139739
1067178155
1002614430
843136982
907154286
970895198
912417473
1020034308
895940115
999635859
869855583
831524193
832068243
1000946971
892391114
956928045
942447408
915283361
918243984
832753568
852733914
863606941
983848856
971592888
822823096
1001026207
966679137
903918415
1062630242
816525812
898679928
906134393
970501680
871109045
1056904604
1034511962
999659798
1005353347
994555796
843258483
997088104
1033443265
929209190
916359529
941131879
907866834
985012424
949945206
831194707
833033694
856572685
891382331
814913996
888100521
1061436539
983351170
866925029
1051120916
1055290652
911469807
1071955057
837687276
1020498005
897035653
1022223051
1028837869
949694958
947691448
904645613
987007556
967427458
943763094
913148545
894576339
914385340
1040581445
1013972470
910108182
880902863
958996851
960398104
924883583
876761463
972804856
1042190434
983388307
882504586
1039135713
836402240
967885609
943768612
896631577
1017645235
1029539086
1040235236
890352965
960850089
1030514717
890596007
1029175068
915626985
1048550991
915176257
993841128
1025418856
828068460
1017271720
970943009
830538513
1045611018
973086670
994898670
807227753
897880620
964882354
997763359
873903487
854738800
825774306
937851073
1041378382
1049926410
889783634
810319794
933753751
1060642117
907127439
1033529798
853092405
819452589
958863465
887672525
858869531
937605325
1061683833
823091926
808798398
1030713422
1068819770
1073170417
1052157655
937042857
1011892917
822353556
865164561
1015670152
864836573
914003441
1060333451
1065912030
963623939
933183436
950157804
990520295
961106754
842779987
951656082
848709833
907820784
912302260
831828498
918720212
907957004
1040457830
1062290469
810951238
872281941
996851711
966015922
984146039
839856945
959064424
927157842
1050438753
808489513
990826144
978547397
995377188
898391950
862375835
969341459
1006706314
897909746
917406268
1011904184
949977727
978300801
883525388
923781338
994385097
882882253
865750833
846539416
958067000
900421970
1003492037
961426427
894734533
814084779
979974119
951825049
817851024
812854827
982316799
972109156
1022455175
991343379
1032760149
860144880
881204141
981648870
959475589
903253706
1047943784
817664184
859476565
1068678415
841896696
1007318987
862830406
920669313
1020177280
931842131
939346871
977758535
1001466943
934274705
1063022465
901808553
1063556691
1045848033
851367796
883642606
1044900044
1071511800
1037109424
1064362392
1013926801
957387801
852828429
908715855
964158067
977916465
1050077591
1040721407
813915322
1023217936
1026159894
812942869
1039163937
1035321959
1058705857
873185588
936653202
816731105
823126651
1072621088
833502811
834333458
817318405
1035167245
864556248
1034147753
999956627
875631038
1052476145
1000867848
872617601
1063594440
937963534
857266275
879912215
976278676
961716779
1072219092
1054415954
1007259474
963286633
1000573230
826503143
892319554
1021313108
934413957
924136944
868496915
1012387385
825954232
863738768
909811832
1001164205
1005705101
929110321
1039735643
1010479015
1058810213
978328929
1004442422
1027129771
1065229948
874085977
1009662566
1054013349
986338776
902339766
821307963
836336113
1035379944
1034235373
900790953
1025592591
819752562
1018516502
810723131
968522325
883682104
1073392840
1035669162
1011574972
1039740542
1015369967
956032326
1056226941
839805454
949325367
848496142
888564686
850009448
854706140
1046727993
875502661
952815092
1072245709
916735841
1017493022
1029219344
841406600
900350741
909602315
1072339566
889655239
998161173
820306495
926122113
981120632
981168357
967685990
893762127
986468332
1053160998
814619499
966776530
847433274
994220865
835568660
1041575413
864972629
807555284
830848215
1022053467
1049615466
1012591999
1021518703
924134478
868870113
918395010
1064735972
1059415371
908785877
916701973
973013075
1031543421
1027053823
887872193
1045208742
835089893
929042694
826377825
848702556
966912245
1029284572
887955361
927248364
839583494
871432975
873268785
885774365
848355890
868196909
1025727433
997225398
957490947
908043331
980627525
809516757
997647245
907878196
1047452147
907231458
855636601
868804787
1028062084
1015896355
936346774
889554023
987578825
829931105
996356169
991035715
999053740
1015501512
1052944217
858647274
963241703
997107188
1051671998
898068498
1056777536
812574551
948926825
949349259
939715926
1025515299
913757823
933931471
1044339125
1057998013
1047350164
917904067
835221626
1033023576
952499702
895158275
1024826260
909795294
881914512
831971719
1062742707
876335311
1057104508
1073167841
1047359330
1039331879
1010598048
1024151921
886146078
848165189
1012027550
832631315
838044035
1060183283
1005311307
909920151
971392503
877980260
1048458844
1063038453
904911358
917324640
907653083
954130115
949784402
948836127
1032448556
839254960
1022464742
810994154
865125052
1004853991
924228712
923544092
1021063616
875005083
900565666
966218580
963725217
935115495
908159104
1016806602
996124705
833352537
825302935
956484518
915326626
868265250
864778235
947896012
805581701
1050308243
887588157
964668857
1059687294
969797747
830054527
840749458
1038345998
910552961
952037005
1039083431
829911702
810462305
993712869
819777712
950501496
1058722169
967532661
862605216
893729997
877901064
1071656714
901232298
971345554
911416106
1019888768
1034632659
920878318
871152157
846255021
982389089
849186452
1024606945
1026258972
945851153
1046520077
961035641
944801772
1008619699
847377686
892988855
1043741605
828337020
967157697
1023799626
874752453
902249186
843339764
944752185
892256960
901447885
1007937563
1061143128
1064941071
965160296
839341190
933324422
1015496054
938656970
887833325
831816777
936681299
897457072
968815097
914144850
826817387
1028460640
946360672
812305419
832431287
921535850
909068557
864657385
932945293
937071899
1056768010
1058605712
1072895476
974891239
845289089
925488763
862106037
983335939
995113289
911549744
925770176
855210818
1064518271
933877164
1070503626
832224982
846082940
934252151
865499419
861406382
934636548
904112546
1045641906
968254288
890809918
952214860
997881418
1023415948
1022307399
880831566
900679217
899227281
1018606692
821256939
871463739
899780360
917218163
986654714
1056334008
1013920244
911576994
869199180
826130756
999740322
1047423500
844156261
1020138911
987270947
898007979
836465400
1062756540
1058765306
1000473958
995254917
1042030682
921786050
974807588
969425802
1005792176
877993640
906090595
1021474356
921488743
943728697
926052709
910659326
982212905
875538960
1036738082
844247168
878513596
965244556
921934911
815701174
885293303
1024992181
868104247
1010343503
891007010
980274078
985883760
855093071
827414812
892915904
979557880
834596280
993364172
1056703970
1030365707
962167859
953941815
899407278
1028933205
962612796
841715792
941643279
840807943
829610512
938251888
963119879
806355220
1005285661
1029738481
1003435495
988261095
1002154417
964508751
871441776
982522385
970984433
985044781
818729942
870501326
977424736
844736722
935839748
1071289645
952443113
1053349535
981754240
822653596
910393996
919383614
877209548
863699999
884980630
1036707512
1048021996
884461829
846185926
1073400046
1030920562
920211254
969319393
866053504
843072533
1044378947
888233606
887267241
869774533
844113843
1013952526
965336846
1009836464
889184307
984518032
888462108
984756780
833358702
925948279
841306629
1049382062
918719821
827281063
983284005
881293465
1021937816
844497680
917279009
1054693967
995754822
1015611495
1016870667
1020679969
976658615
866122556
999774405
963116585
836423973
1033029995
829652176
901803865
845399841
820612989
1066203364
818019755
1009030438
901957654
1064718339
919199179
892889391
826486285
1027207350
1055731112
1057909718
1008048254
975444409
1051235689
1014472813
809979509
820577957
936379964
841073696
883297834
1057995417
996931855
853900775
1069918980
1004044982
880229581
920176615
1061441667
1024174267
969383959
867326180
993867994
973679949
900170808
1008793935
1053476163
904323165
973239366
960612499
818321856
932083407
815487875
1014776364
902676018
978982525
1008939022
901184729
1033596593
941005323
980925157
812508477
897285135
847547340
981122328
922891691
925049735
812031866
842074215
885520504
982552159
939141217
817274633
829865448
1022538637
952814250
983139331
918493283
844555330
833430653
1065481660
988534518
1066244030
857188421
952583787
1054510719
860031049
912477647
1071408735
1041238852
815022163
873463553
823195564
967076750
1030231770
828866688
886020128
1019734996
972882674
1024591241
870669959
903674728
979729580
860183023
947975951
849101720
854502478
898317241
883752869
1036731763
930398082
946624509
873590264
943190066
846198250
924724843
1038655870
992604706
976302015
1025828447
960627038
1028776213
812269431
897758631
870648346
918303765
914612718
872537347
987555306
941360203
848506574
821340937
819392358
896402637
1072495386
990204860
948528802
1035220275
977969244
877115798
922686392
1070601407
1056714593
960956283
933311075
975837731
881395421
913923927
1032197367
1001481692
1043703246
1006906100
844904374
919014067
826007268
885327192
833937713
892465218
909903153
822027242
832057427
943769317
952647768
812608975
901853193
844159168
957102100
818829675
1054477776
1071460620
905555511
998738022
885109266
995509852
845592608
960224671
923345681
882171815
961131716
1006854483
885233834
1061534902
927285658
845057559
917805719
991494710
963231712
956803684
878461949
883618564
998668453
849461168
1039987240
957194310
843116701
859820624
1025939140
902445249
1048685730
926956570
919099357
955713029
975663082
975014287
952701244
829517581
943203652
830781806
1018499196
950979430
1049108235
827031017
902123239
839833779
898469167
962625972
874294731
860419973
1000655467
999008965
820411154
829857911
1066664034
952327747
851405446
950656409
1051791401
984456556
822734486
1025607892
982067956
896581998
1020560529
1020914657
822015338
840660367
825661765
893438582
828563766
972671892
1064691634
852464435
1024788962
1061398199
951004727
1025477642
885181287
1048324691
834868244
974692967
842136237
880722326
846574822
968567947
846331275
998391329
1065729818
866911271
965968989
1016142510
822161438
917822911
926948923
871284041
921374569
962957182
961822863
811719158
817905351
876926008
1014320904
916670460
806893182
982682779
867543657
853941238
1069754637
845579998
957246344
872019791
865811167
1067331069
1012347311
1065300295
847381953
1048825871
835206213
912701536
819489744
882034187
978654874
857544893
919598065
822675513
1035469277
885009442
1040348395
877166901
975016292
954794585
860597339
1017697720
1071171423
1037774825
1001247244
975545353
991583023
852995807
897464420
1032557642
858384506
1044486732
984174373
819840063
880402472
993268542
966157975
1015071774
986994399
980795876
843074080
1071747187
1042625196
941334958
984421565
952312472
1022837320
882435954
871147053
1056240754
932345876
978356859
849915145
839627092
905052475
1029207672
1029804325
1021268107
878457195
1055923082
900741886
806251620
957405210
912069106
918046072
963748094
922653673
986346497
1002020787
962031884
977112495
1053036578
887256889
1051661416
838855067
995835237
901557349
899312657
1043564525
892093859
917878681
879982515
1068403744
910098122
910642179
852148086
1001963313
892576933
942925902
970361049
902911340
1033647506
913976975
1054943537
1004294214
884454638
843064781
890025615
1020059204
903450956
864637524
815691689
894919919
828624472
972114277
1013056994
911336423
1030821822
1018882158
836947557
918319970
822264413
964221844
928740425
1048970041
871430377
871544458
870816877
819410518
1065145914
980239525
1068594840
1022637467
915841017
874848379
1021885787
994798160
996421807
874555373
826110036
1003817948
899468346
1048155115
907300393
1033661622
855346658
986953718
1038159306
1008425853
811658972
1025849622
836980147
825104304
848592712
1056317957
903866248
1064487707
963756323
983125593
964147222
1006663785
904833336
1027054111
991963154
896649899
821505736
806803566
984038612
808901081
872606173
836736492
851248939
898536799
845939454
1007087741
904174014
1059841546
935171380
847222073
992160161
968015457
1072378749
893602247
819653501
959789741
1051945499
966537004
877499247
881235912
878890582
820938809
906985978
845446388
930223697
1001885807
1040690910
862798343
896684604
872971807
1044163268
878681514
835208411
881744930
861923940
890394909
945702434
923836196
1046653592
1008443077
1018955634
982898017
1000532973
831686037
895613793
1041435314
814055661
1069066953
953438423
892947194
980599962
1020185300
875658493
1019390455
1073680641
992193759
1037346213
914569326
961422317
1026478248
1002990245
931686822
942140556
869785001
956370125
908882466
823490565
1054049011
955196973
888438528
808895198
976729516
970683141
933069461
1010715138
829688643
818075394
1031731991
884427950
929654604
952807429
1012931263
866980918
834598992
910851222
906185641
843687961
888033747
972936648
934063559
1041169789
884889652
816055941
937557753
922706698
869367022
1017458566
1058585044
867829622
932064079
916845711
867902341
833026908
926868624
859041929
993255437
1062248851
987570911
829908382
1030812077
971879909
867164548
1036822929
912715992
985639612
838443144
1061182408
975274693
909927028
1058428147
943095970
996864091
994898400
870063596
957976638
1071642866
947383593
970405631
996298906
1018460215
836294429
997527427
843750083
1057873694
891187173
826856921
829234425
1004688798
1019064579
842472087
1061345479
1021364426
915149376
947583189
816715748
857145099
979227608
1025543055
887160329
839909232
1050115835
972304073
1032865248
1042668602
973739216
935480365
985067731
1044076744
839793233
992294154
889103234
948877283
969635352
873462699
933976424
1003169964
949233859
1042523623
1023167338
1041052211
929376759
1003958871
917722877
967754101
961938443
949071450
1056912116
955276530
959312321
946554994
954811773
903859170
886758217
844224852
850780451
862982916
1054073272
912167504
942820614
879258151
995241812
915495465
1024979935
1065053875
983705588
917297230
902935415
830258111
874622634
836556816
1009336544
902948388
902409776
984996318
892965811
979278038
881117606
882803244
810651396
846678789
1035605095
995457088
1005660818
981877812
929567628
903143077
880511068
920592290
989620982
840036187
969594010
872459626
1064057307
826888610
1040263839
1043024116
875013078
921498715
916124388
1062328525
809795899
1060898334
966963083
1011607110
1052762749
902439756
918626941
953002543
1006089624
1043785777
1002390985
1043586491
968581320
999384123
1019447383
951932209
820373910
1068848452
1038734234
847792061
816130304
846380911
1015476373
1063926253
867198722
822081169
818994422
812286597
870733783
839075265
832763986
1047782205
965761779
975975908
893683957
1059219418
952052870
941252405
975898157
916088917
820452795
942815282
994297304
958422662
891746208
980807310
818580750
854834563
830580434
926651013
908356315
826866273
1029744912
856594859
1039703453
916083755
924322069
997337924
869929774
814719755
916510547
1049482059
902874504
955385579
1027492533
919029526
848062637
908204278
983574382
1033128945
874660025
895540826
1005032276
1005193126
1060359480
857608500
1067903994
1059625717
861805071
1052723102
990747690
1000044942
871522729
1032904453
1019579578
875375003
954385272
1034986690
907045083
924058755
990479724
1022807689
809606306
1038813075
825922178
820145492
831476833
940549920
977152109
988058029
933753649
894786258
995202547
970709565
967082923
1022257636
862659282
933290363
826448502
837403496
881864444
902100214
882539342
1004745861
818968056
833303348
855355534
1025784096
972390846
1038155033
948649669
973472899
884051737
807716163
877472584
880644280
1014552548
1007070319
903204495
982355289
960697813
987779239
965378826
908010285
827437392
1031198394
893353316
1012467265
1058798799
894380483
841243718
1000352549
986835586
807699446
928153444
942593194
872398241
864034397
814540860
893188263
1024320902
852986466
851920112
1024049938
1018226517
995148249
884204883
1016491478
857769708
974564146
972401627
1000243259
1068814622
879473788
834755300
985477961
832937593
863835070
973496627
1063244392
1037212825
1018726517
963256285
938462875
1018042561
987360428
1005970046
866454831
820168213
921783516
950786137
837320442
887426490
937365645
949811190
1043566500
1047956718
859139543
878835073
1037324129
1004460136
1025695484
971160647
959760531
1061890164
911094018
897646675
847244361
1057745630
945902837
949714246
1051556341
874342167
1005408688
1007182093
979770849
905266466
936077694
867868070
1036320672
882192504
896372859
987836593
915728047
960238820
809723414
1015410543
849526194
887948634
1005082330
1012806745
879885638
865437073
1058231483
1000649963
822576556
1039665606
983901068
888873854
933086097
809532237
1038574530
872737606
1067709963
1021245518
1016607444
966091714
974892580
1043526783
822777867
876336351
1062035857
1058347137
826060862
844903274
857904990
887172603
949722104
1007612473
890290436
997718981
1046064550
1022832095
982318597
1029458881
996711655
1050574663
873435871
893004555
1065559871
953792275
974488295
813063302
880434934
831576328
891739705
830076020
826144790
929214851
824213725
1008091018
858789050
910128150
1005243132
1056742740
837788742
887333951
807842323
824422631
891113542
897608747
907914697
965087141
997972250
868414809
913358036
916022641
996550986
1034162246
1007879898
839581849
956219906
1017523280
911625668
916475737
809795796
955453483
840409874
1025258096
1064596232
885662822
930724878
992035116
960515024
853494085
830360519
1031642883
979189925
1043721962
889282875
915279909
817621754
943130176
1060999333
1049435147
920306382
1044267041
1066169902
947398625
923043130
954775163
1047817944
932324245
847733676
874668496
958386582
996514714
819835996
1049128631
986037789
1020735919
852855317
884697305
1036163434
819829850
975329009
984307077
853498485
1032852455
938115820
926300258
932856585
817769234
926176772
928767760
928760986
1019816995
971826118
910939707
1062340639
1023859952
1015859579
849579765
914050485
837643006
892733758
834135345
1026955953
859393927
841247873
1033896821
906828717
901022049
976182412
925333589
910774473
893589221
935728291
937104682
1060429912
1051093043
1010017589
829221196
836471760
972531264
934727386
931367754
865877627
982705773
986932393
937821301
1039945818
937374288
817069738
947745632
1043751205
818969100
1060648464
856776731
823265451
994816924
967065581
852060202
872865423
889933075
831726402
1023490782
955104602
968415267
1048777444
996859695
878473439
1069662226
812984905
983612079
1067979164
1044171447
995123397
1043295147
884630685
985572562
939226854
1014724664
953103537
872872155
960325236
941467216
870940847
811157548
992991057
817504355
981303132
839269789
807465920
1063157130
849485732
1055768078
945918644
931704049
897972961
1049899159
1072249251
1062528901
844420339
862460865
823869107
1020456177
965579540
866366931
843760989
975288484
979542134
1020863419
896408551
901340096
951375658
1008317837
847346633
898140018
840877878
960361470
934797100
821706422
849627193
864983134
858052151
1045585471
820611470
910169088
913494274
1068687595
882721747
959561322
1069905778
968337988
918649980
893824629
1072336365
1011654780
914389909
868579769
817780610
988687116
1008896772
988744664
1013339181
893880769
862845696
885977812
959738057
898756587
933269379
992901210
1015558028
1072623158
1028531576
1009070969
1018275735
969893764
1043190849
985408034
836397962
851861729
964965998
812862830
823919324
1070416754
920144428
988120255
958157596
820511031
812335817
806487319
877986684
1005573730
1056894977
930830341
825451931
870822271
905619653
987206127
963670252
1037826168
996738275
822535971
1056909316
981373090
1048278499
964408954
887863451
920080791
836081640
883894730
1053342033
927324656
887207633
1031342366
981248738
949532972
1024381778
995505069
823941412
890370528
862072035
1055793671
973793088
1038154111
865677048
940687173
983136645
931279009
869244660
918082056
1042730019
1008105131
939761810
808666269
980208337
1040925747
1071305285
910737982
933415994
1019748198
907283742
1019313359
833004960
909600961
966334737
949878942
969231856
830856409
864101162
806349256
932718544
1062069169
862417673
1029144300
1032364542
1001659322
990824421
1055122592
833022139
1017599710
835343722
1001458315
916677189
888938132
817250895
942676708
846971067
1018011233
1047424520
1072153923
845787199
818693793
876853326
878572574
1051645522
1058987103
915499249
876841220
990197637
1042535975
902019105
1062223542
904542939
882220490
1048846233
900000060
813236605
1048755724
938517271
1026659437
1003643434
988739185
806462533
970666149
907008949
1036234970
997722747
949537753
851755330
1035220545
1064450818
1006374179
958091109
842908786
1025227883
1072456001
845465444
938872137
1013493055
949705087
1059818843
815796765
1011221986
928785596
954436826
954202557
972372090
888468929
906410893
857910122
843227288
1030750432
894266710
919444729
833744817
1068616838
823282072
976324074
1073299394
1062018229
1044812967
1024433041
985550966
812810182
1069056741
1055065457
836230818
1040547403
985309581
827012921
968785464
864084934
812000355
1018011851
942482918
977157366
1044625386
1041110413
857063896
830486086
1044849321
1023155782
862776534
1035453565
1035540645
896238782
947319955
856519752
1024936539
851846550
926234592
880479261
1040215094
897259879
1003419721
938393668
956800324
832207300
930725064
986790067
909963014
1042616838
881218737
1066064765
1029878001
1007967953
832501518
831744812
987384426
924415090
1048438718
839531651
1043117027
982405387
869560572
948426891
1071565017
1004041253
1025865447
912403381
943401256
870358788
919579547
911024687
835355773
1041592491
929223317
1057237870
967261474
960898096
1053277470
1042861498
888287448
954920227
1027512572
960327189
998064608
984463016
832419098
929344500
819233597
864073815
867772067
863086964
822819296
974611294
1028453726
884042120
916395736
973797064
1043905389
1002149949
914562715
1013980492
1030256955
1017126878
952919480
1043162753
1031505096
816546617
904724955
810853519
1007576619
963014333
887386276
956748845
986395486
869812968
1064477448
1031233212
810769745
854876353
937046591
951558286
938026172
893240023
882914402
816430715
1024614480
924970639
970535061
904302570
1041750046
987763841
897886559
907697528
827389505
936639378
823644895
849792206
990035012
1030626131
826781786
916425009
1031196639
1038373539
902811310
826493994
943904818
977939934
924181791
998187338
953275846
917145047
885176662
846407494
885849312
892321227
1009177862
844355166
1049565006
815022327
814475802
886654168
836387621
1041905590
881702252
1024905654
971337259
907959326
957730737
995665955
840740144
899252141
1016911186
1060116063
831475837
1062054219
981976260
853957871
876759583
1031078064
1028335203
839808142
806540376
1022026140
857801203
850249055
905920543
900345842
952714799
1011908571
881062517
867141608
1053786715
1015569582
903859167
853930752
832701415
1022441805
945756239
1047966239
963957407
932949607
964705148
811328349
855368857
845381927
1050696325
861739584
1021731327
911726905
906406455
807956599
840694702
850962591
1059237727
833930533
1027116143
807209568
992553087
1051206875
982384098
828432820
1073001843
1051957071
812051664
1035243372
929754876
1013180026
1037348977
916944549
994356745
976442731
1050556450
1065622938
907132505
978362404
975387167
1014319413
1021624483
877068971
1067897753
830668613
935204164
1006935713
830638218
825251643
958784603
1023848422
938152313
963432331
854684470
842792447
810019340
1027807035
990695489
826093229
983019577
901195846
883150430
995028296
1044802921
891371877
896722186
958486391
813882410
898280549
959916718
989291363
998841101
875654802
942892818
913776119
1014823859
883554492
1003875664
822644001
1050976520
1071990998
973139994
1045482213
954691794
914120058
918832719
945592191
856706777
840400707
977265081
998579149
810415951
988040279
1068380797
917300831
855389951
1052701868
943302761
874083046
921765171
1029481435
1006185159
1031175519
907079950
823604079
842940346
914509349
823146441
1070629503
985270640
975263074
1023866847
814335801
916495661
834642228
883991860
852636883
811586075
872088377
993628357
832317396
1016699770
967977045
872896396
1029297405
897923393
811328354
842530280
936796475
954623044
1025434261
918466495
1017548585
961569302
1054412514
879830262
960356455
929435964
1004649021
1034375158
1011578916
807308383
845509706
977417025
816124276
1042775597
975517285
1068321016
1008616382
853753450
829672422
989411320
918717430
1009290055
1031647725
1026851817
1042057592
918406618
861041775
842678450
872430717
962008816
814467006
1050610622
891783685
919235998
984471959
922919397
956833062
967810004
901451963
952092547
922549804
844657319
985413362
818520519
997285069
1037341269
966777086
847657894
891263683
888604083
1045731684
1014184474
887846992
886495847
887232487
841870472
1017720538
811416073
827363687
1028300006
879133555
967546030
999540314
927558749
952620862
906158905
844960134
1045359261
1039164317
940084317
823348070
1010956366
941430889
836127888
844675792
1049094076
813467043
859088354
927644185
878792766
1054191823
1023955086
873896262
925941340
1025575992
829666669
858106793
830622194
1053697514
1051300634
808214647
933171117
909291815
989181001
1003027034
828104161
1040130516
1069767719
856082947
807068893
814543971
1024368846
1038637446
814895695
934924380
813896472
1017380624
975453244
950269381
989215457
955463497
957751417
965647473
942368506
848018361
829004299
895799836
858647887
973709792
1038422819
1008675573
950077439
925139070
867775248
958562181
810254319
981358437
896032693
868070323
974486031
819153806
861465328
932506353
808932140
965711551
912499674
887286489
844529178
824306929
834940185
830454112
945825392
939043865
1071312787
914021239
1059668423
864993969
1070748316
851813425
939749454
974387149
915749224
1039393291
893388512
973648825
1012578314
1007883444
931394035
949455485
938840873
842756774
817102897
927272676
809366691
1005189969
921128299
1060237351
930077233
1070081616
846662443
915787685
967366734
889257949
849976727
921717546
991427363
1044324249
939106123
823191688
1069771271
872097775
1072555674
989639126
1010729827
920410066
914530061
937411114
1054139578
945718085
948096759
955818259
818351128
1009348015
963401873
913164717
1059007860
1029745779
987456294
921816330
1012156324
987957314
987637918
860150296
977729404
919867178
1037849638
864504722
1038334843
880052885
902542694
865448710
982116254
1055204319
1013664297
975022910
952099232
1043490696
904482473
1061035091
976035861
865135702
1057404014
897121115
832892229
1071712711
816647807
810810966
1072768407
861137926
995209656
950486714
835324978
875734987
1023072397
859513978
852337940
960633995
1016606296
831240569
963773520
933875841
919620743
903494404
928004736
816942760
872420064
814714232
886118617
875342163
1005702879
1016132698
913482090
1043559918
984500719
1010892508
933073264
960483509
831350464
1012870967
956416867
1034742918
1045638910
864437276
902153934
969540818
834544048
837783300
1045552095
907115532
967733582
911360956
860055655
1004983645
1046831243
841234464
892708902
1017116157
925260460
899516483
893927557
1010222261
843298963
920839661
814224209
840787616
960224064
901241025
1012854885
920382926
1028543063
962669980
838720983
918150258
878206150
1061319350
863329372
1070536662
1048755049
1060030313
901436006
923676101
1023422543
1061447397
1057770422
958682142
1051615599
932104061
954477096
878374695
990815412
980583988
855020084
920746837
1060551972
950641585
896851241
988417693
888814135
1050763322
1031620968
1009881309
987900776
947382033
1000130014
828806569
1041452110
970385007
1043189985
955396016
1040970408
943985768
999085153
984339858
1014338636
863018427
986654199
1001499966
964178433
977456678
883377809
855890121
998980108
1032321202
993414388
1058753365
987701092
861355238
951189969
1067733475
822673429
1033999906
1059980432
1010617942
984338323
854077020
983259810
852048934
949436057
895233674
811022342
982813544
805427761
976189882
1053093110
956135803
860703478
867494318
912496225
1046264180
1030475934
1065977245
881868140
930060785
865702837
1049950491
831973633
898909227
944564895
1023264687
963583430
1024096459
902243131
1000523745
1016157842
850048684
894209532
971142077
893594180
876282927
920079170
1042092236
1022118321
988057419
1032944676
813575474
893230976
960842545
918175048
843335583
1024616067
967380847
1054551621
939479301
962994808
971750684
905079773
1021776143
1031149098
1040824938
980834533
1063228564
839427053
1013985925
849881883
939073033
879214386
848145114
959558780
927165782
949145908
980363922
936771924
990016220
1019129046
978122041
919571589
915175018
1071448758
931193155
990454951
846212889
865956072
989899382
870908752
867352831
816022606
989066010
941698223
976900043
1007077074
864072369
858016157
1006858830
1018307079
1051658049
980683094
890192394
814868412
888734292
1038211156
1031730794
918025952
904268535
849645144
882507019
924291952
965033399
949039584
1004664160
1002067916
894839278
975064658
888583444
918973282
993663683
943971157
839743914
953424667
886130239
1002449010
984938301
909574141
979276548
1018860741
905867304
1032929891
936468173
1019498274
920346209
998498774
1039969653
879790975
822530389
1059043139
854204490
964092086
985853259
1027471937
1064821069
973250384
885620996
964552190
1008989822
1066669295
1046814610
878217935
808577105
1007397240
931662503
1022377352
829651625
812841309
934523862
814216670
1060988576
1035796825
936259287
1035948905
994857639
893813060
1067764397
922062467
866249417
953759088
914703920
866699686
963431999
994161727
1054104997
1054102770
917455663
1046670507
859784265
915573857
1000817945
977174732
934625237
1002646372
1000083986
1033054824
994363861
1048840006
956730379
851048440
970983981
1064268022
1012963064
916700163
974765526
852354227
975504649
833153017
899085221
849121911
925180179
996620245
935947665
1030596812
875829506
945500186
1072237201
1006138525
998310446
1015000345
880098556
835006973
853974986
896671963
934481833
1018984714
1039792755
868891505
876743920
1073619704
1069529442
1060906342
900901281
871432044
809846809
813927135
845375672
1007518987
930558471
881206188
931640972
1028041630
907407120
898318671
962763605
808016309
896585579
946410098
901249807
1002686071
1054139322
836170031
830159910
1045119662
932938434
907065155
947997919
1037891412
972742747
994154572
961790941
1065487373
854417235
857788632
820122279
826561118
877721533
835441010
1035202306
934416280
901366483
1034237048
869441720
930823229
981739833
1011672078
968675930
1003057125
919404273
1013429272
1064162259
988932173
940598367
852160384
869613729
823292373
1017006778
931699686
981290727
938550583
950133955
968484359
932804829
825755859
1026792976
829111718
808036868
995368979
858506572
875307413
983741321
1002695057
1035254101
1044608091
1049340868
944732169
828204830
850096651
940364184
870869015
994118055
872535052
827285300
942522607
899758175
959407448
841959144
972407480
923488049
827757401
957617831
1034009806
1013413556
1019254968
865827029
874744179
1063716263
911819463
1022598194
878034892
1043778752
1063760514
915504404
935697243
951191251
1061684897
857244163
939747978
850065950
809449014
970669377
963015261
901793543
919073361
967975565
1022864689
1069395631
1051728760
931102603
889623660
968362208
1063644571
920314114
921315887
1050762714
882351975
1020299748
838153107
1023195619
1020366556
813750512
835281795
1034053744
981361664
947892732
882009486
901658639
835171624
1014213749
1003445268
840516248
871136282
938933863
882824407
998620372
858058906
1007215802
883838709
1047686708
956571398
890369538
968658624
996229216
1059714622
808926468
928885665
940583455
968748562
1003571379
848975704
917659705
972643268
878935199
873027967
938615745
1059683008
873571268
816125522
876205793
1028580860
807345681
900683062
941047297
861354296
905881007
826466125
929224807
983042863
964463240
959169533
1067466195
1006239720
1003897589
921620612
807706490
1051759741
878498404
956535434
1060639607
945994310
966753315
960557907
1053118726
966271766
949079696
1020454126
830655410
891266833
951572904
1003417267
837372780
995751141
931714191
869367759
818308894
1065098063
855164162
876019738
966269887
1033458462
954795692
1061196209
925515021
1018314779
933909267
1064250163
1011265312
954669096
1070394237
1068576439
909254917
1018530017
841663328
896641110
1065583914
815711613
834987330
1057889507
1010061178
999931396
920617739
895215474
1015897006
940603770
809406200
858827635
995964838
845331858
919769139
859333506
902026478
919216031
960443282
848829640
1028872407
959724875
829549813
974286237
839184879
900696285
917300805
955935202
807670763
1034521039
1000438901
823549855
925705821
1017471429
911853859
869337738
846920321
925969158
1012773093
1064513165
960476977
904589941
972207902
991227282
848274094
1068849435
931127896
1029448318
874403907
1065101579
1056308868
832129372
1024851540
1011213545
866560320
1060489139
888763076
817141611
1043772116
939329698
827642518
949399775
1027011063
838989756
925416294
963840474
849893866
1031902287
915542875
908797492
825641708
979764329
1017380972
1062962344
994435418
1052723580
982828165
972747669
1038333448
1070398633
900467703
817618277
845081830
866391757
988865484
1032900132
1015895318
952441948
1024787670
874511696
879787932
1052693053
875910582
1046077355
1021352489
1042296842
963991199
962272460
945931210
1033002417
946228698
893640853
917515354
994482735
929281137
941800845
992195517
952569961
1014003259
911776175
944685104
896570789
890537618
1073296226
982417378
913728739
992571213
936002832
1036645178
832779358
1037228205
875324407
948320114
960940852
838256478
926836261
1048785090
914578053
1018500063
1046624331
1005848575
1043149908
879162123
1061454021
922833754
874838352
987768636
1025074287
980125917
827830049
894092822
961923669
974867924
1047681040
843795999
858402095
898414947
1001782512
854865080
858355988
1056149200
852409078
859323250
870153416
864113584
1036378688
831668132
1018665866
896312838
989055095
872442373
1067560395
975961696
889537834
871470967
1065652198
1050077936
883469568
839768062
966517176
915219014
980844105
843502504
911269112
922799747
1032540831
1023600699
942631968
893035581
912717227
856203456
999966283
878904776
1029589776
1007916954
952242816
896029171
824014233
978345947
1054561363
811355438
1032683307
1056406323
808877819
1058505106
971592690
835076375
1069935176
999834488
976267998
809372342
1013686624
889053168
927578509
942733125
933917642
833427987
889783636
965818191
974516365
1024350001
992540359
975122272
831233376
1021485600
1018247985
853105192
990151937
940453393
819754541
929016165
832988274
848292520
1071723966
858957707
1015843078
815575522
861020366
1035430997
1058813892
934396373
929953114
969911679
911007277
1059172108
1019941277
885241178
925674592
1054334598
870228808
951883264
983707724
1043682277
969443584
813516665
815346135
1015622508
934439187
1059369779
883371388
1066971200
962882379
962572158
1023679855
1009531401
867976516
1021549968
935685819
818200311
1038198418
894727829
810103594
1068255085
1050115781
1052833790
855054556
879038861
909110004
827335167
1068757295
1004543857
890815351
909480935
1007533027
1048191082
859561171
923810931
855638652
941392246
877652637
861494551
809941448
1035244881
1014864564
898164251
872922815
904562459
994880397
975622393
1027298441
868744698
882905881
1030555734
975618061
896025549
863373467
1044974093
942019362
1023943499
839183971
1064881722
1029389575
874445408
948131710
926089915
869132915
1012685940
912457617
957099172
845584579
922625107
990117170
857611275
962692213
965554696
1045727619
1009726775
993939052
855357963
1025910588
993995346
1071361862
888538161
976907937
989501440
900012338
904699997
837370015
820345673
869316706
952023944
911650776
992717954
912766313
1044351125
818256532
973884717
997433787
938411885
1024644680
942402575
910497401
849965239
816034165
991651857
946630551
889847535
970033371
849357762
832713907
868652304
806066950
1059856903
821493311
957144458
914179406
880458006
934044854
931864280
836552123
905350656
818234702
861458511
953994252
862460700
814706598
1043971411
936944874
909233963
824941727
1073300991
836371144
1017078409
910164124
847739877
957862077
851923723
1019156884
940070021
957088956
845258875
1055694132
937554484
899027377
945378976
831133786
830060097
867409415
1071822294
907264390
960897350
1006695620
915593998
933203934
919681553
813620911
938794206
1040395260
962282758
873908009
826132532
947232725
833155726
910475407
1073174602
911926465
1060195471
943895389
819851582
852317166
1057458175
1041937659
1003046676
976080468
944752595
938183089
930743179
1056135806
979769635
902396625
858039638
1041723728
1024744833
896788054
929266173
888713781
830232867
1012292852
886908401
937986481
989115772
896644344
1065340180
936400638
922347185
1043669829
912320483
984464839
861571578
871729254
1000461972
1053250379
1039716772
874325544
840663346
1064385437
907411759
1014287821
854715689
980544628
916820767
930730443
958546988
860480700
934571871
860636873
991850456
948083371
866119525
844740900
1002974997
1025058738
852962186
1003021122
867266675
1073039352
1069844547
892915248
1048161324
899241876
819410290
1061381420
859483348
997508540
943498125
819048936
1008790798
856631172
849280529
992617266
875448049
856199364
810055723
1020659818
986681021
1021997843
968996024
983854427
1049972014
968027370
856943080
892573095
914647767
983803362
1000840986
1027062421
1036316791
1039195010
944424320
834780215
880669812
927123690
932166281
1017862209
982321826
1073179205
1055978033
890757702
1024317108
1038055560
1014807166
1006427196
923847077
1059810040
923486904
960447737
990722615
807264609
1059080464
824739376
992835408
829115500
851528198
840906573
972843285
810869067
1057877866
892247868
811186373
812513217
964914148
1047714653
1057471467
891437507
1035220526
869172608
955572978
1010968366
859958316
1036306847
855447699
1002752968
1031620873
897933646
901844555
983105139
1043456502
867780476
943377958
826279846
1065995243
808887747
890804576
1005182752
886379669
935440393
850280310
811988514
1036445985
813823657
963810961
854199842
953417915
1060923041
1004111346
886838656
1065473058
885182888
1007308267
826896271
999376216
887786626
916454258
965188591
1036606801
939370212
876151835
906884197
851825328
945553929
992266954
818994184
832505766
847091659
988308982
896492444
807575007
875950896
910856867
866319727
930076792
965953789
819613148
1070958582
987088472
904585418
1019408639
810207463
1011028290
1054147536
1055236401
920664273
827152936
965322608
813187575
950263239
812375634
930818348
925595533
858306401
932900494
1047559453
946250746
1047283859
1000541605
920836638
1024904065
1014232403
937022228
865268113
1071587078
815995347
905235847
893166876
826405310
911454258
1014471372
831920904
1029965631
1027834671
994336515
908145818
1036840328
1010307060
1009207215
885871371
956378929
950308362
925369526
838113298
829384330
833275014
