989067772
852629110
860072312
995203477
933969692
1019149130
1028716186
919587722
871143609
815078643
983846703
1009988499
1043110304
1031438814
844374662
989527456
815019625
961412037
1043191710
830001296
867368808
832037107
861867506
1065740653
977787299
971291143
966306369
1010838383
815488226
903474747
847325277
806909876
812735541
971367208
865841030
987385541
927200238
1048253362
1068632074
828373585
865159742
1015617839
939269615
1043502703
963866716
904213754
850793209
1005234166
920076012
815994779
947083130
942656220
1019076086
998889277
1067639979
1043529963
1042338156
900676105
830276411
1029847586
971748727
824053177
964899276
838049398
813625286
825599572
933412164
841843900
822516718
1063859068
962065641
892645310
1035749128
870364609
850416370
819785184
930430211
851428933
973032611
959259324
859599800
1004896559
1015787009
1046297467
890161375
959809048
834288521
900940336
943794382
858978722
1001628066
906980701
950789202
869050482
1001629152
901752292
891718871
875461433
999214201
832728377
1015426658
1063261392
872808485
821069648
900860920
1000732028
990048112
1020322781
832976391
831745820
982702495
897196349
848493290
851808201
882809109
852024398
1007219712
869204836
998543878
951827713
1065390998
813670135
1012763923
1046956800
1009707038
974655767
858873466
843448409
833410252
908222752
922364204
820335137
869158769
1031400446
915502403
873571382
812716616
866181649
1001434302
951942869
1063761294
1021104644
938946375
877889473
931126730
1011677781
828869138
818392513
920539943
1057265684
969501836
905846562
865056428
879548869
1042835726
1072385346
845725107
998601392
915011352
972029036
1052915306
985199124
1024822256
820873977
875183598
1017285439
1059774374
925736421
843880981
967871147
1065057428
925246134
810524996
987839725
927408592
817275557
970454878
1066257493
1030433920
1031793969
981005680
1010467615
970041411
840794348
1055539048
1058886795
1055469585
1010023142
1023682493
970160377
942207448
954632026
876036506
979420352
892561055
872202070
841910184
831156925
1071341845
884617564
813169918
1003333672
967791756
937741278
1011780441
869146247
837929241
932367683
872823440
817103102
859687573
865425560
882484815
1072477179
1036241617
903403189
1008557049
1029015516
864743865
813486395
1048995921
871401067
1037772163
1057712953
906700745
894209525
1056776010
977405138
837675274
942937682
894558625
1000637994
811204482
983404954
990410116
1008438445
871325057
860606605
899126943
973537265
874170356
1015755694
962718146
1066923126
815806633
953574455
829971042
1009727593
985295450
957271195
881080670
949983473
822594214
1011838245
1066172941
978170204
1012982963
888412313
868919123
827887480
1019558359
969898322
917370015
807220649
897024455
961721345
907324046
985254335
883457859
987020709
952336798
890101253
1048900933
951694326
892513142
896521838
890862221
906506597
1061351625
1057494550
1027193131
916250398
934692805
926955506
937837864
857999068
854704884
952545069
1055875844
916250897
861701364
926823679
932185264
861677435
928174677
840748336
954283159
814571549
812074932
856137809
846696099
836685190
842896644
1020022229
934292591
1069810264
1049696710
896362118
918479288
902110584
949859281
845193861
940956206
891949660
1055453197
900731936
1005155889
995906151
946111681
933462208
843544225
819550262
883261150
869397523
948379427
875481199
941011382
961891976
1009345110
845127841
841491582
918521035
1016322209
990877254
824321423
972825720
1024743482
939311628
1050801122
1004408895
1004434338
1065563188
1031328788
932359059
976416471
815023243
919290371
944823548
919598704
1061320611
1036617425
828422994
1067183498
978560893
930258772
906438729
877913949
982802076
1056540600
1034641513
1014280128
899163027
980289748
866629783
994894495
1066204235
991597454
1007606019
1018485028
956059731
1012285714
851408016
839493564
969536929
1021337684
918965785
836614783
915159258
854408720
846586402
1052652890
829804167
818958457
908866034
907769321
822552916
896862182
909259286
921950713
985532269
1059224420
941751727
997282711
935132892
923656749
864011308
1061435194
1043286365
981909208
987908937
959461979
1060415616
886192769
1020100063
1003477845
934788676
830855736
1056364126
1037097425
962049046
831912620
879806856
917631606
835510208
1009714259
897154637
1016727943
1068647544
826478451
1018087283
808208509
1042016159
881322121
1068968330
1000579515
1038790428
1053265656
1051644911
945673687
944787865
972462180
926365336
973688973
904121332
950528081
1065311863
948996617
807058870
934453457
1034122036
919093392
899633552
1071796631
834325265
1037106997
954382129
813943620
1005313252
831530490
862289727
869191433
1057054124
850667941
856542978
944138156
830175716
997779203
929656576
990219716
991998186
922956223
822529807
837521651
896382903
823272290
1040441505
849243741
935557897
871730241
1031449034
867074916
825829172
1073483943
1026025892
896201112
838215051
1045312106
905239323
849468868
947623070
805480003
835967487
862414871
920968737
1016254841
937985386
907115043
976129215
989027999
1020049042
893589032
876310899
914148180
814789136
934627236
1014622859
971830908
1064548515
987623093
896568444
1037569483
878152630
905469984
1031480101
1048631442
878034332
1059847948
879456896
829379235
984648123
835690151
1057174209
1049709380
949007963
989380600
937455002
861260607
1025950433
985276154
925826769
889100918
879865423
958057311
981907141
1070945361
885511051
813186439
850018717
884252374
969366480
887866826
1039283130
844064558
1008525438
993468687
900538629
939958484
852607803
880897247
842795264
1017609421
1039512780
960416336
851419358
939483477
877915062
821769269
1047315278
1015451943
1068937221
1058887587
807597823
874122280
849848407
813053651
854685860
943406521
952398438
860156338
1039544331
935885309
863589552
989338927
1026276279
829984329
976011198
910826297
833343433
1000864328
1066764728
1038459145
831737863
1017372245
859367214
927335967
846027413
842288301
1037401129
937513093
994371481
871799297
812125292
821977902
897560215
986090328
833880689
915922540
805895520
859416688
1057310590
902911953
1063641762
1047314302
893250739
925138459
843629117
1058648905
820799706
875825751
869670823
938337156
834318819
975621661
966509499
847890046
989829472
1004951619
855342057
949710782
861029225
1068348376
947287725
911295020
1028824883
1007058318
926493565
867951400
837919540
1050026661
987336188
860096037
885571728
946337268
844901734
880054363
1010065850
865887404
964864231
1069275128
1033014054
814471201
831364435
921632993
833988350
1017945732
897122079
871706222
1022847884
977634283
948961354
1052803138
828615353
857693963
1026273693
936860412
971227347
928796651
975084915
904281755
914552292
1030114063
883118315
850608085
814239532
830027439
1010109307
817704812
969431621
966587589
933710725
1015291387
984609393
846518022
1048633643
892092183
850493239
950843957
896038251
831012868
990305614
913820680
994757465
1019555324
907899773
1014768430
817040829
832729188
986378098
976243346
1036129644
830717142
914477844
893499271
840760875
1011552435
874448728
978746602
997407876
968116962
929346340
1001135334
1048521651
887058472
1005929877
1014812968
916110281
808410027
924164014
1010481327
941156530
944647610
918245419
1062460613
1062933531
843666822
813460669
919672170
1042221101
1067489281
979470314
1039590083
974678599
858027454
1011033388
823285639
814284089
806540526
934962476
938386385
1023144779
1016221593
861939738
806297321
828548920
888539925
983135708
1007068164
865206960
1026188038
877151061
925689214
853937898
813763499
920097060
955058642
1015675087
1001069594
860674296
954861502
905418605
1004211016
843533900
1053704818
924049849
944697447
857493426
1042153173
895594097
993177784
862823209
829060358
874244661
860230934
1053094461
893390378
926974761
1058398190
1039758359
882528255
834047630
858346524
896249286
882757386
996874473
974163292
812519148
990668562
924796891
813152362
980970989
984915446
845261950
976719345
916806244
958805514
924400621
1025450769
964899937
918991892
922526483
981400900
908201600
980620669
995758900
809524107
805783755
991136996
981419109
1006436168
1034246117
1005663520
844669278
834752588
961126807
958558201
958134202
850863077
971484223
970594143
1026110949
809977069
864391061
1027686721
1064831255
893697947
1036465033
1018307254
952680755
1010588711
828959055
972657388
1072772424
949505503
892873536
927951169
1013323319
1017862769
834804460
900420586
1059018340
935320880
945711558
1071387712
816178485
939507258
874252969
1026110863
1051273548
1015862987
878455571
946726647
831792673
968798627
901248284
1012627115
943118751
902111016
943947755
849316734
1040824905
1028627990
1058560949
1013626042
1033386070
960810793
822767229
828453410
834355925
964283535
1036171644
892468696
858250892
1009262961
882305869
942243756
1031260513
1049485551
1039260259
916706395
816603210
934337057
1066056586
911487959
1026471566
1032057442
808222171
965814149
993876588
1022430032
824100502
1057280900
826723855
1056940088
919354235
806957303
821723041
914678304
858588208
856945417
1002016198
823666456
809977663
960874515
884318844
872303658
884585957
852362750
806604090
901518654
1015069119
929952974
1058168448
973307030
1029775553
1031856293
891452242
1000704826
1039273988
807309316
905619340
877967246
966719076
825914931
808626107
832450933
1002158218
831638627
829143540
959159686
985185475
890919779
1027754558
810092266
1026268586
811176317
935272417
1055760054
831013753
918241202
911427831
853177086
1057465822
1069648268
908842023
1006035241
1066194647
912380726
915885186
1062620636
1035590911
900820941
987807932
940750735
875789767
886386761
1068354775
903112151
1046304397
873801873
817674154
1053546116
922183556
940910280
877442799
877402642
989024365
830619891
999966099
872706110
994735738
826586456
984911826
917776735
805805669
991186180
873276435
964890805
914681730
884352644
1036644232
923670584
1014760346
919178444
832873640
941855591
845271856
958899663
898740993
853386539
987964685
995521062
893083175
1019033135
834207755
821059694
811956361
838732681
980147583
908330241
839543915
1018111529
854716638
1055411221
842682761
809282869
980575738
930989588
1059795181
826690497
832304570
957924076
1000650250
1055781622
895952542
807149317
1062573788
1007861948
830563718
806385246
868071659
837361612
833600015
836629810
846150621
1000256762
942774745
1015085207
947375626
964328422
842572635
1059943973
974072768
1039530291
1037761218
1000285298
944483287
1001627870
1067745551
1068231045
1036005473
884960806
1071157652
814602977
1039887040
909399401
913782556
1070416995
832662945
995005945
1022777153
1007622925
992422280
1062802584
1053358828
1068429039
916498652
1020320650
1027467896
1057351432
978254527
970351180
928792124
899036893
1002182081
921421954
881860877
933325599
969987972
977864106
923918131
987865539
866922257
809591306
992325584
973884101
814074527
1047463079
866042088
838069523
939426373
820330071
849979417
999673822
820044949
1055931121
849835042
931956570
886518411
833160424
938520140
1040555831
1069668108
1040428460
857230406
975076348
924069614
995132001
903826024
1030103828
815231505
1062419636
1073310041
1043835534
830380064
991731559
830096191
911461340
939538110
974609019
952953394
880170395
920114460
900409513
808410273
953619098
819063040
967704281
1038313074
1018116542
1050077804
882043976
1058871130
1056672186
897813896
948713772
1068224537
1054537023
994647471
1011015963
1028716788
896194956
944713214
910555071
1005389496
993303959
817948868
841539405
828656337
878617843
1025110568
965864521
935699298
912350963
1054171137
999742283
882238674
1015909699
1068822069
837851780
898637604
912475732
960057114
1056330470
972914188
1026526511
911210333
877294388
910214290
880587316
836056618
878257075
1037894807
915128255
1040573290
939522942
973337548
982325931
1026372241
892886617
906865047
959172100
962943616
1058361080
1032207655
978084783
862655081
1059288020
908043586
882361261
924587288
888538206
1026232749
805812274
846942002
1040014560
936425345
904775702
922538748
884287632
824746037
944088654
1052545912
853192486
1069856909
893826679
830273339
922765255
860493698
920551153
1056396838
805849487
1072866241
931528596
906032745
815021305
1053000885
1004720237
937333655
1011527578
825245100
861116817
845283369
932620043
1072907755
1029837873
938003071
982356013
908185346
855623779
873372532
954168851
1073195927
836809003
928474824
856927821
1001648767
1049695055
896136086
827380388
810835334
830776579
975963608
1016010195
844449797
845352723
1013744054
908406252
910913951
1021147650
939991256
1060072867
919922835
811376541
1003024417
871787763
821119098
911001225
1050042134
1013334861
1067822800
945455268
1041994652
931666551
878549047
939172513
918192153
1019231648
926901510
860771038
1011902384
1064925255
966663439
909102096
949848876
874645732
920194669
831329199
871002435
976971822
947802424
880676374
845965968
1037340024
840714753
843210913
858448551
1043383412
817673191
1042517547
1044368260
813138474
1040144027
908453251
1039009432
900335623
908495764
986992325
891382799
844337751
892560842
849999374
874512010
892168238
1021280234
879370935
1070359731
852137143
872276906
879426650
1011374333
862803417
847997238
1011785497
999763125
920990762
865087827
893528550
854034973
964712393
808734965
934759386
837354542
823965543
923642271
919087727
1045579247
971241775
1058253470
910251402
1065533000
989439821
943452948
1001614691
968900204
817754486
865310971
822923095
931694022
1003775111
975608836
981855725
855626201
904487013
864135088
959068511
971440285
1049715270
976243575
864485494
842582503
821631790
875411904
1061959606
921762550
1065929476
1062656499
861327763
840897887
828087611
1066215256
1066966879
934508629
973917054
1058891890
837336305
1027241835
879994314
878997333
876864237
1014251604
889380757
847064665
1017775633
864158123
820712486
996014592
963715648
998658266
1017749890
1058059306
961072246
854094123
1047401383
929348322
812391997
1001113312
922954717
883172197
935184885
882423244
1003286636
1016844848
884113279
880940497
870633241
962686552
915825412
821927645
1043988323
886835792
925928123
1004616539
899217353
933934937
840292812
979227347
844208459
888275314
823860982
952081018
1013685461
864180844
860791682
915997672
1012562198
978381417
985165597
853417632
946418436
889967044
975119211
1021506782
963845881
966461793
1058847460
1026212552
1058883903
984119770
989539880
871942839
946735989
999864306
838664572
930396559
879499800
847041938
1071830682
1047143444
888195830
937503394
812398289
849600496
1050034100
911408738
932966151
916906247
1072078084
968115205
826533311
1053705819
1073466815
996969791
937753668
873676325
879073009
831032957
967441275
812991484
862061045
925392368
808921046
859698927
1015071941
1065173557
869343530
1006927873
1072908113
966690858
865481018
1004746888
1058214201
826415804
1047543422
805454137
902024734
907370603
1053763373
958564295
885833259
954654845
909881670
1070975265
954766227
813965252
833128833
850574800
895336882
864414741
1017936583
833589693
872092953
860537274
969925646
976645106
1025984548
960184954
1069760959
877017200
828586903
811675050
1073295128
868646518
1012582845
976874966
957870485
1011407335
991768455
918588768
890010455
948005951
887353998
864975048
846879966
925127320
851787358
833013703
890482568
916514141
811574662
857296700
894912583
890937433
817361278
820811058
829968980
816832930
844852069
865989880
1061921448
999006838
848733523
1033757370
865998457
906337161
1008818044
971228879
953665628
850193991
989832160
1053042145
825277041
971750947
882593597
961841008
886416223
867026743
916809513
964204734
1022431643
903601042
1017337155
812927926
848877531
891865396
1022417029
1009608041
999527228
990936495
1035373551
1021805682
1048640709
857125897
969594655
837157829
867238705
973612358
1055307441
847773240
1017973168
1010558838
1012070571
965884375
927620756
839763430
1052015490
1033121008
1040664700
937054874
840134212
890607831
843555900
967222291
1015995909
955161406
820404451
905083382
1036934326
955004245
969666988
939482102
840750310
984405689
849135404
1030804960
853026423
1021757044
951371829
957313714
828622642
1038533858
872898263
807154786
873057933
941271825
910350992
1006317788
1007259466
1002516571
1013757616
895447189
873747930
870500356
1045768458
1015716006
845263384
1008707991
900018230
1031476173
825326078
1009532731
908694007
1023160855
942050345
872849991
805318770
805602470
975036045
967943607
897654148
860622783
819346347
924283002
922166233
1044743208
858294967
834820181
1072627033
955810448
932574297
1018654099
960083463
912943596
818901147
1030366412
860889046
894583058
1004899729
1049164154
1064631128
860586725
943446753
1056445358
935470639
948782097
868190196
1057409133
855542537
806672054
829502767
1000089348
943631140
874299444
1025423431
985486901
964550856
958584842
884907628
850136734
1041907176
817188113
897671712
809677389
827705633
968321113
981999058
895292245
999930957
839527855
962190081
987228373
970886986
965391732
1002358179
866400172
819910192
850046362
868091057
891365470
1045950962
821874779
1011868768
978078635
870567612
1027997884
1025369856
947210302
829120650
964254164
1057238023
1042683872
967688055
838150694
898465194
1070944265
1024586663
807227411
991216323
851566704
873234499
975937254
1061451165
925199255
899200082
819176386
936693859
835750414
862673169
912046813
949012594
1032481514
866370111
865123660
844558654
908268267
890800950
1040850961
909900496
832053679
1058518221
939774787
872533392
922967893
1058526836
1046756467
822251595
824346347
834071786
945957688
841216873
974480658
866971928
872485391
827020817
1048031582
985569759
1002277646
956232197
930241726
854024643
832368329
908161339
956823078
919073195
1030016048
1051654205
928340432
923213054
1061065467
957326336
941598808
920408331
1040806586
893998400
995815551
831744053
896794587
818883005
936291604
1006527485
1065918985
1056321956
946901776
1004614339
849103089
838019602
920406078
864621660
875283964
878947107
978537232
1044466788
1071626031
907963798
1060981659
984112914
947834100
825034841
1051544499
964799414
808737840
1037589557
913005866
1018961311
977291593
972581556
963916350
923475271
880532253
952812613
1010718678
872335167
838766377
907694839
832877947
965012863
1007359675
1005549804
863654031
1008305796
945804869
882238581
823931572
965304981
828607996
997123969
1012926900
966875272
936283775
905865265
1025267420
901308826
828477625
1027259168
1042239322
1002877035
905888740
956386175
875974987
847668041
896950995
840847480
986151386
911326501
1058626822
936075304
1026807474
1072048640
998938058
833959691
970352197
891905211
984053669
901309397
1005542282
998496857
1054586481
811660988
946113001
995825136
1025626904
1062785812
924559795
1031580522
868556741
850261930
897046710
827392758
969124711
904086924
1043311659
901381734
1041306152
817265267
837060910
981258699
1005926247
884468453
1050502691
876424675
1029221490
1034514298
902422388
918128819
886810575
857443161
952285313
855947990
922940732
914056405
965218038
973374870
952798275
917583092
930224849
867912573
952553943
933202202
948330414
1028426470
851395614
1000048308
816635975
818888604
926201560
980465648
906423717
1046803261
1002672913
1070023080
1020708768
870383072
1002788278
823533224
928860353
813920687
1023913743
999475338
807633807
949688966
851931242
900444699
1039260502
953890165
825462915
829925573
969517929
1064589417
1058702173
902290288
1053481331
1030409500
1006595294
1034990542
964572970
824549819
1022881773
973073051
850097530
849374167
857705159
815532134
1019356686
1065180215
1032708286
996296729
1027800012
934276049
930829452
994720043
841622373
927462336
939181383
1068765763
1009222712
964264150
812228659
1042407791
931015482
915804386
1023268114
1052471024
965327571
835856666
1006091241
1011100856
993530098
1040386921
934902027
1007394311
807549257
948534892
906716006
891044822
877400918
876701586
816439094
861906038
961253737
963286544
985906572
931841520
887772224
942183727
1005130032
989609545
931280497
1045611329
966976879
837790124
1015691011
829551288
808553350
870617567
936985562
993668359
1045703034
997562855
852498531
838374286
1015227596
921430226
1064761598
1038522707
1035470898
997195767
869322367
921764720
1072739571
1014664676
910773227
832869740
1010021623
839810144
847492091
948787302
1048717087
909025222
952548517
886662726
977139904
968043540
914063481
931521625
900136464
964801996
922434248
990487256
861197140
866352212
963566765
1002444802
959593200
987864200
1052447328
872051277
934508112
1022774498
814893573
839583328
947200450
1025320325
956509173
807957190
1001548051
914640361
1000627593
877396196
995657097
823740502
932635812
898677362
836934590
834193160
1060845128
859879647
825825378
1031197352
1051533521
963170882
835132429
1028318647
814559732
815784155
971088923
1038644677
1056136203
865616963
934020711
858680924
898594758
868836072
966939010
817154814
868795666
1053577998
818406499
936694681
1065960222
866589169
866135697
839675079
928057695
963157880
937056465
1053338221
844201619
854722724
992734317
835509481
902602939
852229676
1052307915
849048286
926046889
919497119
920681048
817865825
996254518
870701250
853398997
824872215
868087457
934577234
868676099
1046631329
880171868
887916956
894022335
892264416
819474866
910997232
1013392416
941417932
968240717
961740875
1019286943
912880175
857432658
951688223
966525744
1044764114
846532544
1039314233
905324159
1057449597
983566056
1056864850
875959887
966643853
852275653
1006423122
1062436187
885667747
1050378756
906185026
922732108
942204690
899303665
1030872482
882995957
823258084
931824539
837696034
835167832
1019815483
988636472
854794764
891148220
955540185
868843995
913667026
963869155
1064673655
899231112
1019850631
974548538
1068156863
998337574
881934413
960986812
824775161
1072234841
809450283
908859881
975766269
1030376700
1051210865
920821856
848896984
966385705
916168951
994829602
899863185
1034658600
889677487
893947120
872673337
952063768
1030059188
970282348
998935679
1055645709
919178309
814717882
1057810680
860000971
928950517
1031176044
1005649461
992907444
828060988
997916137
1025107037
941852235
957307353
858166387
839869577
987695734
1021186205
1037101353
942052688
843805172
1035314391
986901962
1036833011
1069036068
1024242967
919096050
935214683
983375363
954828528
905570991
806898547
1002309955
867273605
856958582
1068205002
1001476517
903026806
817292386
938239022
1052661602
922407937
1006255882
1034193730
987862238
937538593
997761833
850126409
958060257
924008203
959883916
1046118020
1069943715
851398861
934122841
895576530
964584737
1041251278
869344515
974256954
900711760
986317755
995777767
930217594
1056244368
965348153
953536575
908323401
884756635
1032698297
1054063906
911391098
970308407
846466336
880536211
1017464728
885904914
870283013
1061582610
812148692
1031447677
867226361
996139994
866181773
939425417
1003188845
1065172974
925910452
1032102163
814023992
942579178
870525427
825093262
978193835
811853168
1048077628
1018546628
987616832
831630808
997556861
964599658
913237292
845147132
957293191
941190386
1027637690
857012298
954807964
906786098
943826009
996386151
1062864082
943526741
911837563
842624206
838888620
922301035
884015075
997188000
977386977
1029509767
1036509467
830318713
904160709
913031118
901985910
829500649
1001176149
1043820542
991695977
1020012565
867107263
892678800
859563274
912994351
930335982
912536502
923068525
809580635
994429019
927565161
1018610775
1030777836
844940112
836081946
832012968
1042184778
881742724
811001912
850091504
968011218
1029169154
921356881
1071357272
1017603568
881503857
1073227569
963891345
1014652139
954753628
973295152
909504515
888461966
909799287
860157038
821913259
963325921
892878267
970087987
847454358
1006727658
897772590
904561987
898954978
960131942
829768913
969526850
1030621040
924188344
1072040054
980000164
946179382
1033297715
959983593
877539669
978755401
1053097730
882170118
1031760923
874346791
850332903
1007245784
1047158695
1009553706
982000820
855159942
1066591074
940224893
842424106
968050485
809812182
937877193
903662818
949132772
1002333176
848209929
1020170497
940456339
838530442
912473507
1067808155
819117965
879481057
858660407
1054759462
954107164
847287695
816626734
813787428
846500630
957951387
1010822543
1057610580
999000719
1000583342
1016398925
1006516139
904070348
1037498719
853407243
929353945
1034281618
971096239
822511841
1012961852
836750659
871596153
921535921
949529708
1036157098
906434412
912848596
867697416
933910333
1015552781
1030476788
931317785
881674603
907500846
842328083
1007185602
974468555
1065840806
850721230
910655470
896018591
847967827
990636653
843818240
1055194648
952404742
995560625
976622655
951499784
1007710368
1073699821
991186959
964911769
851293304
1059278807
977422457
847075379
919070571
888568913
973512655
1007613694
848942316
979787685
1031308990
1070449692
868062975
983555960
923023767
1019604712
914190487
942946173
832234546
883724456
826251142
917397066
838912553
908591682
897341869
1045252072
1023491321
1070808019
830536247
871443980
876993680
832927400
979915153
841505441
921121405
1045929889
988405842
903706998
977560953
1009268169
875796349
905927360
1059385700
944874721
905136266
974882448
938583928
875094326
962344762
954872777
928803054
886243316
1020646049
996143793
955967545
831032874
821027326
826828134
1000947637
924878141
845729362
907355230
1011162558
881770514
813205439
891027638
810419706
1061419730
978156597
806761245
860390837
1053434136
865093041
905051268
815802272
934065755
862852675
961924154
919197079
815721513
968148833
954693405
815106269
906066928
907114348
976804320
1064254616
1054076930
809181566
944509616
1010466491
827726423
867976876
1055900942
1064193992
1026302139
1047434543
814914252
1025127962
1000461360
1019891721
1040091588
1019355999
1016447106
1006057240
974520431
1062883284
936252873
1006974864
904247718
942468394
859906281
812928124
890865155
856029069
816088164
815255771
856332337
881132578
868088263
1028632905
1048111908
899587754
872769759
867584253
809745931
1046471219
975206331
1060559138
935901464
941636172
847658195
1034854237
1052702442
964860833
1032463687
859072722
988189158
828624526
817209235
903274086
993698192
1060610742
843015937
1027379768
957161526
1039845658
860827332
963227051
832725264
812264724
875211932
959359986
1072168579
1011740382
819680491
964942091
884667674
904107714
1055787686
823790177
909339073
965278992
823000663
810297131
849575136
980171966
1009903879
936274894
947047724
972976860
911918052
1017633062
1070350946
833804204
940345495
868890615
1060057495
878258338
961876817
945989489
965459824
848145492
1071782145
950495492
989690868
927867773
1050631226
907502524
845668195
823800580
957488288
864486051
966823396
985251534
837819024
962680932
977703335
880207425
837886340
909226795
1038058928
819833273
875734077
895022278
894169785
1035518136
884622176
842367831
826975383
977996087
970262915
921404033
936570297
975817290
988527480
974816142
1071353493
941844857
1027625881
1028245967
853234472
953370934
823521075
837595143
988824356
998359103
968561295
984549709
943864075
1056245245
895324031
809907238
854137467
956757806
989919315
1060932995
971457218
824007227
1001974045
986590365
1008056174
1016128476
856286352
1044223630
951868022
904885621
1001750310
901524715
957847978
824859349
984731411
944206013
994420270
868495931
910085849
1009888042
914348285
1045011208
985351802
813357864
865921651
871235111
1028590232
829454721
859026928
955625978
1064634078
861181746
878731184
825085922
933500110
968661152
805316235
851381892
937810123
1051647441
935726019
918656078
1048173522
997594787
902005422
941302111
992320532
865368696
902318771
1071140544
951592463
894389278
936163708
1030151692
943292798
974431397
892444692
1012099099
921534979
896766065
970213359
858557965
967924040
1026425879
947161310
1022005143
896247006
974331382
1029153005
1017488140
899002115
914197262
1030210092
995794027
968502538
954394804
895544965
1014879590
922292102
824387615
868060285
828807711
1024502411
847055993
934896685
943234500
949746070
920167724
890126349
943884660
976216210
997026470
876236798
1045515144
926670040
1039792902
983367772
1016657462
1010458329
813943838
970819234
824469510
927932627
953389103
1072351884
852192779
949636649
932713480
890770402
1025349663
959748974
861129265
1041827787
972921466
885606286
949747430
969264042
831452235
1072217707
816146667
912716853
1020655795
955364135
935221334
860564465
1065462545
1065054851
920298791
807328039
1016038416
960974926
812168836
852861703
984725762
908255666
918711189
992166314
986926802
941874459
857590730
835758602
1056258194
978221078
940796340
872094194
944584818
974513231
806036611
807637135
917654727
954434384
911621805
861843924
850432397
999752820
1048371702
948623025
1038569571
884841162
872335961
1043614006
914580452
945875049
1009886872
873186089
1026731192
990150256
965308113
1054592563
815427350
878876019
1028260490
957483033
1030456232
862732521
920903223
1072138468
873760977
871670435
866897447
997430803
1016240447
904820546
849104852
976409130
930720533
848580969
979239514
880192449
943086260
927793014
1042318844
828533665
822043198
880893016
1056678343
886701760
950533134
980675034
931357506
990269817
939130702
873200102
1053498102
1001197619
1000367878
908055927
842053776
1050907459
979986424
875356473
910806722
1071249892
832223613
1027154968
812515339
919234189
952101345
975898909
1039571668
995778249
1047428467
922316417
916751865
898961371
1009423027
1054228133
969580010
972523999
1013409457
867138448
1002095439
997436914
1026379534
1029086683
861845986
1016322937
983044584
994449624
1007588999
882623143
920271789
902446017
883325339
806159216
903747347
910204448
879972695
876405246
847269176
909108102
847051012
973700033
994746947
892139071
869827823
989047538
809339235
1055937391
893307991
962631420
1065277748
1067839425
1025118930
831104098
842614673
827266477
913998463
1005283774
886450180
938060765
918336612
824554049
1020411776
817929624
901964000
864745406
1032747603
913130382
1021466353
823362367
1073368554
848440023
1022019297
976551352
818369979
879780088
822200065
844639014
860125411
819779989
1070905922
917012149
1047186403
1015312417
1065588572
840301002
1066542046
1023505597
822344007
923328139
826262757
910092176
1005505243
842617289
1052715888
834610546
956939642
1017280409
852926868
878846555
945463859
1069279772
813499645
972557529
969810923
1007516959
1065967195
982084572
958794567
952329148
926536579
808146488
1055924119
1013119923
1026499719
897606580
845149587
1015116769
836196405
1028892243
1050880603
825187279
933960152
836929122
853034503
1011568614
818064824
968468627
809672945
810914803
820742137
1025990838
834450011
1058387412
974314711
906548048
984042704
971984933
887126993
853018896
948396710
1035174900
888531668
1007737036
806484282
1018939845
902195823
940959664
1020879585
1073399720
842033994
1037478432
1018725779
1003585525
1049507225
1010968472
858529621
900893460
914672624
920874423
1061095041
1016497079
850538104
1047281698
808346820
1042250195
820003617
878661080
997562390
1062966103
1052613855
1068775388
853957144
866659610
827083029
1049856937
894725840
975404007
1032069499
1001300492
1061757488
853736434
897095345
851789841
1007039924
949079455
922545161
951026194
959494764
886529219
990825489
962488292
1062512301
1060004412
934089336
841235555
1064901639
1047571298
827355574
1064349889
889077676
878937865
815016952
815757586
920696990
880618627
809813835
1069493797
1044093392
964868478
843654434
841363831
991768272
971401316
952356150
838850000
1031433281
1033074988
897224270
883686445
1067752434
1014251015
980259755
1012157702
926413856
918838585
881902517
900936151
950718391
874271663
1054976802
1033397843
1029559364
1034061487
945363028
1038736897
987365704
919354214
874955091
1057468747
1069999493
889938746
961074182
857139325
1045358036
1014017235
860508752
1022825053
983162372
917785964
1009894184
1028680969
959773160
841863378
934946844
925329153
1028697744
903243156
1071511156
911671185
821548227
956720670
926151236
817031797
866263573
1008987063
1052420985
917931578
1005960702
1014095404
976133894
1035133445
868140135
1021309990
1033918279
837573810
865036379
918078591
994395204
1052447191
878152270
829979878
820494940
1041094458
897001475
971614729
842306126
920367682
1034377011
965720007
844311845
893064232
1053296905
998236388
996637945
843896219
1046241805
932275568
1030185834
1041794220
933834744
1035722532
876863526
1019418438
854763995
919027483
848317342
938449371
960264221
886650820
929240451
1010139040
1034626426
979096374
866095786
990367767
974059900
986179017
940891110
853556560
1043127982
1047001068
1057909937
810792045
864440528
875843647
1023796457
1038676550
904090273
811579852
968090300
1052930764
847613799
925044553
883253820
1034577707
811066840
868400354
984681240
944006364
851439502
837983170
822595161
921273062
959191300
913211536
958772313
869469974
1031024832
897786596
914706206
964836346
910676657
1032283144
1005373314
1021506684
874081380
969086342
830540980
847437923
916165640
1027865341
1037364288
1067306499
1043522010
943362961
969405681
843184211
908238463
997381638
1010763255
898389633
1039596097
845196813
880613928
982145028
929468682
842833413
824908347
938493397
815931625
887306063
852869794
942487666
1008676356
964588099
922397742
1040989025
853192714
1039053686
967025226
1002645859
852749514
906408151
998737677
878837267
825530018
850966568
830947654
1027608279
831449329
1029868452
959458588
942134500
861651317
969073168
1032035301
837473476
931683286
1036948087
995744320
856128905
966188945
948553061
1036900630
993683038
838088766
890533316
968544879
1051863157
1047908746
921019963
813923102
876077507
937138584
858540975
831450883
946558007
830690714
965474241
837286797
827233957
911590960
873105923
856414045
1033745695
888424528
832492811
1071064959
834271316
924215317
853075786
1065521097
1001671787
835848746
806212512
968645290
901962206
1019776649
1062264058
1045126681
996006579
1044653999
870869105
985260758
848243909
1058482685
873548105
856719859
877365500
998822955
1027385636
866132240
908243374
854627714
863578012
943378547
871890967
978725798
838608596
1058682863
967454692
814436449
1026872680
1069779178
944650294
938706014
814287648
922164620
924088437
843017845
844912505
966624364
1066800324
1047433864
1039289683
918682356
959414621
837441394
897386737
872736890
879044124
861007234
906490228
992678890
839046116
923511226
998637819
904560438
893257470
896611025
977315444
1053740911
1035197133
996383970
1004951897
978971024
941473820
903700913
921113973
1008885375
814382747
1056473342
1063634519
816439350
828837117
947337032
1009851769
838255037
886163416
1002878795
942999257
939794457
826102007
999156567
873816476
996187413
817944584
1027051380
1008205264
969137585
963861008
868186212
1002979604
953675105
873125365
848120089
831088343
828121906
864859422
902661775
866239656
901891487
815338825
820194924
1032820954
867653687
849710367
897746230
952608111
817771172
886712175
1071160723
859706320
858085960
1070669456
1024666068
814670146
1070461773
845070454
1048278183
932901185
995671036
830860465
902923051
1039229878
963572523
1051333362
1045259622
893067394
1006751822
909223855
858120277
981541697
1046569019
905335695
917684078
974366925
1035859725
932181223
840924419
1064402273
870178132
856448291
871421758
877505521
935352832
911408848
952944661
1041226048
960464001
810187069
844643007
1017778308
957747257
866638516
812338158
863562256
937535250
947351846
893469589
1007793385
918916439
962281165
923039764
870572187
860089188
885873740
1037472451
841381919
931020383
931537697
1010373811
882622365
982754251
936636069
969444028
1038162905
1058941414
887163899
874402156
937214000
941868139
973858471
1061753336
981528182
1060205921
1014962618
868018386
889984380
872190800
968029594
881777249
999475429
815899809
813566828
809297528
1055533121
878945602
817615516
833478103
1012938993
1030820413
1052028243
1065457549
891519804
1053395219
967578737
876083210
861149994
925460812
849771955
951562246
811143657
962313767
987886798
948790944
945683133
955707687
985555449
1025243673
935407168
870245455
991683158
1030285011
819078244
929111719
831155653
965570282
985524439
949710787
882096462
892925228
925703174
982075832
823686922
989766898
1022068928
845714830
902863197
982427073
962127814
988123599
868098152
939122420
927854701
881229022
894209828
1014282212
979664762
892059895
875061082
850862357
913427383
922871177
999148223
826951064
927877018
1061914094
1015757865
994525322
880674572
1011607672
834018052
878532877
867412004
1017857948
993075014
955916983
859305259
819055986
1055844659
1020608031
826429019
880586606
988326930
942872133
1063167261
838328063
1024582215
1054456221
1041665470
970552474
983105584
891584113
902117140
888818175
933024699
861220993
1039209558
1011514617
916104088
996033314
901840425
877440666
902732965
1051788294
1047493632
975699779
929661002
903144314
982499330
1072870320
859036030
808852577
940882902
1002993190
992282554
946978682
919240469
1005790505
931974045
952559690
1050499338
815681709
1064065310
836545490
1019483230
954105290
1038513813
995386228
1021064855
842775643
841609013
1042348399
1033195506
923464806
1028820675
859091903
1023107845
893291295
922092536
1012608001
1062425686
1050210725
1067168757
925554747
890900184
826087748
834684245
905462711
944417866
876218494
913934785
1071834414
1073253771
908594898
891470682
1029251896
1014469625
947266065
945712896
1025455267
844204459
979773486
896012328
861023629
869097983
949513831
991622891
892796088
946631230
899581162
829570319
1036358580
969848925
1003108721
856563418
855051814
922946995
980805038
953031491
1009957402
924124846
962623272
1006440762
1012643551
1023173835
930610398
811790850
822929246
865691628
886060330
857763881
1061762118
839499277
949769551
909186989
946398113
980471640
940723745
877838064
990933730
969510817
911127572
1069825567
935612950
827092505
979048668
1026376662
834059246
869977199
1059862630
977787647
812482127
821713711
881300116
1019209495
821147144
836140657
998255956
857035363
932055465
948370337
1039329854
825418383
834527626
1000985529
854355019
934070823
845414820
990139203
998994682
1019914105
923608069
1062377287
895179619
1004316277
883319241
1050631444
934594015
973890617
841949512
907353099
1063843125
922131471
890075618
937463656
940884999
1025183610
888359263
996307657
992934649
887355011
1059942908
1024766660
928017037
1063518301
869646748
1027493309
830324981
818873026
876873410
1041954425
1031080196
830385810
1016838772
846888103
827804252
886328961
992010764
924231266
942845943
1053545186
983292931
1039212003
1068504382
970815142
960792674
991192659
1068678405
879309362
856299466
940652799
815750979
948564595
871214301
876393711
810958370
1023424297
963346269
839435293
885827232
889513422
843080872
938382114
885629849
964281202
808814428
927065082
1000197656
834500597
983335460
1066419053
851530611
1055685864
913196007
1068173614
946715993
1003751934
978109756
978828477
1016292026
1033986178
903584147
887550980
826753392
1005637534
1019313730
970870245
810967904
916044625
828694100
890857049
997478657
813281482
986193652
1056030411
957168812
871559980
888721152
923644251
923140393
1066290149
885282829
857733928
1063273453
825060685
907368504
806363767
1008599487
815190375
1032514075
812996105
869429946
869119456
1020913498
1070080638
845185353
987317968
913686660
1044209878
866378288
1047190098
887257223
1048743708
837959125
931996749
1073031036
888304169
942436774
941350543
867080152
846865092
889758196
948232319
1035991492
805539586
956421291
827730070
1038235491
938843170
808799661
926711204
1071239419
936407586
877067975
1025445852
894538298
910265732
888414523
862241697
940544461
974281557
1003853911
1019974411
816323185
861982535
1059247610
811651234
1022132281
888052552
843458089
982524149
1070224243
873475619
933702163
939643578
1070467795
823532400
873411293
901739437
889216029
1009773206
996533690
1054587334
811991308
1011424221
968159687
1033986887
1066351023
1016891220
1016398532
1022878219
944432634
907245255
898108100
1069647981
1073146257
979535359
1039218427
903581512
997658575
931217835
1058358298
809922508
876633733
827540792
976437950
820037198
1056275887
1032818940
1054190892
887888086
905693936
855795529
1002485277
954458169
1068940189
820550977
986231064
955352233
1041657626
948831343
851650006
1003058952
938417973
865318832
882911584
879842632
833388718
990145840
856561280
809759141
1071980364
904336648
944724251
885107615
967712344
1047113259
843381875
842084714
947034157
954758129
975328573
929960010
1072421386
1013283611
830382043
937398549
812507020
1014219283
946982645
1034307924
819168875
934932453
836995991
907308310
957842081
1006582636
864089884
864138373
925208378
854863713
886741007
936212948
932585446
923180009
950978017
1019219042
855914321
887466888
837436505
955748345
970918720
812402989
954965230
1021302744
889696599
1036113530
957044858
961996030
1042965353
834575473
877623716
888114196
997489519
1052627718
1034598564
1016503986
1034096275
845736950
860726466
885301479
1070639397
890935334
885625702
921143455
996559924
1051050103
855090134
889644507
1024606128
915282569
854945878
816195251
811389416
818650990
999002084
1006195650
922745874
854652510
861450299
923394610
887693784
853597679
830532287
996047160
908297536
986927126
845926074
885614087
960119052
863064859
966991031
1034726681
815163314
1046169214
997644481
942006911
813205309
1073137751
994529178
835129354
829177962
1045666705
1018919486
977492060
836398260
1047548562
957928987
1012942626
848105482
999912876
930471572
1050587888
853980800
917654316
808537424
908911841
936700467
1011972936
911666178
1007142816
1021196511
831221215
930099092
1000245713
858563055
876096347
1035475738
1036657661
918836401
811695802
835156046
847437522
895318951
1015341754
1033294100
983285175
1035904266
855393009
1030457186
1030068869
808729531
883944310
891287977
1003254279
959685569
1009370304
1039575538
993122562
951497352
1007602931
1048835139
938360639
813281638
972833987
904016520
968256545
1019659379
819419169
1016460239
948586349
874042387
901953479
885992755
966377383
1062676293
880001080
986314595
926367457
1047616272
989768933
1045393068
891663384
945517877
866982727
894660382
1070760819
886549943
946737053
892584929
825504216
976839466
849892146
875576222
989785926
967812270
1069875234
1029884990
940442141
866360427
1030379407
967918001
1037903730
983597211
1023017143
1035886481
925144854
1046010189
1041470862
837184325
1071853138
983948699
917987964
1028519032
962805087
984189735
1002094853
1039039563
935349047
1064064292
994984736
947950491
881667203
921624122
953503429
1064816105
976104061
998148882
825412183
1041720793
1072674329
894551082
853040673
980636888
905365675
924261820
1028848309
930826404
811913502
886775917
1042403783
998644342
835820664
856849510
809868800
924885345
960297253
889900312
881702578
1041489153
1062638470
805692001
936035287
1047200828
908799985
874276233
1020524510
891823226
886167107
954392796
810916627
871267508
838822214
813752653
1065760719
905131648
818284264
872771369
845711888
1001188249
807932962
921891243
863175411
865953067
1008976817
945229832
1051253524
969068234
1030359413
889849835
1023931293
1023640351
969727198
814076090
1011066974
972113546
914110982
851421784
810422792
1021780813
909024388
1037041506
1069464160
928766928
1026594410
930874666
935597062
895302960
1069441906
859982299
973972337
875925614
890188537
982331982
897166275
874750631
877068733
949812069
940384111
960283085
846086510
961678689
841939398
922357212
942595072
1071807058
1027612916
808718069
882504714
925868114
999236773
883607369
849433614
1003147354
1029637809
899057982
866141510
812761658
949900585
1012876463
924699905
969797196
952312277
983712521
1069940981
1071955622
999840110
1056647280
886415283
993976173
1004242380
827175744
864564685
986314033
954993163
1056187464
925239484
1046025621
997926165
916386405
939898702
1058906269
978562154
929090380
970706584
959773904
1050663957
895824208
850087080
824300441
1009090263
851117794
825760224
956811982
839520224
1021106805
836847419
1008593299
875018680
881747696
830811100
880726548
990363033
976126025
972952236
908459750
850754298
899039098
1017457343
1018772981
829493667
992227018
1040098035
896445442
965182274
889103059
1004823458
861556020
810528001
944919987
951150990
937966158
1052009375
863567131
1060698060
909748299
816004508
891750760
922880100
997362102
826856817
1028531838
884892175
983856129
998026767
902679103
885796892
914841750
854216247
857479975
874053294
993776926
845219377
1020629606
1015477958
981323168
853965877
869191570
988601143
1063960823
865081356
1001018393
1001551966
895819959
962342589
922372362
986403401
1060998727
1023399772
830114578
906418942
952837431
1016635917
832297658
870699277
953702033
957881471
875918074
907682929
1035622606
832588207
814678342
814545571
843937251
958654169
946936276
980113074
825281493
865483005
1018435463
942065990
828997886
1008220325
957869865
904726020
990241866
847058789
815600254
836022771
1029364534
910304167
919948676
897876444
816787618
944280285
983808639
996980118
1058842478
836897978
882970973
1068026978
938950561
999031342
984296199
1001680337
838495335
919709431
853498826
980315863
995236332
1041763786
834303632
902504271
1045088192
851460487
1041730758
861230113
1066882950
897051655
1073405379
1044421461
1013291206
814639729
867046664
925723627
1036598659
962731041
957183256
861410673
1039622707
990662897
910079619
1021341222
954857687
1006640391
844496917
946120078
1058986499
1029312313
932311252
938335664
1060040627
943596114
1060322448
1011808308
826655121
1027974198
952652323
963949162
984486829
970779519
853309267
915711645
820969169
912162944
1071767157
880090846
855684377
856191573
842077007
1062228443
1058543481
929442389
808953795
1010008833
938939599
910819589
1038998167
951749979
848278509
847577089
958695424
891665305
848356585
1062696932
894847962
1063324837
1052761041
885882942
956825496
871122590
822744644
958941753
1036382701
814110948
985019608
942730916
1024062629
820608818
908111059
979160222
928574189
1021214996
926498406
1017564849
986247978
1027002120
932237644
929197257
869179624
840304205
945946813
815789887
1033074552
949374479
923636593
845156733
898952227
1057692587
1000688672
884510708
941332853
1020678379
1061873910
955196038
1005218549
994163432
1027474869
902124918
898355354
1009669287
996175402
811378226
1043689552
963970631
810164452
926733495
983641465
833725609
937328034
1048488248
868237874
1042002746
962202562
923252245
1059271808
969704404
951108434
950579511
1011512531
1048541922
999159905
951775002
1071425786
897186787
1047585728
938537690
1067789017
957884015
877824353
992511105
893181490
929326046
988165594
843938512
1048917249
953988357
833352193
1013301048
937504666
913554719
862349282
935299494
1008899804
1035541253
905712920
951490218
1057302851
968242781
1066417570
1005786088
1000491477
833594447
1006926665
809101892
1045473363
988374352
946758432
884721951
1053897164
872916613
952680842
974923252
1022550444
876753475
877471520
879661197
962167989
1011670603
959842248
1038374442
848895534
914106181
850242042
819486599
1041823314
847649298
858288307
920390241
894157667
980371176
1028204201
1064360926
1056671977
918647023
982503244
1037062940
849526637
1056527516
869805992
825363542
854136483
874843512
1009395669
973673828
1030614667
806471804
950478307
966351188
1061415408
871678753
1066921105
882807410
1010401775
949891696
866320851
916889859
953190634
1041830422
828996799
950206147
849849156
893151617
810879955
857705835
977947862
1014807257
917368991
1040925163
849938190
1023142949
978522999
981159747
909763224
989014470
969788810
926340949
837707640
846216599
1040680738
849005110
940777393
924473864
953005195
816484697
1070487577
914656408
811575093
965337370
937895141
1005771323
1016740027
1009272824
940164524
857191651
886178079
814686200
965592676
828614810
919053545
999331770
938675233
1014435077
898552913
1033695883
997200251
869997326
950176277
1014184809
1026340263
937463444
963605821
923707112
986917004
864438599
826974081
814014671
850518046
817555597
943478973
1013659300
1055518284
978783275
1043164110
926853933
873152389
994215603
1018230061
829966818
1009676043
811809751
949854481
1048542493
831400359
962297935
1065175996
866037887
938096734
808551315
1026072998
1058843828
1037891564
829787654
879575862
986957684
938601216
893573161
849470617
908431407
957014179
897064354
811918015
970480125
976718664
959972693
958183773
884382588
1068811818
1018680702
927435294
1017384775
1041954874
823323548
811732561
1043127964
876553074
1026630240
1052353178
928834468
850394159
945624463
955333104
834670302
828140906
1010814499
1005358593
1047800961
926653503
976513624
850749306
817151521
816645942
866801298
940895870
937028967
844243550
997659607
918994826
974639875
1003970622
986299739
894010513
987520850
820330914
994653283
861316491
1027493508
998168519
991913845
1018325979
892258778
844307918
1045136274
997445485
905877746
889829305
925930738
880125316
864565044
973110434
1015222731
1022237823
934839060
980016047
990907807
842445994
1041936466
849391779
986053085
977692525
839376568
869630475
818035629
932321328
899207544
912258968
872415394
1011622779
880116061
1028523244
881078413
1046023861
936696877
1028259158
846915376
954536883
911459445
953964991
909541432
1066129891
848637098
1034318181
946703689
908891303
1035596890
1004114882
915503532
1072945285
831610960
811634641
819461039
1002738136
874970817
947788168
875419099
919363930
934195227
1056356287
887056266
875525493
1042083762
901409275
835472374
1000107939
1034556072
1055121433
1012799977
922512762
1064589545
938559496
982795611
959786920
993660648
1072734115
887211696
1004290746
822773262
845661645
907804456
1017588375
808687170
981486462
1045174354
839096280
909349966
900218874
940606215
879903390
913673512
905589212
853318650
905591679
850245013
916553435
942785359
964691531
882148254
854361091
1000146375
965146529
966684483
860881566
935021494
865689150
887210753
976853171
986719162
822338719
853040398
948566868
1048040222
1021869366
1073704841
994229088
964527204
1012193253
1025156326
832843726
858064320
844967596
1005204531
1019443181
824555949
901017129
1030445684
942041663
975935043
868430394
815849266
970649369
993546997
868930971
986541790
820338252
983061808
856399873
964553343
974889427
1048731860
1000705345
1072103103
831111715
895186387
1057946869
870375198
892217654
973033770
941061231
869295526
891399029
1021787191
828364243
1042706541
816372893
951709865
883236429
968104424
917665574
1067041797
908826793
894930714
903619625
1042532333
987776633
883529129
814960339
1036357012
1003540060
1048942227
814386517
1009915183
879972864
842507894
1047665503
830523701
818942899
886587560
989418695
882561817
872574863
847367511
850893283
805621447
868963043
851243095
978229332
866088118
1013815767
992028988
1048595857
830859788
822217269
974342397
1012028753
904156431
970324780
827731490
897617494
980225605
1034789266
891042384
1041861425
947602701
938782548
1015226178
983093573
857149736
1054939322
1033239082
1017955935
846394255
901804707
1056685937
973226662
850401679
961691405
810364074
834817449
828382885
931188383
943668758
915299866
910176866
1031639138
1054802558
894639045
913974905
932933280
954022732
964959856
1007749472
1005174755
927759104
893900263
927991646
1046778485
1019509273
1050301104
936120914
821237231
867081242
1040223205
939404292
842477828
878294475
915300879
971716200
1037581268
915805024
1012909344
1008115642
946242607
856637432
883398184
1023598349
881855307
868393187
1072827875
1048121143
913304694
844504141
976117620
938083994
906734132
901960821
913443045
859539139
808105877
1046517694
1025443845
992806202
1047957227
1022812429
1034641606
873710507
1066383544
842425298
852202104
926424449
944502303
998830227
877127598
902523360
986858213
947791810
853498067
946249620
887949722
849013085
871667167
894551174
805775017
911414018
924047059
829545575
912180239
915092102
889332112
969462153
997139298
984504012
1052753714
984813968
826847614
1069228055
1037579306
1056880578
930540832
891714702
918151343
1036864820
1063018476
868386189
869633046
1011237228
902250725
864487802
917921403
840513422
813201016
973316371
919725822
965449014
1017694760
1004745111
840616832
1038937463
1062320898
884080351
966559978
1060734028
951588614
989921737
850213369
1072048144
1026597016
810792759
989347066
810485654
860313378
1051233836
882385032
853573815
898930425
1036746205
839141451
935089167
1040621692
944421166
898816906
936092204
864490376
814460656
893664031
813205286
880228078
843019356
921896720
1011213512
895764928
913470354
839367143
895935375
828535074
926866485
1018657641
967104281
1050851436
1029509147
1030597126
1022721793
848581537
882335918
869111948
919836083
949040786
828043298
1010936305
1018154131
1059580738
1069131298
1047172247
953628512
822018046
841097415
1040115600
958868386
1021805486
998289280
1055736676
954946530
977562056
1026796935
907727164
1060438098
834305395
944399315
829212913
830098209
997603570
1066140432
825368418
936972850
1017016087
952538235
893201097
994122462
1037326821
1073636966
1030110446
960821305
805409355
1015090982
975714177
923414772
1065997921
1021234345
985284872
994924251
848933023
1031326927
806494327
977397318
862562754
837881302
951911854
937110520
1050825396
837399226
1053801358
829165689
955226149
975556052
883139352
854969455
964632018
1049608053
1012592505
970878303
828162314
924959113
850383234
832053173
836385997
843734903
1007189577
1055398371
1041515049
806557997
868654725
861879435
1020760179
962324878
835586612
839312178
805751673
994773370
861252234
982643933
1054304404
1035248687
970845578
1064146124
949879003
902155588
991712210
1038139105
848318047
806084835
943374142
809909015
1066034681
963623963
839020368
921315851
886087781
1036321823
1020398488
1021515769
866784522
857769517
1062522631
998035044
811150576
1030124334
880849892
1001586875
946731952
933675388
913887705
956361629
849321496
1067285475
978186560
810812320
939595532
840279955
1054210326
962506124
902877706
932272680
1027364824
856163664
918649239
1038078787
862437400
828408442
856963734
1045526720
1023344369
1003452972
1024057545
1058161486
907323935
933807395
886057233
947186444
994339126
974013212
905170193
869438892
903110357
870098202
831746132
910389947
998257956
880338633
875461831
954641975
1067600054
1022911322
906728872
1051411665
1062387034
883227977
884559450
833031905
812458213
925422143
845198623
980171314
840985416
894006455
1044379371
1023291545
898158547
868207095
843646650
1024183661
1066987527
895461168
854193377
1013507610
990498840
999066937
957750945
950923380
1057324596
1026501938
949388854
840870161
1009770957
973248562
1024961776
940252408
875896785
1014272284
826553324
873990783
811308578
811295848
874236020
952859825
949459377
906393283
1044323815
918102755
873791421
894605424
855750146
933259488
917058954
929595779
867994123
946371861
1060910776
921573391
981573527
863229108
1000702029
1015142011
1039219703
926403537
911896406
823524736
931666180
1019604132
942610086
1058075249
996490326
1036907496
825343924
1030110065
873258382
863846443
969409558
896140475
850182098
1004198025
915207761
1029125797
984908497
954046074
863225015
918673671
968579629
1065152011
874561488
979708522
1063043357
834036375
1014565882
1037486262
909743963
958579188
818125939
920516224
818261410
876474131
1062796190
1068697278
950180486
854519858
860966433
1052352850
987408516
892578574
806126291
931756333
1035194663
891187929
987408359
942916558
1018695385
1055502339
982605608
860183080
875472075
827275145
897901912
823916562
956826002
914670793
810409097
1071287425
808699696
918877162
952807178
1028111710
904091684
885171795
904374742
951043735
1045345314
979759612
1055998746
925844393
940349633
979565284
1023761779
1063853173
1043914847
981281979
921398001
881259159
960400156
921749739
826882684
881798281
955448613
960272201
1003765280
806324919
881404461
1007391217
876807019
897903106
821987480
830643489
853901970
836236651
937286077
1029790470
918408465
949786867
868980637
882202264
933671187
993340072
923796811
936344609
808030226
1053589960
857250357
830825598
853060952
996530480
1068069524
989410778
834679796
929264535
1055443457
835110375
922905848
978506134
997582884
828119400
933762311
823771115
894462520
814672125
1016149431
850667442
868057312
821653193
825971260
924490054
858646417
1068685961
849489587
1066915867
906348999
1007904408
975848126
996657403
1013721355
970213633
932347189
956218789
935289917
942507847
909527103
961368703
879767560
822291890
881533153
848157806
1010655818
827666279
897216706
877301625
855632204
1018515638
923848657
911754212
839354658
941177471
947933624
942548536
958077451
1037045096
987271314
1071731177
897096314
986801569
842598600
848358881
892883524
1038825712
955163278
831548582
1046076344
992777611
944939726
852891176
974619894
848297596
821797163
982485249
906003911
914199269
1064960233
952188413
1063975664
976483633
1016027212
1015299345
1031021603
922920725
950256232
878416481
873434686
882720625
996017657
856687564
913965063
880149969
1054379855
1032766271
890268060
862867171
1038528091
824122244
810936556
848959222
1057646216
812368484
838694212
960780133
813611250
1016414108
1006054578
1042798753
945107815
1019557142
1023148604
1057193839
990227557
950116242
1035452169
941693137
902416397
905272827
931794404
826816873
939378457
999002347
983291988
877327525
875419846
1004460812
1057589306
848164796
916558152
1027231896
999892318
953795789
1031523657
933673744
928182415
953588801
841728928
872499460
887553678
834866691
822817836
950186034
927997425
906716327
900324726
881455059
899202778
1040402552
946977777
1009712784
815256322
971590997
1049547662
809677085
947157721
903388730
842703334
980106588
863410907
936765826
931929581
989468233
830385554
1061847357
1059151080
947283731
892370069
1041253339
1054194470
887264429
827829900
1011273703
925848839
1073523021
840872402
964123827
825428632
947369111
828700572
863657592
941638264
983260770
991498854
842733141
985813038
1004179392
1030123535
1000718208
821881764
825374363
982051409
1005180727
841517062
826452444
966305159
1063407968
921514145
825591813
812658703
998615591
840950444
946532427
913226956
1005877306
951167239
952121803
989376802
936135840
970865309
1051020991
887719882
984381690
887491851
902613043
993351275
1035700517
889835022
836636194
952903608
908275729
1057253735
980787362
845526146
1053804769
852267131
806546285
1044589575
988590107
852283060
863806661
901392412
960063499
942211581
1046647746
1060443680
916676644
1005737320
827939124
830708352
818271933
876991873
983508617
833426531
954686945
813892581
923013515
1013824776
1005572110
924971166
958193699
928437567
1064744588
959927627
926356589
865829661
1015263472
908968220
870863902
974302217
865285658
952923428
1067191916
807824285
921512243
845943282
920564261
838794312
821613076
828377718
1029858014
977229975
977313258
1029285054
966813374
1010330592
935910527
1064945002
1025919580
1038546882
918961452
924776835
1052342547
832201808
929762065
1052188029
954184760
993457115
966598537
1027251640
923866127
931772707
1009930445
918281874
967040685
948340826
932502547
1030666623
1067250495
854409090
955622242
808178300
851996115
878442373
950456711
910535572
988742008
942424028
982751495
971079850
851913633
902377007
851838846
1003057137
848845971
1062298689
1067744878
937344371
882522491
1034574342
1059697895
1043399024
975429725
902650665
981500992
893442038
807659581
846914660
983985931
862071807
1039962009
964374867
930987292
919567431
821769796
849135241
893181838
1019475241
949947665
814156166
833931220
1052141201
1045763098
881620912
1030428677
884470367
1032754771
846361710
861055406
998285272
901163123
827326946
1057348666
910724087
984927399
1046338383
848890474
810882879
1038561166
931418299
990813114
1044959780
970667345
808434570
819997294
836029651
1065508739
1053956230
1035120026
1061941250
845916070
913793390
828687723
1068648163
950007607
868288530
1000767022
854505585
913044491
830475327
852943563
1052184527
990288535
903019914
858987837
1063263763
928332825
902407390
947296260
955687195
909762932
1035343794
1013875110
831980196
956405272
934952607
932778167
1005898030
892443928
1002812719
1022896193
969981397
1063436210
1027206023
975452972
875731737
987086301
975838369
1059901887
943338497
1055979397
924981701
1063684997
980545162
1038518056
1022910165
972282300
988453048
945486781
1069567022
882238922
1037330366
824113358
1013904356
927128741
860669404
874143677
819766567
856952979
1037917556
982542860
1006543140
980729528
1045855363
994699550
877522305
965149707
1030562032
1060929771
961631798
848068793
1007645999
974877459
816485881
987461353
953260946
971791022
861639627
913167296
812530316
848225823
1027168374
1043527561
1034127430
971230399
1017143637
939407705
831425902
842497589
959416387
824324477
961333373
992866363
956086245
917742241
839672533
1041549382
1046153983
881218427
960829388
960210178
941419743
1032504129
974448222
979186593
925146830
1046031563
962230372
893717991
822595689
852963677
891531753
1043715145
928891438
816818279
806474245
1038097019
955661616
963661559
986718013
1057346982
823840606
871073246
1036252621
921203076
1069210352
895593283
848979780
1041509596
923546201
904248227
995647026
1038547738
980994933
919288729
901221270
892397322
991761419
877495124
833843490
903645990
830845815
990668317
890452341
867683084
954927741
937874538
875918491
871961127
819203811
983583931
972136064
1045968435
839368357
999460597
951749768
922696066
1043331009
882178038
813622099
854452666
867512324
832631404
865374245
850849552
1022918950
1031165241
998645062
919727894
975456327
1021480297
997308793
1038100116
821190633
1047649412
910330225
844192461
1015590359
1051140612
837718362
879792771
1057919300
904799109
888491914
1063265198
1065799167
850518145
961290874
805326165
851875911
821921153
1026523182
969991840
1030900076
992480457
810712938
904229349
934997313
817998314
849065709
819325228
877696687
823173292
982202631
883900273
1007271252
820961893
1021100833
1067197592
963971452
1015797155
806322913
946457273
1007947179
1053437519
1005478713
831134170
826112875
888511234
989212457
879073479
960756065
936451701
845481942
979224761
927783234
887732611
1025478662
1069718707
872774320
846924677
992462544
933361504
1033313078
833811431
908841309
912787804
967776683
917832819
829657201
923733053
845190418
979621256
968711578
806694312
1054837982
960766971
962450131
940836740
1058285513
897374260
1036409975
1022392358
979665027
858294413
1042750034
1020071410
1020798586
943178969
985754300
1023310898
1070641544
820457994
814842700
922621034
966857142
867822092
921967431
835410016
1019975193
1042499944
918373080
848976770
820350239
828167213
1054820401
877646702
891457687
855404902
840901385
883593421
844302866
919074161
976345351
889023576
1009724636
924793622
1007242616
921991650
851270475
840939037
1038756207
985735079
916038092
901089623
1035221455
909198968
1073591368
862336091
815291679
896581993
969576054
934281565
946599398
1001638658
941037168
880003163
913487909
1032790443
961178841
907159933
951198284
1003737692
848621372
941706608
993469103
934448514
999827739
994486479
847064878
1065902904
815620989
842163829
860832068
957241865
1058074620
960232768
898433735
996788143
948809103
909070060
1044224300
860458462
884295132
831519069
1014479654
1028378058
920387500
1016125677
966687697
993763652
955482135
939655899
1000848306
836469530
898286467
831147525
911294907
851384984
953162626
876205971
964885789
1012960705
1050349734
1026785809
971623701
1033253011
1009090989
1060691098
882226746
870880963
894469743
904353045
970713364
934782333
1035731342
836997707
811502419
969917011
840898527
1027869444
950741187
859573127
808010763
892561208
814997971
992228183
1058344773
825485439
948366599
863630157
961969913
1035784353
1060477710
899482274
920185448
1029429009
892249314
950048461
1065203229
864290817
994143120
902325145
853220816
975416480
958463773
847101008
913301034
948307549
1032665900
810234659
839618905
1070629905
950829104
907331999
843572946
900642037
976007422
959480045
848208335
1056299682
999442179
1021172111
1011347975
817043152
875212092
1010442128
999970501
1002911901
1042584322
986395068
973470863
961754153
938987136
844076619
933545961
824660840
1036322444
1053640423
971704789
810269165
945662424
1049884096
1026316338
1012687840
1034100904
807809309
1050818126
860539677
1044317100
824658671
882151972
846191615
1061629959
817050165
884707862
925960397
1053616601
883454266
958669493
887833293
844049279
919303471
928753071
973489520
895936428
935477419
1062621339
919106595
864363807
919171325
1031540085
817297972
886894769
1043705391
918553389
923160444
1005480592
819629405
806168107
827487030
1067821019
853223595
818230305
923281761
850547622
1007028626
1009287022
923893106
1034487404
1032802283
853087062
854191717
811441054
1044625766
997866616
1031164649
987344740
987731379
1061016777
1056555271
951884151
1022616561
869496269
872087404
1058973498
1027724417
980599983
956246133
874785466
917667663
985044437
1048948304
850289592
998275416
1019637080
885305166
894346868
1014201244
904438449
1050345083
820893573
898740909
1031875266
1061948061
1043365910
1017401400
853851563
816977150
972090430
1013006057
1015603183
883245249
1002707889
1058202910
927248703
995413729
890524026
937219034
823708676
888449563
866108463
855364421
863023121
819182853
963087756
953206173
1005820737
914921318
897213179
1033071290
944909422
1020803188
1006626292
873273618
994554582
1027134195
916400755
980172185
897240143
976441063
815435039
859095267
848914990
987193908
947173714
903145237
891913683
1052973595
847048145
846671338
922724665
855857226
1023812770
1062506848
997708193
840588162
947040016
848672506
809162535
845948222
820052018
839209435
1009797233
899680953
950322246
946162422
986922581
862142270
813435899
900274446
988694804
881713162
847093719
824322147
1049998323
855351024
969886491
964384025
810791212
994240257
969799768
925336353
829913857
1051618821
966623215
993971436
1049174346
897988904
982710996
997573201
938405998
1025674759
948108159
1063475295
908089561
934612053
907308526
1010992404
857992782
999484678
1047573799
1035749836
1003106770
816737593
919383096
903152423
1004663387
1009014971
1053598689
1023160715
851092830
916676344
994927045
838432652
813992856
960920755
978555398
1015521650
879450900
876514949
1070766600
1009620925
813464342
868997025
973420212
817433883
1015002511
1041921619
993262901
880981720
939378285
818542648
943210593
900098796
912803590
947084234
1064156284
967912413
966700834
1014770267
993428992
975664255
969668780
809013660
1035873882
1008203386
1036858049
872551500
918752611
947253628
873168663
943884661
820951346
877355049
996492613
865072896
872010053
921492915
963860867
1056142384
871518347
1052392661
846225491
1027688431
1021211950
1003738361
1002387617
923924501
1015337167
815637552
918358088
956095218
847186995
891957984
813247084
1051514497
1002070009
868281094
925400288
930227773
882934517
853926317
1069627055
951619033
895411630
1028421816
884244593
911325951
966290095
931507452
863631499
923189114
955709573
814133750
1038002963
985577554
806495344
997305165
808045988
981712038
843838022
833879365
873461048
898977123
1004487973
935767308
1025944447
916655656
863824467
932872907
828687212
883039405
1017755110
865734986
1063822908
1002871747
897932701
878592612
1042507169
1043564519
991497688
806975533
977764344
924587642
997232898
939958177
1044879067
1042709021
1006940117
843252864
819648722
938808948
809540612
978601517
832123049
1070504671
1026254421
882463754
942471870
890670102
1049527722
921198298
861430122
962534292
951925920
972553327
837953756
983965165
969260236
963077470
1020928167
981452713
855015853
999549433
948334000
986450237
999606415
942621925
847021817
872588184
1006087982
979129305
927882549
969846949
815069384
972079086
955292713
915381161
930228533
1071158725
891356348
952630238
805592961
1031513675
1025493496
895703456
995737778
832542742
917567370
960954788
993977902
879660270
930836422
899168734
932160106
858349182
812473634
812538454
997455165
1012318694
969677128
1046498710
940536809
880535091
808250496
1054201564
961869603
1051089423
965866180
863599297
821121555
811102421
931743666
811455175
864561019
983454440
979124750
953165455
867848183
848193148
838595678
849337134
920766730
819215136
1073119594
833978348
849260541
912842041
954654526
881969690
919612152
808212553
1004834067
921001908
847352151
954283194
930724254
997486666
954087222
1027714637
880833678
1051132587
816790668
864243451
977778032
939510339
901569014
832612659
832196903
998739184
839531169
817254211
1051768210
1007759558
827957266
965292869
931166521
949685961
933042301
1060010970
959575310
843073961
941752956
830928554
894808900
917453702
814197928
1016029461
853545042
1070738148
1004853917
851475942
857563644
1044228404
863712227
986430939
1021599681
913946349
1044844068
909783104
1053098768
875117650
1070943276
954125548
1048559904
992896968
850804931
1006634809
1054248388
872789120
827446641
1033805182
1000482368
895950378
949542540
837319127
1022321060
890566568
1033966827
929132936
821118950
890126686
869831805
1030913210
970739184
1024166934
1049032354
906504333
890857117
862990450
841359446
1042245396
973891314
842225524
1030837293
843346738
968082120
881611163
819986848
1012776275
815003695
1056722256
992637859
875910762
850147221
854187036
899126998
1030116969
833076806
997036477
824183183
816454117
1018883928
863367623
971136272
1018755631
916872158
977614159
979858502
1001483301
980675100
817307831
1045438075
867326624
863105854
952441363
903970504
928452360
827015844
993253676
1066218039
1063801939
1052647061
808068113
1046749215
844572500
863096165
1032367869
918294522
860917515
1011595101
924312886
885436594
1059945630
877124175
899017419
908029218
1023153047
1037251663
1013418157
859550721
874079357
966827003
1012814040
905621866
910655583
897774304
950401017
981707689
912912019
912146792
949614007
1018543713
876872448
996670472
875715017
893692425
932293800
924049912
986039106
820547044
977751819
807986496
1071136640
879886163
1055778412
811819342
895974680
894964399
960354727
941651332
857031564
983245263
1045585865
987318677
1027259165
1027323846
1069081373
994798380
911535924
831664539
847041761
1022467722
933874804
1072690590
898616653
1036293700
900645554
864432936
1039003460
822073373
840300363
1035035667
1036422112
890495696
1043789213
1012561412
1052815519
951202585
1069141038
807906453
863283683
942680927
1012186014
886307772
935457663
931560414
928370142
1065798574
1014189789
1005031212
1032919253
909625851
833177605
827169719
1048025167
874285695
951385501
1033524451
1060357994
884982998
821377199
1036788977
858638486
903497395
1044318060
1005291449
859309656
1061062818
1073052186
903299512
1002859862
842489850
1071821503
860794010
932950795
1021455540
806578139
968236335
951091997
838548791
1066873519
1027736988
966664886
819760732
1052817754
1000671442
838124844
962857868
960733548
1043581778
931601360
923875505
996958873
845878259
1073690138
843963548
1033448973
940724088
1003432400
937182913
812171739
1062071592
1051697255
1031033258
915220987
953828749
1057730967
940106506
863114083
942843698
929094224
1013939036
929748382
1016621752
967389767
882114771
994927652
1004143557
817006012
973814995
976589166
967674149
1045130494
859705837
986077816
905254845
1014340875
981484015
928167399
909223929
964198664
887594468
831639548
1059561111
814697101
971685156
929183047
897388767
937363928
872291532
924712503
972454726
915960044
857320926
1015661974
965702148
997517871
966814389
846656829
897354062
992692688
1049572053
932943386
942667025
1071102450
1059660487
946549074
1029036328
933724606
1009160819
896571664
1021195035
940185652
924321224
998637957
805842998
1019013206
936321953
947312591
868672239
997818386
948651881
1061016198
1024810166
981429924
999634000
940525433
980952315
979686139
805989765
901725939
875943528
821098888
860673990
921618910
1011713507
958744821
1061318159
999458673
833997453
826116944
1058292752
886907305
916893031
885551109
918500346
997354319
1021175905
865749065
823118423
967733234
1040126194
967419805
1048442493
911123273
892332695
848588456
1024649057
862231730
807725743
811175897
1039333205
995343622
949383512
1069216736
851037099
984531453
909631083
847514568
1013008700
943245441
923603424
841770340
1004720491
1013057474
1064638047
977742888
1025263535
869546189
977309363
923957025
925514270
862862027
975245428
988611970
950897605
1067224371
1058942226
861921410
982066947
943530768
809202419
992820073
912455440
915698122
816075919
887593732
1014837397
1050690617
1061553929
918031472
909003984
981292413
900289734
938731704
1062949172
924124497
807628079
826448546
1060465723
910539799
847498178
970776840
861032228
992162391
1039041871
915618547
985459264
918524130
1030428511
972849382
930889512
898273112
862025117
857828037
967205147
993844883
854522213
1052146583
1055677787
807928312
1031343462
934146257
941304024
985660404
812991953
1010796120
898576085
1004144642
836597737
938246780
968656238
866202577
988244878
956081877
933682265
1001591038
888943109
817365336
1011606030
997871514
1005963784
938555326
843680136
1027011925
918377017
1025329502
891638859
914937263
929978487
874201236
902989261
815173459
1012802770
1040022810
907812543
829607423
814721057
1035283043
1063687488
1065720197
880543982
923415310
967272858
991971927
1052084940
1061567749
903138444
929801517
1025774759
926669630
1035297198
973754557
836230048
1013783903
828044023
829069800
1064827417
959438078
936046977
868161771
848335143
847878161
822545622
942276464
968245313
970233848
907546352
819804361
854301646
979625896
1053389444
919119097
971833794
951318639
846470559
954668504
897024288
1000129967
1057328523
867038854
941228613
805908208
907273026
1044351499
1047701648
994181136
883210816
811255726
1034625099
896380701
1054272165
1043823974
984702067
1022810512
822577142
957474778
952276749
1010990805
959441019
1027084736
1023417885
903622991
1017141205
1048684613
932074723
1016666634
1020317598
1060273772
928945191
942766836
1037842336
953547209
941059573
1062778012
933122087
876876774
902075779
958908743
1006298250
930528518
848945924
895446943
817936151
959929904
953164014
1011680132
890099265
945679947
962559779
840170731
1048018036
828665883
833271953
914219177
912099285
973744683
991318236
980851922
898537107
862113277
909265293
1029645123
877698685
861933105
936703964
1062650751
874156148
927625691
953744179
1019521570
864173387
940796735
811532513
950483767
891800493
1021905201
1026533200
906013589
942358567
1034728190
837913335
1029877056
1035189896
1050847973
812700254
913046464
982001669
908456766
819252030
992560127
854309523
1060923793
843607983
1064683940
982236106
923190762
877567999
1041179604
968631814
1003666629
930919511
892727845
812328924
1001388930
1068720956
981547915
817115868
896377703
816855417
911496722
846121007
863357486
915627894
993029071
890562562
1007482863
1030522648
990598394
859365127
951540908
872599791
945741958
935875756
1054774501
959364553
817989098
1005217978
1036454002
938560265
1052497280
1054069873
958048796
951786147
821580107
995677500
956241956
838527755
1036570683
906230992
1009750697
946755857
1029131403
1017264415
859267745
1030884842
854993006
994185957
907357176
871256293
943049103
830227819
878416306
978460149
957034926
902694829
1054526180
815349781
1054751677
974196894
818056003
830519690
842158946
1013400024
1002935503
911566986
876891510
918692645
1023141097
830927998
1052977549
937273154
843724850
1049585195
898708736
993900059
938343861
829135992
1011882654
915631119
913133563
937627695
881975265
1055617372
960600644
1057779328
897331731
932513899
958542826
983263170
940949874
946090006
970190201
952318251
869776355
997282199
884993607
844837907
1037016359
953473852
887998918
1063740737
861971971
872758217
826598769
830765482
1034826404
968109219
973972115
906841921
841927038
935119828
1027470093
948966519
878631835
1027032477
849922077
976818261
990904017
814457198
934452152
897058871
1009821167
996147913
965866461
929668205
901275157
873750844
832474011
911515647
882027380
1047028970
885058963
1011066940
878318803
864109326
859475000
842248513
948255175
973542766
866593158
964528037
1056363814
844240015
1018857376
942490284
954293435
1037450786
1059685309
994549452
1025775767
903059531
907138514
972764921
1039928859
873165702
937404660
990440207
896167596
875564982
993607197
977725191
812470191
1049794863
860597045
807666499
1073038454
952922771
992114042
969567819
909564055
861248951
903117690
925043313
910738754
922439752
814182447
1041414779
1036282610
1037378257
971016839
849172271
917412207
1032046176
911893627
889489667
988365941
985600245
836444387
930809305
814547745
890985301
852581851
963096723
1026550544
810597475
1070681970
1007571596
874377258
879249674
1051556159
958920311
1012675277
831781661
835272486
899568917
865995419
953698091
895238074
1004735413
864793471
923661392
1001701278
1018666828
835318639
1024418251
886459255
921423164
1057519712
911169023
811239760
850145554
988680654
947519135
943822418
946190387
851159729
847879029
906508519
902641976
859814767
842958390
924967848
849347008
824387712
873208675
890380170
983638324
1021600124
868480724
984245647
984029248
805868193
1058956635
1059370917
881326405
918207483
899442502
1047352203
981831428
1027902611
819768471
959516387
827914221
964467409
892158209
967842319
810205627
1054748120
887745883
826330762
888688882
1007825950
1007993284
1008537556
839432077
985778440
928322885
888722999
824016855
1002493790
1025339829
889344862
899304303
1035235385
822466152
1024277942
1065780077
1029450941
813707734
1011514864
949586553
812259905
867343494
977180886
985313809
1022600614
854625625
1069474967
1033395891
899847702
1050917612
984626376
858752170
862654140
952513614
1028336804
850672629
1036467860
885579921
860316161
1064543968
950391795
867801639
914377607
904148055
844891949
1002005739
993445233
824773989
1069169992
852015745
890062788
997567063
1059414055
958097980
924465803
873786086
943737979
935465179
978229446
865336114
1022512383
875688798
935333500
856870078
856117941
994121519
1030421487
826414442
813538247
907067838
913436352
842849388
913524655
828104642
818007972
829694244
862541598
892672904
925950513
1009695347
914793863
806464243
871209290
1042420215
951842912
883176244
895062795
927514818
931797568
899053591
978336765
877925180
864785869
886347583
1061907711
874279884
893192293
862287776
1023416742
983720455
874362635
864973073
1036409825
856077229
877086057
912417247
873155850
830531344
903556690
847600705
934027200
960463040
810117635
908354645
884311682
911734726
1039538863
810549338
953941374
855558203
871737293
908424138
971091387
1002097819
838131430
896454079
838671283
839360564
874396015
1013110536
1019336770
853905389
875252611
1028904776
948412893
1013511700
1012688707
1070229124
888150281
910645582
987790595
1067252093
902847707
1008153481
942791765
811234170
1068856409
884507982
841568777
838035520
911545740
996808039
875765546
1023540028
847398688
887407869
940043129
936218261
1047344205
833542926
1020166575
996476474
1055636091
967625778
825268539
1056580383
809739104
868062512
1029120802
940828093
885231256
920110906
898380463
842080325
1008946569
969691593
998199186
1027766420
1032956759
946344542
1053988451
872321456
955885957
920671660
908522252
943289037
808062721
852086320
990990485
838585723
823581261
955830185
941103147
1002429249
829304625
1004127807
900791395
868366441
1053078845
1031552052
1034775530
835591878
1062293115
1069425318
1033418561
899644112
856615095
1047261151
914867430
1017544053
1002676478
978145044
964033107
933466199
1000762089
905987895
1029458955
1038015074
977846908
1071266175
876034616
885772066
827324581
902930423
875958545
814973605
893577632
853380968
1055599378
845636630
841033783
905337825
836871440
929007032
1036532403
1057510108
950751310
977704134
879598549
811245138
898134620
1022476009
1036494023
986079282
1057421168
861006115
1020225824
1040994197
855078483
939251815
830616271
885411137
876900213
960609027
887827131
936086130
876039480
1041776285
849735424
857011657
978862532
938071951
1028085224
865990025
833191727
935052707
1042766058
850493200
1059102657
1037780096
910797057
1008228767
824564145
910283482
851497438
958271400
837972389
823587226
878611848
1016051834
831533423
864151000
1038106161
981009718
889262984
1063839340
935084281
985701741
956708386
875797609
1030547067
1071761287
906585241
918867624
995603338
944647932
822240148
1005267774
863566371
928316637
1026700831
953885863
905965119
875937366
840469264
950412117
866424087
1004766303
844202780
824065729
1057139645
905905067
916162523
838043071
1049230215
941864831
1009437730
934859517
842139857
882495306
886431323
934717631
959095009
1031243306
990747244
1002562485
963575575
817103496
1046495041
1056375367
889973092
840714780
1042064274
940326289
1003613651
888580515
998162128
976484308
808448045
1020986976
815938894
918806211
1068446388
927872910
1033674447
1019553894
899841811
895822059
855700849
953186826
958702341
918765508
828143006
873994857
938172457
889892379
853879175
835321435
903578287
940814257
964309551
1021850576
870622059
815440987
900686637
946284960
1016848252
891633742
1042781909
849527031
974958706
825731620
845360162
869727144
857745739
970443306
854383898
889723922
860027603
1034597894
1030800188
825148114
839031194
1010508313
862686850
968268893
985217055
1065647224
1054440633
876788367
1033316355
881011393
844187132
817574738
971223576
824502930
1049874285
1062845602
898060205
1010655681
842533914
863059191
981508737
960412861
834534921
822352609
871315629
1007429942
1028289918
1069739670
854711827
1010722697
1013756568
838966487
847246460
1057387569
834098365
824532189
870543969
919199136
818793982
824920588
870372321
1023112670
981707906
1067410555
908146330
922499798
853767759
932076128
808743846
880229663
851100400
890810789
910556655
833024386
1012081841
944682555
908202815
857070388
855971326
913997519
1069686399
1062322493
858644222
824695705
870877320
872070297
808608731
818446492
940222833
1035125371
833473914
940261628
1042099116
846645035
868986248
939017844
1002509286
986352748
837244996
953608720
1015220622
1062542366
928447136
944776581
808798125
1032211498
831842713
855643121
1032603464
848141997
843802243
812424761
919618338
861414980
859007552
985147430
936948372
958046818
983161076
829192436
1066605323
878171817
927488665
880875848
1003416384
868802425
839661830
1032095004
837682026
895367335
846262491
885803220
998359882
832275227
946873147
1052725178
808526330
839662951
951291076
979856462
1064258111
1068405085
961718985
951884349
945776892
1072518605
956508229
909172808
958782918
1062177053
816047351
929748086
934580109
1034861896
817705658
959856070
883095824
1010313278
839482882
857020109
886699836
991835994
1028233879
839473692
1008467049
926605236
1008705482
848040094
837379533
854116858
1021440879
1073389646
1053965108
806812799
1058654969
992494865
897334351
888764759
900389853
962193859
1072415174
964071374
1020092312
935993354
956129604
889732179
976785397
900315332
828391283
1007775567
837422813
847441570
898863189
854619583
898328672
1013508775
1056944031
872162029
1044665095
979118116
841466021
898930445
901129446
932185460
864030431
916086751
808333107
1062229002
884235646
814983875
912291961
1032591196
916749685
