559348985
768264568
670587640
746806942
577438875
797017049
595431556
693645503
725424344
582159171
545240900
765615310
710636318
575747550
579297011
555419160
709883287
549046935
774257480
785808943
740279017
641967319
761733962
595146032
719557547
763968921
566093195
543245813
782224890
600013241
570748229
637479745
716837127
706233980
652009362
575917562
754591923
561295591
742569696
577327111
545739553
604661805
719182528
575100540
775612290
759504475
618755770
549613570
563282535
682744598
622944059
601995056
667190058
683994257
611069419
783417457
610062486
607510505
594373354
679292838
730904616
600719285
558357320
589623113
737211112
682387727
735219490
773924169
592335617
666760527
679836654
572334385
667964801
785150729
560608073
796500574
673309193
559176526
639949817
781986319
730720711
641915549
791067162
549424738
755457065
711248463
685823618
719263301
736009825
589683999
559487401
626401780
659890861
567217794
589574292
617045157
537100145
597079903
584703258
661334894
655377960
730718494
588018296
655968664
665040063
741312747
745299525
784969823
784097110
624140546
663908564
750915679
675875373
752643952
636844531
570556054
694055990
537439789
651303105
615248096
690983044
553381740
712120493
561307928
735612762
744450675
785006983
747139388
732855302
542557948
781124047
796106499
570862588
749293123
727250464
781932104
776477848
663905872
541722236
572779859
583176386
639199427
690416413
764125242
555857997
587695511
611323164
553260058
764914088
570143867
741876900
766123843
592741577
613032598
598778232
785940337
584053068
606995756
592839939
657113890
653859127
753363017
629375629
669435833
758305131
607176023
757583494
721327084
689039481
620448834
563527649
610772270
547246129
552072298
748048739
760469723
628635902
628421685
793434928
750716623
805274542
731958738
624800301
693511532
600687340
658533780
647949105
660460378
678057206
543349320
718535259
709855553
750275302
700066432
663338858
743076462
651590527
584514871
565800027
634790096
641172182
616914008
756161797
594745040
685195625
613479092
753221985
780030408
731078825
696521218
680048022
652854977
691045035
554805015
682629441
736592765
685321446
700215718
633907108
690189683
538596521
612634008
601186055
781688199
773681913
575685046
558310480
614182198
581024610
626009767
796965046
579182697
741879537
644383159
672460272
694810847
767381615
630106480
557999911
695977845
737107098
577381735
625399371
576384140
764563780
802616396
656189535
634698634
606411530
612318516
738828366
684297840
800328488
578351708
765641939
563335820
645535485
635813750
668009771
799404162
581833481
604527109
793037531
581734001
670033724
736161084
727039987
613716543
579348979
583984330
770509651
620370418
630597823
581008633
747947940
541948995
710893586
628464156
798995422
647603227
635954555
790390121
587265861
755101837
635748371
725798782
796234989
758033722
686614302
733782985
780651056
686541393
733228118
700153059
718963136
787677908
804566917
592547005
709038337
551059812
714246018
762963263
783665726
629430896
742912302
597879015
773597558
560624853
582853665
552810119
762037891
670807134
655098471
562691457
623256353
786905340
799067095
798451908
699606433
654856235
543089632
647031388
710901656
542472420
576485528
638038323
536896935
732296251
714144748
795696854
594323998
558917728
796945647
783472935
618302869
589353253
707142114
607647109
624240247
801131593
788394499
627823219
624921051
714015309
544148801
626680541
563679728
688502559
640788348
740271205
615082903
795949016
635149638
604382456
758689191
766391265
784711708
774055098
677973574
630125105
725208681
703621192
753443682
732768749
626821792
633137552
780665182
588800596
761971218
643528626
760708806
710737502
771453064
602345646
647842708
592830143
590397157
618401074
613424570
659994155
685881379
593436349
752735538
556575631
557107465
583651469
582911982
632523520
613370643
631063692
804050295
647550113
776054363
791119604
587314455
636453627
553237633
683246270
556214146
647666822
552359952
625723904
733421239
542474358
680211072
745244205
541766160
705706897
732485990
641949005
686384564
694228601
718385265
768297784
776242143
782714745
687870536
798010996
740227002
586262345
563027842
567349220
757220258
771187942
553227590
672959394
581490396
566585350
580687390
789968401
642874434
770558344
737108381
711764949
562786636
649203240
799702030
543245789
555677239
545015723
706607082
671476584
733785333
653471256
581558115
657684447
649517393
664725381
756537612
558137251
660701141
686137608
767312673
764614487
688444678
602013532
549293612
607766207
598262839
739194229
548236012
587996639
624687792
788946021
674895668
618832530
655981979
539243541
787130180
789941773
569679816
715201468
650930756
661661284
626451762
733164573
692030708
610716118
680186439
774097791
756062824
613520032
720600336
681873630
702008695
597610694
756040267
632016290
788400413
700733265
738625762
683503125
624510481
739491248
764100603
540894466
627163139
732354355
739772206
541079247
694014925
780223947
584218089
686273501
775908306
686389243
658646142
715952565
558270505
674840711
538027911
666814521
539843587
766112933
730224742
801301617
644729769
631762419
794417610
724477943
795078532
605856689
771185027
589089848
666259527
552073869
790838634
773139163
769879323
709985574
699672708
592414133
735978530
583069877
783108625
704105493
557058709
774860710
555294685
563926003
623726180
643379132
573684839
551719462
629508615
678887541
747452789
593393663
792480735
720332649
558365694
770318878
562491598
722464918
624467412
692258612
661220804
571045015
650663777
704232055
564109671
753558793
666178388
547587653
612543017
719897719
759412222
604545855
653587540
736176651
610427083
623047090
632699504
544061969
706798269
581887670
800137858
659791021
623090460
771837871
623440840
598432634
793588800
631759602
680581020
770934580
657146853
610230424
769778225
545217229
740737044
678133531
720866273
721756971
734571836
640375642
697873229
557561134
758541912
711656630
716341176
719414759
711514824
588315925
564299837
555972756
677507396
772112142
681834531
690643934
702814936
639285168
766391856
767697784
703861499
757167587
739694577
565238228
677840256
751117644
764073425
705126548
618592489
621752452
758945177
715835946
585559960
681064597
789362947
701700314
615088770
576981699
760238382
797978461
754003612
543469827
795947684
718508748
580843059
639149620
654852048
726195957
648403667
556746260
570531341
707878740
796696961
730692416
703892045
768363011
767776787
663504698
773864799
606245658
770741360
675774036
796438579
615285079
610694454
554777194
651785755
666009998
581323629
568001701
685679192
660797157
755484896
749351013
692375617
586756252
729569226
738739069
617399207
605753345
565405533
725633450
711165620
655612172
773306445
797397958
540073486
764973676
572051837
602877362
653260793
719536585
715328205
777717803
557043604
655669282
799897006
673719256
615660845
784693249
595612071
559710472
785320995
757576616
596468312
629071091
573997335
627984131
672250293
593314874
573987129
698659893
706658160
604799191
775834893
755485816
723166896
779919522
727503939
561061771
538488163
721661931
538239892
681992302
658022210
721130477
783925629
734741454
804826907
676845842
722243107
554153575
702593938
621089956
755086114
561138846
750422161
550302517
592601409
646929568
664688991
550742084
546658513
648856283
657210573
707460071
722720623
796886868
649052902
630645861
645310082
672930359
752464625
682986656
625072767
596246189
723486424
543978936
768274578
664855345
801892617
651425652
680895590
599603894
701144948
715675346
652497336
593880046
780958404
789575519
623373292
635924870
796763068
703464660
724109043
659196963
663529833
617083540
568965952
778784038
726774827
598385247
801389495
602080851
710521875
772280793
752681036
675927508
622103518
789841736
547550767
740437372
774055586
610435148
537103369
576661202
691214664
749514119
560529789
756308794
573274435
706084674
612117161
615002844
597037035
609498618
606454983
761018471
574745861
772351887
701621955
656169601
732391019
712740208
759587752
597712676
625755182
792348529
758127892
617061954
601018859
691899282
537405171
686999286
687318765
648954865
713573793
742399893
711701064
542042609
599388043
659358622
767214021
622216366
732670308
619153141
797819472
643023261
752221500
647441742
621947860
541515405
565083385
793888064
694216048
714799774
562950591
795094417
547716729
690262138
738348366
667908810
539028789
625030882
665621140
778755639
677896938
663495422
643347382
764478245
721958857
785587823
783092823
556273739
732547130
724792850
567045195
668556458
563862470
772140721
736334152
608183526
750254682
663199839
602408581
569943595
696915273
625375677
703269928
651985947
676910890
742730248
561011826
554405774
588745816
732586972
764456692
571137370
751763540
801190110
764764229
632302712
544953063
610796723
585099032
721450385
747064296
627008697
571167168
543171629
623594219
797099114
774697682
684339762
652016568
694256598
566649331
640847239
661189902
697875134
594569195
721549165
751325503
708213678
601374579
560789584
752880584
731794539
765332662
704301020
688859277
537716444
766610844
733574856
581952343
750628422
580930016
790299897
706599273
776854226
617138756
651512757
571904791
733306655
753521655
562160954
797392765
652299166
606488999
587997024
663364499
702202006
602369820
570261869
602224373
571843956
634360710
787938239
637431614
791363949
693623570
764752629
684344986
597213872
604134889
669558731
605122437
774450917
634902536
767485890
537464237
702344376
699007679
749834536
628664096
782247255
716728463
687673344
620041653
644390649
665533914
745406473
658347047
769171546
620178002
656013411
585446540
556691860
596619151
593907566
774218947
699521549
772347445
601506859
694059486
647429539
706191450
673011491
704070819
690123435
730769634
568725747
800781863
565542240
700112436
671722322
741422566
702215072
681522533
682366728
677489683
662812579
548833527
642342750
640613758
569251169
675770530
713716307
602016661
740115593
734465684
552231463
762942408
606303108
731145985
646929285
692759701
783246076
713655551
619276665
703044750
622460002
759170162
599248171
711621680
764237971
791369905
604937499
766594361
633802627
768957719
537632441
591856942
796639285
799440853
669999469
802621950
731283165
593505976
601515083
611534894
724144054
566380869
701888813
776526588
692269014
544884428
728543900
567936868
739236630
615993374
689674839
790593535
555746916
780458319
749462043
670337354
540361547
736628515
619867923
711410203
643132608
583660817
617902238
762586616
643139326
668288293
588870928
789472709
538355104
657132243
767588622
741838213
746319619
643386034
737261013
755253874
702291674
757205775
771909963
787357232
539428314
580718358
708455497
553446136
570108429
562325781
637044193
569583181
662773160
740281867
580881924
701565545
767755799
593979511
626888643
659681024
726165916
648027966
732655716
679425750
766646698
626532988
780771685
629649549
565409213
627879103
770316393
629650888
597602857
754057492
773549834
561129420
726961538
578443843
761158064
624675782
688712232
677069763
611818036
580632356
787877237
597023630
674434765
605728871
598505573
659533330
651972943
709567063
630011302
653198168
745206340
699258092
557641826
776063062
577379064
735731239
580407263
686806744
551677980
785980381
651810298
600444678
689543213
660607604
635798893
608508279
578441962
732898166
663259468
582758845
663111187
538217759
646495635
657804379
616685426
635656175
742641800
669664694
758710196
742758978
659574502
547251920
697541057
668648230
634659328
615014738
688578657
541527733
677567327
583052589
580273580
764078399
765332792
552528729
634841860
780699147
759656325
779909016
713534665
783932070
787083035
785202822
778225414
630263555
597572621
731040567
769939560
559112389
803625502
734141906
584476748
646415078
694813111
603302858
578331947
787485666
791564677
563111509
805153128
619050413
729353695
650973885
767986356
641925568
802345952
617299162
581500559
770996115
626076011
577810330
616092083
610887360
559060450
787357967
758913176
670008296
636969301
710859229
804104908
739771507
690146021
601647354
698328536
752916699
661035547
607469411
554862869
685706902
627166916
648544716
589063813
594914175
594067213
644518035
683067045
772951829
785458174
565286178
800818417
662182405
550428742
669098782
610081117
609995524
705363512
721086267
706103872
553978421
638495965
718034594
753625984
774797413
536929115
651324022
635318520
758401621
574047342
734477619
786576514
772986121
640126233
627233871
770593543
742647403
738466268
700272049
567930701
598021005
621767851
555024586
795140315
667124945
802961193
772628745
627985771
573903424
736741037
626619917
571952152
636511186
804283006
742713151
630311841
769552564
743620444
636287066
750142126
595328957
759414246
746646431
743855134
801486135
663432294
563311847
548881186
632844203
598990107
734310321
601958966
746593551
703246053
634448544
707622170
722690469
654573637
647286367
773393831
661451773
547550292
677239624
605457898
698437444
765915536
717355801
593910552
697947079
760611645
777180067
689862810
721566056
667508279
624842391
594124754
678434651
793271151
798285156
763797031
566082469
777149815
717920462
646116804
639958570
711706084
678051452
566123148
680317892
604826274
620923928
561087331
543208737
616730978
695183321
784036757
746883568
794787739
757768100
732225077
761365569
795996906
768249462
570840015
693569411
723937961
550579153
654065349
595423376
558803131
695290669
602391713
666785059
610847229
636779622
659045389
655228643
544472112
754039128
556569530
543615108
608505560
775866753
795231654
632504544
727871801
745666661
740589001
645051352
789469161
635343558
581356137
589624633
630551510
690384297
591032168
552252248
725997464
783854845
582825293
604967935
802961468
647057800
650780633
789401860
586500087
692259931
716605602
708568395
653975791
762536362
552708086
612440321
603173085
632689907
724327332
648983476
712111069
628004968
559087439
696315831
592549614
789272746
765524422
565241188
790027916
729745723
690591738
545587006
692833771
705222846
652944918
778039096
579486172
703991295
692551314
643105869
665227471
610539252
655510970
795235703
720944392
749663161
619493838
681178466
733345732
758864305
748679523
773533638
773369343
668154728
575386304
657565093
726938713
716729548
558793360
701251517
613655882
628777957
772728303
616969783
732993781
777588223
787363420
707920779
566498515
682920771
559085226
739306314
725843185
649321417
803518259
770038385
686182984
610180626
797101483
781661507
551102250
746527907
746939428
734292509
566872879
598929364
640368908
713820580
680956946
777694345
632580645
629651554
715828523
540258877
690846260
656752039
675103371
727432342
726249047
625280774
726008170
801679748
700402153
676566849
711445526
708483709
582297161
735805357
791789498
711712937
701355808
782294450
648343219
714370341
633535807
621066135
590413628
788272824
718815996
557220594
694409221
736650570
558754770
602540651
633104501
543247186
763559377
753567059
661206784
632283076
557507852
801837987
571266843
765521258
788271994
614461013
758831203
544603245
793079617
729019038
711656240
795190357
543476649
752614344
619561626
635061801
645716169
778957691
630449735
728678203
567155505
645242318
674924426
609406022
688601516
790711816
697837424
676450076
676696716
637011289
795839328
551211938
708254582
754076485
554641857
714070214
708197046
689158169
705913189
774813449
632383418
676949003
592018885
704217281
540755008
688657690
561342858
685350124
660557067
732293435
761126419
584195343
719359517
773134575
773869570
684792384
666871689
658530971
586175656
730001443
802999880
770021896
554510593
581594033
673613011
581541683
627687126
746550235
593851815
750747301
572063160
595548897
695677259
634449755
606841995
625233057
562635804
736746786
750513485
583536443
724909285
766853155
682115472
591356325
612839690
769697292
759149392
575367893
654075714
701068530
578032103
737669490
726353523
784008556
571833479
657552345
624211784
609531234
714625511
748748145
803545947
743811444
567686094
673708716
673708122
616223805
702305834
720848618
650394934
628340083
606321727
583190182
606454272
538264947
582995352
748924468
683646632
615265603
739927477
708048947
618971325
636362562
665818385
585154106
648956769
573280841
597905618
657315123
680777892
775098109
632051592
792187445
767540401
704176860
598514318
603892674
625114341
781601463
558856462
681849352
651936928
761970361
775698950
706653185
563099370
771768075
761237087
656659177
667902023
726897768
748662798
621954067
572951161
772663080
580133650
677835316
682819674
577816882
599022133
602687213
623504368
640988957
699381421
669147940
782857757
799724762
558371760
594819105
597015103
695870131
753610065
595809580
597087620
627483331
644574754
615157776
599961062
612401374
638087452
748422799
698078987
721926772
622195826
692872758
716578269
780225939
687778401
660923811
654291104
538730259
605783814
644653419
543157368
731378003
672523711
764211719
588902243
719745222
802035176
746083034
600377224
743909367
572524262
644137192
785584056
719937218
549745646
788240572
633350977
542314447
583941536
548754628
675764747
570626503
649295700
776713678
768945163
656070483
802464991
769086211
773362999
745117768
658660772
799345074
773983410
734805370
670538615
665442656
671931959
657838740
577887060
573359342
662997004
585866959
689940724
656965226
552440337
626797832
634723524
681659736
720710932
552469583
557964979
739356434
546925762
715926652
567895268
662634335
744441945
651980823
696825285
693546784
665649963
719199368
756065485
627700457
607258824
688956205
632233086
546379290
585954904
798472151
662735997
668797456
767326737
693780259
543995398
556920959
627276191
538824499
675304140
609492274
698955322
674475691
637645697
779669973
631887751
549022198
568196338
572643667
690363189
717523038
665934520
718825388
554074789
669623699
780218565
740428292
708828049
742760809
709374229
539505524
800313961
702976183
628225095
656836137
776934347
631074672
696069248
660237369
623444993
626653052
713099083
601302591
778409860
616054607
805148167
583120987
538276644
567821517
613680807
684613027
627486638
796509126
677545238
802421732
794517570
633980621
648555272
598788016
726158465
653669661
705741166
726021551
785394257
724378133
721480138
695274836
753868899
784253434
744181468
603839291
565314234
642988432
604304249
778187604
550401470
643160731
689119554
758728881
628920547
610582022
761558026
638888421
635423417
632137128
760959507
716354530
617995247
732933964
633497132
690875346
619555896
689719424
680143362
542995141
787481534
771139112
621252686
684681475
788470724
554393265
699481905
696891044
632728839
766359579
623949795
573790006
785437284
547752303
658308931
756402555
581813087
692228001
600452113
796509752
720496511
713975236
640889329
798329027
697374308
753637259
640842578
624652972
780262751
597342858
769667214
713984412
725202059
689980130
649239584
792859354
557804688
738315349
637546889
724497999
708171189
580373827
696622129
783411572
649091940
763344501
766984577
543174285
787642259
779852223
556799504
602266013
746292085
727428900
596788255
582408659
584506153
557670904
777319715
699984701
800566099
743215819
656965207
780561452
625168936
648785509
589338976
595250178
774860688
630808489
741782255
612914819
619186759
667948700
549570086
801668818
622458171
758429866
557889562
795765464
740963823
786715214
741979373
555742218
666963227
580293795
610380052
605547238
568567645
646164973
743318302
728176369
794884810
621635522
789601727
562670912
560293321
715688616
615521386
782706813
580060371
611174349
609826319
600714905
686474888
654264859
787236097
670523262
690881073
549744233
684910354
759123976
773719859
568669585
757663847
617920908
645257996
708252501
597893609
793868747
536985191
775358248
717864787
734163536
801770129
646895524
606712875
805236148
540735506
715997390
764196505
578473911
750134810
771147255
612724349
677295624
612113703
699161394
583909532
698827012
703545427
729315692
746809185
571487053
675186743
537325537
543556507
716276288
614691690
605979697
652441264
640714584
595021809
680116963
646831009
742272954
789754848
563134583
584502278
668997590
633130901
593101974
548495080
604232712
601190959
613679876
734072573
539941497
642578227
649735525
555880852
655044469
666229324
800444301
713552723
578076477
628540091
609082660
802704604
729041635
699225040
604218317
640835424
631201244
638088923
546359985
571296448
670210953
619791425
731151917
678267933
631192549
717920214
691736028
720080324
542324235
603260953
693263351
703966279
729329248
719871718
770872792
753079131
693481820
587551789
680682515
734850812
672773301
644475732
647996011
794754190
722797508
702942153
658342924
751803852
721794734
715101469
575346178
662479202
720580823
760702361
743842436
586072659
618771851
653031886
781816360
770243429
754057922
590220415
676245387
703408012
565415033
666848635
668676076
583982246
772210879
573928775
803400932
765260711
552693824
668156123
560986487
565852731
619996229
792110878
754359021
647897574
744509259
635332206
772959226
592570136
626359240
791714606
688029914
706794644
717986022
704507659
565544137
587958638
679647304
734609562
723237935
640325186
767631596
729742988
623907914
637440278
790883894
795493320
794215181
657436292
637947308
774756645
783778200
707939461
803948214
707084618
747561285
644243656
688001893
679001988
567898369
671209681
610725685
778410256
671571982
786499779
582033622
558099845
768523163
542886041
754578189
672084910
549409167
728395438
608774628
614847306
750842850
792656837
672732294
706682419
756316298
747546020
793679519
678687195
784094716
587693034
710937771
716815434
621277919
564815182
769344090
665644058
754657801
706629955
552461129
621548684
608791536
629023760
553941664
778724492
646655879
633082813
571792096
796214692
624936904
646941364
596665488
662993672
733788548
592282673
692966154
698081233
756134313
703576444
766978540
636623497
594216957
708935602
538064218
768225346
778587783
562994243
701650941
598372191
713530628
552451861
552435346
589127388
587583500
691767935
776617337
566401429
704079678
791263008
667596938
610854472
690496954
801469114
751748982
555911471
702903911
753952731
579428248
660568710
686232897
664031691
655290076
709370699
584611813
539534855
625489778
547894784
718929040
789013901
643432858
698353170
575856482
757606660
800508274
798218176
553185871
776647656
594325086
753600288
700387678
620760111
765044942
582964578
776871290
754161918
790650271
725368009
731074205
599336798
636883239
777638827
637917321
697235541
686509007
792376691
658827509
696234531
790331478
636326388
738327391
705456051
676247302
583474738
568160520
582457738
538360528
605256831
597342576
708930401
733859956
602419110
559492058
801324276
656956839
774304459
760939310
657670707
593900241
586693413
713237254
743514112
747134701
626379181
731545551
539559371
771705415
598833459
583347391
602807420
555411219
554478557
615162474
611116363
682809973
740955591
656454322
657756791
720530641
790233564
663136548
609489230
637032813
766014353
682983214
567918050
626796773
697613579
782924629
743158307
663430546
622070032
643485341
559135079
683943393
632214907
798440009
581914328
613998461
724307795
542922092
801473236
591207648
567723496
654915415
565622811
626329233
779119123
629350260
682854520
721019232
751868796
757623789
756534428
651203937
646678549
705820639
555887370
602454586
775013974
643385962
759260353
773205625
687064490
656046009
693704574
664841482
602354108
787547126
775957284
635985953
680712570
757605035
770655075
762792353
778408430
710814833
668671724
705383633
757171770
595741078
657546541
791090220
663145012
789964020
739323686
567553159
556723815
593516309
635479322
614588595
562795856
786834577
614681640
580821923
674117698
707382244
607935192
769048524
705837554
615448430
716469730
537021003
657209924
734823685
748788427
682303088
539621731
759140804
571206384
643245576
805304894
616691567
786586955
590849667
559524422
612968066
789058717
804543099
743683874
605519232
707920951
560432302
718275371
616419130
747684121
592197817
736757167
745520762
744292576
747275883
781893314
681044522
700227171
747204466
665704256
617067787
763625105
555161984
564913072
604006362
740632195
611054773
547591416
660682305
633238495
699202916
574722513
628906087
627566051
670923603
739581967
687124086
550906908
769890076
738134231
556164170
727013438
742375369
691934170
788455202
760020668
632136197
712622872
700200850
572436235
554057491
640896075
728494622
570639088
545283672
685884578
692466006
748239152
795761586
556132663
550252921
744104719
635537892
732231615
644429566
610810945
591729907
607700961
605737360
707337047
804156849
603629098
549654216
687130357
671568149
743451890
671171053
597248725
616405503
696454242
537166921
549538760
779763954
566923365
787406000
764705299
615349374
695627072
548145411
607112774
643643707
749391830
553743745
642290761
697495517
547745692
772756068
773697549
761662982
557066875
740156239
652612454
582205392
692938361
638622531
775750254
636145291
639089613
760300593
703226862
757271224
585006266
625524989
743240014
597506199
736805478
574239981
723145250
707163648
681233928
566330551
609373994
610557490
766262606
770361271
577684361
676327102
562753928
712001946
737699014
803428957
712149176
793052243
632093343
764366625
766794215
668408791
686078741
789746702
698823174
796115785
730419105
692571453
603443528
794399453
761362433
709086762
585401747
671753069
790646025
627150208
591085149
708146619
779587096
592797334
613575587
803227561
767395197
629454659
659351564
681650245
756761312
633242203
636052784
762773784
551437344
719635331
773425033
757013891
755564881
725465506
683055471
704525054
628915440
738684992
793657804
639033920
599967757
704740371
653723064
668490672
780438730
630948172
630837459
724037482
651926472
665157108
716732732
630137287
589841182
758667133
743438181
685726217
566051456
577211434
613062156
796863814
603244528
788136236
798822639
771445739
618655635
675542269
652446960
651249205
582598573
764145417
794457689
694490690
727611898
681793920
542905475
614303279
550861286
672522003
594654211
737395069
575850575
723445447
658444987
630012732
621438915
713253147
675481734
548268396
718877824
672917214
555574952
795268756
674333715
538290206
618542869
740274201
637196990
606969643
607217831
547588890
775590140
767604123
654865087
647962179
684260476
733799517
731921952
705154927
623040747
727789147
731905732
802366840
540020783
606595641
556400598
649262414
798800515
542717459
764397868
709062490
550830917
594112546
745289785
599724223
543129695
780117912
764482835
568225974
682477731
769109572
553417720
723252804
538824303
781277048
691377734
742195877
620682546
668642070
578916681
793549146
752927630
783832310
767325291
671092879
737627377
705110949
709679217
695850453
670386115
649101917
770623894
756865786
597381188
615322338
737347658
743040726
541946008
608102559
585746831
587075974
665457300
608527780
649987664
719541162
550966636
537349666
748944906
642874549
788658758
669843894
546021441
591688009
651494689
699880272
777622800
579986093
668369896
662985818
639673919
769076072
538641831
773011832
804390690
785485701
630417246
539715872
793117925
674167611
752354218
660821979
626359715
655824568
745674565
698571262
773875016
755199064
666550517
770562481
750516788
793674756
722179526
684720459
634183975
632187807
606585290
721500728
607788903
569308608
658993077
701473233
559644291
702617847
670497750
690574359
587175357
606288961
669379679
767427710
582255049
771281871
740120159
740117724
586017614
566331030
604219107
589340972
796215745
659781716
708712386
761385153
590129654
591518037
601888447
732689616
613388695
705457481
673820755
792216364
618767873
642411331
738189475
633187931
754134022
638866281
672710076
598445397
545669751
643052057
652117361
614111827
733704440
669058212
589310161
757513137
583542632
597462378
700559538
750160432
662873909
670255978
539611003
689899421
701019111
605268075
725499948
659357719
594684622
575498139
687988210
641549826
608291148
586680077
781059353
757122556
690925703
600327247
715509653
744605090
672221741
634513897
580026190
628824048
673126427
578097979
800751937
742966274
670351650
669334242
550871198
734841606
640507883
571461715
722807783
653692078
777184491
653861348
570938778
610313629
702711251
582033848
773128303
600054332
792633081
659270587
650743735
721105477
595271422
736558241
634564181
544597526
743375392
565131355
614355638
659475306
539136169
767087816
596406671
666507199
594528632
791289236
576723352
656826288
645912485
602194744
760502525
794178957
630400824
710723936
582151962
548274643
587302062
668904112
741100504
579390820
699461883
668773030
634380124
620638741
662933278
639866643
774411264
734456062
791280406
600216990
792631825
660771441
636067911
604487136
565955548
616387051
799764931
668680517
681548342
669649105
608955230
712099367
770147062
711734949
698532871
580072828
718952465
658162723
790548839
718916168
747372892
642905488
604449426
706833765
742842347
570543525
804837363
737569662
705205768
707052052
719300343
656078331
802809539
743984229
562629164
740475324
658599116
791322602
613990099
541020877
768904503
563977778
577205100
774548682
675554591
655827401
617723342
578018047
695173231
571038644
623112339
559117965
746812378
636160807
647099818
568218142
584410349
737027191
579400378
692276617
724575615
777970433
787779541
655130784
760937689
657411802
753974254
547068317
639354528
612127569
573663331
688253170
695964293
565185715
613977888
719126271
561727271
749541301
677124927
569689589
700819183
752341810
759508794
593980012
749269392
675082552
757750713
773235854
681715082
766319626
663846204
759911283
700743245
673791872
643529822
749077751
745476896
720174504
694541630
796564130
646892664
627482809
577115287
546955956
758852429
709183679
574734100
538859634
747024570
716501440
717408431
722452826
606103987
753950804
681804326
606873393
579374045
684372098
708013893
792390099
791740057
795473148
737244349
566621051
744426097
781512285
567170281
598198728
603313214
573663559
584730984
787480929
764320045
666111149
710429312
724623489
742851128
610908886
634027792
733589129
654989264
599059276
602758285
687370016
634548909
711114278
610234236
748104028
720464339
601947607
739525196
648769803
712369427
732210245
775640797
643340358
782177442
748453521
650994610
685910149
712321629
590163925
696791324
705478641
716845604
755232587
771459049
724528866
716853952
562587373
744853054
598923613
552027243
803456832
579750365
625844772
568791991
594065658
587358113
548733808
760405871
593352677
791432714
720595892
716285040
614410880
710462206
681704717
596028331
796646764
764054378
721365198
621298754
754216038
744625652
682158363
658631267
776772851
583605285
616752185
622460126
673425054
580592694
544448068
718682787
768835896
802702784
745035678
622828188
554436166
556762049
630631136
594451126
697152678
559724317
564209745
616411981
539715793
764634910
786505964
762433445
680360472
794662771
789809557
576605210
693099359
655695572
731488322
597585593
788568897
761900881
588175441
662501793
553305807
612141572
631310095
565385966
661340003
769710978
658388958
659633730
776064624
741354880
637292836
591824396
639593794
593577661
572177614
780548181
753969381
734707053
574115134
662179608
548026688
708327712
604140608
567594669
785750090
750716012
629857872
699470974
592287334
628346345
643989450
785368725
585793869
631750760
784293719
731839839
538814941
546855438
710807700
749461820
685966944
673244835
629576563
643467633
747063661
647232085
712128948
558499551
580659647
708306773
657797092
669737393
765816132
691132847
638369826
781898475
727564839
653112099
551624460
618870323
777127241
732800952
663131820
564354315
583323176
567560769
747502868
655164699
580719796
591208264
795765871
555377092
778882919
654425795
546065852
598863031
793476998
546199890
695908254
680752506
803346063
653284156
798319934
742142315
804662975
739729910
661982321
650038495
665861161
774859783
766933903
760251037
632150137
623026665
624825983
802873452
673316092
560901517
604305858
616628946
600621687
654292900
755144145
720535661
747916373
713755322
549517854
579746934
720692074
760203752
664548533
627526177
800100940
776398742
568714217
618773824
580072790
704875134
545482637
782444359
704076069
568066293
555100511
778434014
598851533
667280218
679061793
756192493
714340717
552772882
651218751
615512944
644152065
669983235
576197718
787553406
562542911
644495474
702499443
613508002
605443066
603494646
663941787
699110559
666978319
586465292
739763257
660604281
761164664
592672290
802726622
616930379
633940094
737925607
647623969
792868161
784376173
693736919
617115518
787855522
645844612
624719649
650659173
801324852
750100545
764784343
751390544
564035398
771074854
587077715
632122482
700689239
545266072
682937270
544061018
783104775
788003519
609768867
751176133
605416920
650102236
667356711
548925110
694609398
741041009
624166752
715655471
636393433
590611888
764475382
550960343
762230309
598708161
568583000
711116473
744786210
733703055
618783935
560006779
775859185
569988303
540998149
604840901
773685676
646219586
584199798
797187243
730566381
563044375
593029431
614801758
655376512
715327099
622901263
788329686
676288900
574934969
661635547
603260630
548399658
773262853
626344770
584365485
801198580
591674491
772285102
613451019
620805955
657180868
720727800
759669864
698972175
577169999
558785863
681102811
673480306
637834067
618492614
636281894
556696044
597052435
588207905
563601604
608520273
552046583
771035235
711379139
566105787
753413884
594932905
777101520
547975685
627613792
673189734
699456304
717778662
569208641
556961871
613385391
770536313
796127550
671734279
787450301
714693202
580380406
583705363
634792840
537125813
624456120
551813355
783954777
610516146
615225537
681359187
580614539
792698010
754377908
734751490
784070662
786436725
735327699
661710377
642054322
539536999
790468324
575836584
690853149
598022652
734373774
666704278
677764576
651723480
595232752
595883878
614639248
623111085
627297790
794301451
578424421
719951230
695382983
696836254
763116344
727490222
746194729
597757639
637907808
697442875
548148023
670929004
750902412
747550185
564146769
550654010
759658644
605227052
553912690
685157158
680725883
764889183
549694840
660624096
585071743
599332074
679276655
599197885
717786645
703218976
760244559
640944755
574590032
702504245
581787921
691442141
772717690
724922371
768842499
578904767
742118380
638366334
649667377
788579869
555008810
623141441
687847071
598012647
709431988
758189233
558761943
538638145
551010702
645818078
579255460
539108508
608938082
721004846
786084458
622474953
613971823
582265850
650387009
572439992
561396704
581020667
627784957
782796814
722253178
623484815
556347656
615042564
570423592
758384071
747515601
742559085
788259894
571572617
554096432
665633761
559969355
670586507
706782926
554449542
694020897
557944120
709514407
784135514
624244336
721183117
715777885
798800629
640116800
577813040
722082472
633302757
755474717
672535519
649182172
567023853
694505507
743349705
781405930
618214266
788672481
748364812
637697382
800055538
798770526
694021586
550234917
567827648
555769980
540633592
763776721
695557229
632704931
593471923
736678314
601351602
669592654
796974230
553450134
667705430
722424464
638613152
598022449
728540379
715959161
602971176
627031084
547912182
662573713
788827703
767095469
715136023
744495943
639387380
662575732
627598385
730725994
650182357
755507587
700395884
746008167
581026427
622363802
756005540
770514817
797347266
765539350
768316252
546646854
612334781
745073828
603641692
580128459
802661901
740498530
754882730
618509849
622904204
585953706
758418652
672362487
702776434
582264600
676222927
541244638
567820433
709632401
577828972
545452331
537492381
567182927
764662745
758546121
781515631
588691255
682549719
700500034
761883876
700071970
600428958
680821869
566859638
584999078
609358109
674061773
683725368
752878966
570699024
599071859
705793472
695007419
537096874
691904537
738555226
622073666
777226565
663385679
786975246
679984976
659656041
585302305
555441237
572996566
574588776
684144432
713973523
745519477
669986900
555192611
564060256
726552924
742364256
640185290
701608585
551631099
539080365
735955976
610760969
729335407
636168744
591097862
643668605
657435698
541765670
553102024
637056717
648309126
684155826
726793191
779006851
633691910
728642694
596578115
784102469
786028054
707182037
594407592
790314880
547319969
657318314
797070970
706851870
625126527
564429691
741414754
549308711
777966341
568671008
602585033
661571407
766444389
668094629
768314329
709034557
715442554
644921239
616104466
593546394
774942127
611631944
626223165
700450085
574226206
614050069
660793062
629072826
606624856
671328186
683742464
692220276
793280589
570890443
540524372
805235291
709263858
596276199
681961516
784977151
623132211
615106671
657068739
637260446
583172478
571289088
747611571
684214149
673188726
741790948
718215490
770758928
672379672
728862324
675289715
633233361
568156800
589119626
737772891
657767048
670290981
660305932
540099940
562662197
673256328
579112553
796841319
543382074
630002624
786765431
710047537
761734809
571331989
598831103
754550107
728547936
713843260
791112937
790343834
684749480
623664839
795604730
586465398
608108422
619083925
772833340
606315343
633488194
764948571
759635690
563974489
634682094
765648521
650556267
713852915
577128295
597394065
726391734
684711009
703455296
716630044
537892640
547868193
545750816
598683678
732598624
625953802
782308382
654377526
595787155
803204344
774592212
795902513
666364276
587643685
643829061
773005141
615012711
538579685
705394520
784274620
564047132
651917903
652901461
567166868
794297161
617793502
642707908
665865726
538244441
605287325
752734615
751152960
670363805
702064441
607425698
724612069
768231752
711107205
800360056
715985459
733654943
675842728
559940140
570685128
563059835
688665874
667108046
759723560
631065503
620536166
726342125
651307025
616977337
750330667
771750979
623336978
627068457
638215090
791806910
759865363
658275584
710025714
581884607
646774274
708177850
542300284
699614962
625025313
668507629
759299188
580142173
706057261
575055484
723930726
571049756
598430322
684201221
635259650
758787093
653406538
755663224
696288653
685939954
588954783
601690274
665851533
595012013
774119171
766042400
554199600
671354313
675761083
731414594
669546904
579542777
537033171
644334452
617232412
582870780
666263156
681646736
650834654
756718842
604953733
739057939
549341484
741970804
587540015
700406710
616067954
583276000
780641616
784653672
803573419
794661758
592080976
736346033
791734414
617477684
654716837
788355494
658936786
563066212
793065287
699444639
660939803
689722501
641785154
758652181
779018375
587299990
683896951
793083739
581891681
626918066
665338780
600444502
767775726
665503185
770374643
543795898
658959848
606941971
552459791
687194514
785795825
597307403
633212261
670709679
645045342
595030712
575555493
632444867
558499334
629395483
730638306
555854186
634989639
641604505
723099387
760710286
802312508
599419696
613980982
569728157
586545840
650462075
572965390
760172107
695973584
803129734
603330804
667518239
711333609
557266925
635565521
644274480
546592789
672183792
700758083
686400018
622888736
609326719
758323111
720922275
561312017
670022988
597858207
575904581
656356337
602499056
728108208
727510024
769121306
776808813
730234666
648121200
619229756
715959137
585833305
794075332
749143424
611764100
725684337
727430228
743259062
776554217
565847585
706293354
757471540
546938892
662070758
679286937
681302750
640481382
616620656
794228398
768066112
566450490
569012961
783432671
782220290
786328315
540178095
674104742
596891939
586737345
690224124
631083460
750982876
734162613
690038731
719066890
593319016
590889614
649477907
673370498
575292458
560163149
584799606
697838558
782076059
630988574
676359476
729683813
673013757
779202764
583850915
773813272
626156912
798884958
656366865
675777646
708246255
614460608
775456853
733278640
697909367
689416127
800126827
648053199
740399749
735805362
627024422
558510405
792320821
728269638
550627260
712338892
632418941
701753101
568885818
565575691
693936656
721538038
723506347
669926297
623662503
741977754
752650313
571187442
628741172
642111089
793439322
743455449
740156596
606332327
575221355
739916398
677568725
543460728
709406348
801334211
676202479
750412216
623379487
603477044
570846416
562293299
656002772
605123323
758806717
686081301
578327332
739549534
659877215
694632942
761214150
666182289
685511677
642166377
799117963
754565134
732873451
576345027
692850136
679830998
665416532
540645747
791366481
710756959
774196505
667545563
678084127
580331545
551313721
702131939
774936096
585461811
783821956
543055040
799192182
746499799
624442809
741442235
629373912
604309934
710480900
716921644
771048335
789001021
710014064
800694913
544505048
586505944
616996978
728993636
762214302
573727290
764359077
686251517
554349512
625909009
700110264
563078955
633225399
566693286
540321774
566620513
580761217
776115563
651229225
768430341
698390603
651470681
726025523
606660236
771967967
757535965
595435630
730779576
585608356
552036931
559204765
645607542
777984174
644755356
611905290
749443239
804171920
565822871
761781694
666945100
779071937
651384267
675722669
581714671
625591424
539215659
758747806
638930084
641877353
545659152
612641819
607345935
610674976
623830073
558065409
695355166
636167151
736588401
738522044
747615830
559818749
790929124
608912352
623147934
728772081
570715163
563362859
702853677
787188225
747337700
764035324
597447419
795284749
560252101
788341147
738958390
778026944
552841234
719820202
559718870
698235772
799221043
756776005
748944042
647490736
681241473
553728220
781652759
738401982
707816031
676686837
791041705
632445017
548665621
594047790
617653516
566853356
584920765
719612861
677722905
749371850
603339516
774715053
676091153
693369537
761936412
560007217
774210672
770305861
715211710
553150907
641838575
655699014
643911603
564942483
554675685
793784923
633739844
757715867
566017068
784730282
553565152
570770777
727573479
579375966
565176870
608281055
695628972
741111772
593437137
593929660
577261542
674541940
716744491
661067155
694391402
777958874
750152468
565657615
545527913
641970437
546457715
686014711
537910360
614323322
793068963
616941904
670345647
589023655
705277763
773543752
717555315
538697523
664908638
584018051
638871437
632245591
586097339
704796378
744896427
717555812
677406514
612549088
585338587
707732092
756691733
754435361
547218042
571865775
805008383
744689674
567488506
676314319
800016600
651904363
642383418
760752694
768570341
781236621
705846686
796948789
570201103
583748777
771481284
594509312
656792699
685809327
651496734
711699105
783472296
648864565
566617785
654121637
798996021
596134918
540603369
794248709
598386406
583732371
640511844
719285327
644789406
577609973
795099832
619220079
729926109
561859626
736834864
797085671
798220563
563841375
717528139
541618807
709904106
606648935
562024749
695217511
559488185
618337470
791684886
613153640
797588148
743962643
799744868
612568701
604472036
600953218
684963053
614139225
559168478
680036934
755202768
557565063
542551878
601980845
547628627
553110333
797697453
747683087
747035761
757671363
625894285
783736065
747222935
591110437
561123797
567430485
763266109
605115888
804098108
790727603
547021250
566403635
545821743
711901843
712081528
586941551
600306638
646975097
740595483
555008518
586486968
677551168
604473215
608546207
558733793
599195746
737812076
589375532
641159236
729575150
799674350
798930608
593678197
663119086
776145285
769980834
803360943
552521601
561767014
634950693
691645115
561638371
628855004
620946351
695100468
577506370
547759229
669711907
694539163
803774757
662551227
787352348
676076207
785850277
632241753
587509008
611878903
675252459
701429521
677882787
599526826
658535206
573533826
627396255
670598337
553445871
773870159
589686222
740844816
571280038
751606021
585244165
594669420
612293043
675000342
614009644
546340912
767025811
726092679
777606854
667961275
587355726
752677439
744822542
759568295
729444471
608486723
735757678
715081340
738962885
600693350
762687715
641713355
773469583
541301003
713366149
675614977
765988677
787358160
756583381
584170071
764410432
724283331
677431222
549725158
685971071
764423511
684008118
711232945
617554776
549012325
761461121
665765575
637048419
741291365
614238641
652380827
782777285
620743222
793466067
598210540
619737511
565199597
663007627
595082189
755450520
785677071
591248751
612729884
681854672
678069258
749234034
726031064
744622731
640115323
591774195
646602731
717238468
694062799
655875738
751631025
784160168
565274224
687657022
709656186
543294555
672843140
571693630
599510936
620102539
628081106
556587803
568581054
622652620
756933555
692726529
791663477
601614496
733400407
691237428
654569255
546066198
763076665
623676099
604043838
673076158
761747934
628537857
709787768
686025216
780169924
734743690
610544989
537703794
549247988
758060544
665050967
651295605
569711277
713655362
798565375
665503518
613688407
597330236
740852970
805149986
727661729
541840232
655937752
762090297
722637152
594167300
559584525
791382424
769043609
583758536
639990446
587962406
726506903
674114037
552866710
746466477
781193315
639152556
632371838
681420609
630980587
556195223
764704297
752735577
619639792
750841107
569023115
568703072
702008069
669422480
667712138
729024554
695135586
546327338
543088673
630541945
612437091
653225651
581080111
750155877
681473308
561408425
633492529
733372227
631530928
692618713
802274012
597892896
656123104
552938083
771060886
800420221
719159248
555529756
622591587
685126932
755679182
546925292
692192552
775081222
547925402
708066182
561875739
779418933
622588751
587838062
574805141
789934928
799894956
540552319
771125903
762723250
752883230
663525730
801190997
678400690
668063698
767890313
755248439
686339774
627245200
570987311
662218574
578076107
634933554
798075466
777796687
711483506
760517747
736263088
666389517
609052814
567570045
572239682
729478150
762559561
743677742
692090818
757650263
782153261
581871700
784443837
556254606
659263490
618745919
800400901
544141826
632945557
570115292
670639586
635890765
645263650
643648498
586242285
670405053
567448001
590060678
718885087
721265874
661529623
784570862
667319720
554932406
615399703
611293140
697674688
751535951
629365707
770801891
714009637
717790327
584404498
727636500
722903947
597579427
629352596
671156824
552720896
729322144
714857082
629043647
717950994
625492083
763017670
598225877
714265393
749871371
557156780
603217808
631304002
797592159
614910705
565239093
554316174
571031387
650143091
786019076
787657209
610598524
773384174
728093273
673926610
634362743
560610831
691324451
721201913
774059209
578805142
597215274
648135620
615918972
594039158
627106384
764634602
547775722
597114223
660257491
622489766
589457903
597998211
617009683
693764990
716220645
613142075
669332453
623569938
597863649
699738211
754887478
738792419
562323716
729174884
635445032
542533510
735581426
628799563
652744496
634493067
656544691
803833279
610899061
748497360
554165814
790165224
595794583
759804249
778613688
639261664
784452771
702446109
662223678
612797815
703652021
719106248
723091957
588884493
660045906
559679877
790122259
583301297
684516532
640750747
719634563
703390326
725943041
710933216
646987924
538577263
655923191
747929231
693897528
651705171
790257835
544468692
727252258
659311901
647401501
765120950
699273057
607679605
730036717
593959252
799594883
805058547
774465601
602364820
544698583
671929988
611682411
540622872
645181200
623578752
784362976
615658699
692021508
598893912
760006049
707226263
617937120
644043888
732613622
738463631
764992238
612328905
618494534
726902011
633411444
673743413
708627843
787948222
798106794
652566980
652267402
594084199
655528472
600947092
757137398
784301928
565849464
752336028
603591904
597078937
681735741
802215974
548566334
783470949
598320056
552747414
747857377
610643000
537595997
680774732
635757456
703441144
560258091
641038545
580097517
767539184
716158147
635212559
766502490
687401237
696042515
720342978
734061572
613641425
615108094
580195843
755024610
722387041
804900719
752209806
659542246
739563599
646554724
792528546
792350793
616880925
590389145
580996184
540000811
696014563
794320118
551235866
689936985
700962747
559747516
642709054
584362627
698953987
728353848
684943372
688233154
751686726
563214742
590620965
660348439
683259176
666430096
554869987
734977533
789695756
782368927
720740214
630402539
710538931
671504729
673814151
585968106
779670922
717528115
641270016
655173408
779774399
644834916
684054371
643766821
570275648
785737967
677151871
773988792
729393679
615496346
613187663
581008512
627126522
548013727
590521273
598416650
703778158
552381219
616719173
751111666
689295897
635251515
725775089
609300522
646442465
791195765
786566330
632619314
564324607
577553435
736117588
719441577
603457153
712402149
550717933
605688966
600203917
801837838
728105669
758574043
686449775
571861542
754110135
676223123
786420787
802961907
625899592
568955415
551416352
541198118
643112818
543194092
755339108
624750115
726470245
694800309
589067691
713944454
620242199
751782241
651617413
648568341
789967423
710638479
705007145
597682483
544906188
769334477
646273845
566434327
590566546
713133790
776355794
779636077
551974423
779781287
764270426
639031994
802264841
718581662
660559745
568602293
570967790
605762935
794539806
557692827
700632000
698086036
776589954
801409698
628010904
607609784
741582650
621653421
684071500
721094178
556333658
689905978
659052018
636247856
540356295
742392405
642483849
758912408
658717440
765424784
543636775
765830974
712125248
607447387
537760965
652196643
624334983
758657594
671205176
545674971
567063685
796516451
791432946
691540639
753912424
553438667
587069724
537625869
728752143
617615327
589954620
761429641
669967779
647628274
630274410
651485352
664320360
582426542
570604583
737668041
802314210
781446286
639082285
712906410
768291385
732873737
665059636
571577278
802180961
542072879
581024195
634554080
571660346
619414402
556704651
785961524
654998769
766510081
563299539
752528870
631462728
663571738
578103142
613001060
552109355
598077916
704956024
643782797
730376671
785467207
691471627
622309403
655094664
713986997
675492449
544092959
764134288
641465786
756776812
736296760
651576629
665377045
787845529
752528607
719976879
799352235
692765398
586356234
722152181
662419821
561311746
627657958
793612987
653972821
573322128
594498965
701022062
634213544
754643552
619185264
673432022
700218302
571597658
541734102
702196653
788049330
638925223
718145294
549850846
590236870
628284118
708489366
766012711
579812380
786531778
615194248
768379541
570126321
804626618
635664897
547289761
558407103
548762453
799385617
599869252
768414034
686441950
630772628
566040005
564163498
788782018
709556511
601959395
693501964
640149672
788048144
782205740
720966406
734012758
659142256
797090960
644438559
716554272
602424341
734199005
670696063
665417288
725028440
689464199
627023550
755407891
643521339
550496578
678612004
777808144
632660202
611808481
773008860
801098266
572978678
752040679
786839502
596516621
668662734
579672685
667397333
587527201
545655260
601976619
605240051
730247746
640453513
797417885
680709680
674259631
782683306
696226745
629155276
574829030
778625363
660564524
700638373
602196947
635633389
743416079
760659866
548226932
547822776
677921002
673837941
686573871
768248162
785229264
686190966
659740110
597805603
747183590
619849195
586438733
771229943
794932941
765013156
584945597
594353485
750862475
743450432
627157800
555792556
644967873
556845043
688689972
783670802
626888396
552598072
655490035
735420083
572653217
603663049
637033882
748860798
637737296
692357957
569269088
752984980
557588121
699293541
774011280
620329832
759892739
678065084
713969486
713141046
722742799
650337393
613700505
567511922
715166538
667667606
663625562
800080179
670450494
554721921
725982018
586781831
627661711
597988752
754717368
688867640
691425299
654864683
725172417
613220138
659044716
800008506
628802145
791335954
789970617
600062650
714053963
570102439
608663279
565616984
671654604
731436309
711796256
577374612
801397060
743008041
628309924
552346952
752825506
579991060
688374187
655973517
537236926
800321959
549136218
547988359
678425398
548032390
729746604
758369964
565737187
792811176
548864884
730174866
571705143
568997036
757787211
562146570
569474246
755046985
567496849
797057539
742693775
581055845
669099893
736082382
683286059
743240475
764500505
691625086
694889068
659670963
546435113
585879956
777424374
558862749
667750977
666709857
605241784
596973706
555923072
740887318
631917187
550030258
564643030
787404537
787224477
721358202
624204547
755566757
768111422
681783212
641876678
616392754
662011951
753559413
635171820
698123971
621876004
703603287
757454681
686791836
681994153
770554675
738903235
786067884
719401618
672378545
708179531
791405668
686507095
622518799
789111506
675434072
802418976
548006044
560123109
722366763
672349773
739245020
750107676
699010352
642276908
786750088
612182139
566407896
749813150
640911282
778152398
713902942
623124283
574287105
655403868
634222918
803746236
650821978
582736129
796483614
592803192
699929950
578095820
668910464
557361365
713724840
586648409
613896333
572684640
567185083
591435909
619440056
693980980
576208395
675137835
627839127
767166357
626405470
609042749
774049839
601298326
779058905
649361132
659563740
618283637
611770786
744436186
601622864
679655452
701245258
725719099
671153929
759758421
630561054
780057461
688745133
743233087
770848655
665445920
616316502
805144407
665883093
695650942
740135304
555475353
774602169
682112672
800189763
691910338
614055080
689528148
734821643
660988919
650217649
698072915
734792145
755125568
749554382
726395153
726236232
691341561
745026826
774243819
652020373
791013319
722223252
802937939
574244956
609096573
698567693
611434510
564745545
545398144
564874495
602814208
662318255
688663057
672479466
729581785
731764456
580191185
739842464
803399044
613016817
610571434
643948607
655797828
551146783
683571308
705509818
625674090
559728646
561368350
721999045
692202148
634424298
643450768
586044216
660196256
640884679
588017340
794818741
771051425
686263725
802995385
542233803
802965640
579142077
726661764
647983990
613269889
546816341
767716744
676421857
729542482
642347773
582774774
794924114
729026629
780999052
742698769
543771057
797877823
757809311
723396978
655215828
592545196
645172526
697724859
772022634
622230361
645427887
624854395
727123581
745720434
539364299
626587403
636932080
677823773
637639558
739632249
629304920
639551605
707370907
766137282
628039449
634122802
779189777
580577977
702062516
585640140
655646883
708983440
741714364
766653321
667425077
665437304
670800102
743648439
672523525
578262132
718859081
552487708
781398474
714772604
657285089
773606694
704490702
628013703
637668442
678590023
596651959
729252954
766486921
567338026
798121675
759261175
676358978
792429544
638761385
768288424
708196014
739638440
599778831
612992803
699715150
772987439
562804799
610149480
747829331
591833321
712644375
558634773
776314922
754161109
774048321
541815762
680884444
699071511
732697745
667817580
657391502
664845278
661015077
591329864
593810200
595200876
787696991
546082469
590970111
609600185
546327427
592707220
597686762
705245898
747535557
769574052
744507551
588757884
574872872
587974906
579827674
569418480
719705229
634666488
611165190
689931255
587831268
732602386
566558633
565003500
626493900
688893757
750891098
604013406
547181447
575933784
557870566
607548504
622993491
804632637
626287777
550240750
672281413
686391901
719893805
733881838
719924078
624896268
605195999
744171968
562230649
734016639
586543676
637355078
738080398
609693284
577940324
576258532
615666386
632914867
729880785
714801979
794011399
805269608
701404014
798052768
663728811
786495872
600385210
709739597
793478373
621158659
776399458
710326941
628335533
678795491
561392549
699527701
700286735
715941548
597985545
703793905
566062355
769889127
757673710
566454367
784987071
804455392
781313965
614329137
552474914
593820254
671917227
593016122
733579483
612375242
607148375
578782498
543313960
642164001
602153362
544462532
701171880
578291861
773421882
726486720
765625767
766420999
745276073
698319780
757228868
582379778
753387408
725923541
705435283
778396927
600534193
659113925
789158694
768305070
703900496
595418671
564444011
550156234
559946680
676758049
734262784
582312233
799942152
636489196
734937461
749191191
612549837
734809832
594982821
666216800
660308829
628047021
804795093
695968521
599801306
734286329
636284823
636941163
675720364
767071281
628733020
685140050
690141775
584346914
574565791
752610492
644790942
665432933
767950886
738268253
615278835
637888316
676577537
804247613
666369096
591287321
614742635
673184812
607460105
557293430
712457062
758115839
682579244
698369507
574730436
798720543
728296313
634130993
563749367
712699877
676150034
655710280
782892735
789739041
746189427
543143134
574819544
726481405
653066650
705150491
795460695
766822538
772656077
798631982
738982522
623168864
579781614
640618276
795355595
595053455
627700698
708860368
743607024
538153153
577063515
592372999
736038505
663156268
739189111
541363691
724457378
694053149
609847883
672628170
675961019
597484841
734421162
731105587
654694215
692300987
561677631
783314196
576890082
790089092
696766269
585694121
590764606
764900287
591847181
740147871
747146978
658632473
618701446
581155793
676489278
575071913
717086422
762593887
615661614
570540383
745052688
778011745
758226313
673441614
587812425
779765282
649525007
739124286
661732333
654441136
688763436
802614083
572857856
745736978
536924854
562399428
621312722
776152863
614592769
740916630
734722642
635122018
657141183
719283456
549599668
781668379
685437413
719785732
584876028
641969907
653312388
578845355
777140699
645448187
615125804
736046159
634609865
701105722
722263700
646447308
758123465
755234753
709876585
539836442
736348302
705334991
738559179
779233118
739202091
747989412
637290265
737259072
758942760
752279212
694892189
685269615
578510440
749042319
667089860
751118563
617541356
625411163
746102758
540965239
551321460
595639198
689940705
642728461
631835192
591641643
736815499
553191515
758417404
710254121
603964141
751786101
796271623
639081976
644747042
775035899
568758214
792796676
628380337
771772071
675235771
605144520
562142856
619916531
696795489
756010795
748361400
646680867
587036962
782084906
667639663
784492222
667449847
577247944
541391726
793559352
773601651
785861401
546924552
788568032
797128471
697554326
563348938
727115592
593740826
583001609
628499502
664014453
777129230
714065240
760264653
684064652
696799762
687162928
671986072
654111274
653790008
789994880
631672714
657848217
777677047
756215543
679785427
612678677
579952781
782726159
625201764
544170389
673443783
642958515
608514452
632797253
566545822
622525540
801478711
579581352
652215575
612573455
628841104
769570589
650064213
567983112
735445529
667310296
754046252
708479932
673029975
681439207
757720476
589467395
738593400
686932724
625478407
791244232
753460305
610256623
629286413
710856956
661928107
772381739
636339348
544031989
715772427
603071550
701263576
587131603
763373957
788828620
758928604
577349423
610839343
657997239
791381272
736761568
651964981
640673202
543065928
654346929
555525127
575557595
585391509
620602323
586626885
714020757
558882412
616859177
673584083
676555936
800851421
751382507
614751179
630449016
684473592
716430614
619558147
614898927
670386723
548315578
544020164
635846678
698300047
636756528
564636237
597718772
675714824
635699805
762701959
717816659
581078901
716463455
656793227
689120644
615341232
552503564
644185453
563579020
622236099
786554530
681498787
659115665
687262973
624477046
795193125
732431767
799516661
555621606
560353532
761633125
599471450
642666491
784154429
728793841
662020525
604807462
630737620
728439664
574944438
729393220
578729533
594677203
647391309
686515274
644650358
543034285
706852831
585394195
678655485
803963948
740010463
741248157
628257440
754783469
647899451
598337243
772545283
661829660
702370707
569474991
744274489
782601996
666130458
572270460
645473788
683748651
541307170
618319105
699278713
670345838
573732534
619104750
645396899
708449178
696204296
703390269
573515192
668278523
736535811
606499032
619504256
686042748
627342666
711495144
584537714
756528428
750387099
792528556
788127663
549116171
719259456
646630521
626391187
626233004
734280533
566726454
612135114
570894151
798316597
761778519
624466778
620091060
547674631
634763253
652672060
725585475
636957021
608811653
674943393
753386652
549519784
671458995
748553849
755603841
674960554
696615413
575815530
587441757
544775826
785802770
557396371
679721548
558433622
704009681
792178900
711804987
615740625
578394016
585229862
612672385
761129914
549119845
612082145
557719695
559420104
539659815
660099487
763649505
774454663
561396493
771186378
719690514
712764222
798625939
663437009
719108076
579762842
726424060
727298211
748706226
696395597
619241413
618557186
604376200
712834730
640298209
668319991
793577102
705515238
558033713
650340618
751326438
624680481
798728864
557289950
580374811
772511947
636157981
797951538
794074646
605450917
763427582
786251183
565568350
563567497
607097465
552737004
567255241
799395539
557258335
748386676
676549386
751380476
793564842
577861878
658693986
684619791
688031281
590533328
542063565
565426793
607072297
782735848
786368504
775004932
780071207
690209249
655596563
753348280
583607377
645072449
740578489
547640760
622636058
630117446
605006986
622486863
580981031
612850910
558731461
676661816
761286756
734260063
777524439
601056911
704781146
780000336
741129586
562573916
570991714
555651137
645477033
601348216
701695829
595146980
736218303
659370225
547585378
658345454
634597088
791036730
760245978
796547622
777301573
698532429
799763474
550500138
744576142
776193360
656495251
719883622
632816863
744013371
641297334
695000606
579094534
777680839
724263493
682562685
736924066
627702147
796941826
562705163
566046807
706478443
639584501
712498368
562150308
640426781
685759961
711910693
721670833
799347046
699478516
689603295
677760364
625319159
760250820
785618683
769278418
567053506
657685343
771417023
584928045
708133849
703504024
606692088
698700450
589051010
620170976
609599446
562365908
665221480
770907745
601272213
792426137
675325550
671319029
679554954
716766892
543143445
714096383
673612883
722584830
693055111
675616516
791175499
749338830
766361881
620281566
715695541
737871178
611112881
726952713
697205961
686642370
601091862
788738172
754637494
578813898
573822660
658253730
538475382
724718352
717530664
777686957
591948263
713897816
566103210
694735375
725742649
563030270
690774771
686427667
744439205
625785316
670661014
603112716
710515173
758264940
751490084
792588535
553281676
729856163
627089321
541242778
660176676
673315273
665134301
586882700
783267899
605646389
776703029
805089182
644495945
597461035
703616799
734264936
677285183
790074959
712382877
670436921
791783309
701662426
626017351
640545693
720953599
797501762
802156507
581723925
618389459
666874620
592013793
799590058
724047564
580549883
781220180
610737676
550696212
673149288
738343774
687383853
633676546
663644869
548148737
780140696
770808226
693042664
695482975
646392336
554727776
697405706
772310190
537726654
677115124
594983343
756705270
632704813
765344014
636703685
701798399
603209934
643610877
629990472
797105079
739244540
623621302
544931817
804885072
620009631
627283111
541183396
757767925
779200544
611009683
663845773
783369278
721328992
766257968
660954254
598573382
596938297
721273757
776417801
736706310
720568747
556525328
658984579
551803173
571103846
537130758
754783053
614844194
570700178
612172495
559597022
605097218
630490426
694911126
726083537
604424396
618983041
579652915
707672316
590281108
633083850
763833126
619645096
746454127
736462528
783547580
609631843
632453547
716409904
675439872
667608471
793384895
727924956
802538828
671919043
670661010
539899591
757187398
607227240
769456737
791085404
674557317
670639319
659667329
661470316
688919221
559886176
542962481
702744158
540202867
638813854
751001751
699959936
743150985
642386318
777247926
540318937
647309347
709899126
722571962
664633045
753058953
681945343
636252896
776498196
780518726
631616208
641181933
696035717
680113948
588319079
673185863
721260339
771328106
543006342
549203131
630092135
716297017
767409380
759795227
757582938
664015249
798604443
701416117
558860518
549152136
653813164
743882424
751529043
593213753
741550575
647989294
778529476
704122137
601473696
543061354
570779466
700296915
756518050
564451577
767170483
595480534
675795033
762614771
671960431
673740557
668427023
591411192
690098012
734737662
605037806
781420326
579811599
586648888
794732777
552166138
598508117
790624314
747406655
794968606
705338543
589593438
644713028
720145398
757533842
611659528
583832334
742665925
710958907
788532291
686881047
570381572
639616962
709950303
653481450
700931255
743650799
611168823
636364678
727793085
601161274
553288659
765698722
624274596
633703945
539885354
637982488
598049955
726341722
537289340
699959435
592455057
637278457
679191241
552384166
794282228
603714723
631826705
620652017
578347410
591317353
711019508
628632401
548401127
554589039
762739533
585123166
617445462
775186638
773965535
624150316
768111646
635203406
715156203
597426241
752535695
548760021
644381442
760563427
559985076
650801515
704590327
585281889
685853951
726593542
556936912
581939578
638078376
677647163
783950534
595387813
716314378
612103593
718040688
613487696
613181567
784487788
724295889
666216107
623670310
668741182
708455937
590253635
549720380
795402047
569047059
696381176
673320167
554856857
624155676
600484399
758479202
741610012
573614851
618357497
669065578
579872254
619426761
546395943
718586122
785793724
714421824
557140370
592681243
607022272
688479670
747149535
709418716
678308039
634773058
738283194
540982486
604373259
760398909
582500573
794511313
597159928
738222767
790597962
718046681
621485689
668239156
726510532
631571933
571161475
742607307
654416398
709221359
655592443
573051764
772894299
736488958
601435197
753420256
689829637
613592407
622626967
612583147
681138638
780655176
599437979
646524572
612712045
738749002
770105613
769070775
576944991
539095075
542311824
594211762
546527044
579114880
742137460
775680382
576213524
588714293
571172512
680752078
740453637
689781493
712221281
614536137
651446778
579570698
605668370
736300837
546580654
641482245
698083099
587186649
709987034
701140971
697389482
603976064
580651084
609693406
574011451
547406350
748778094
764774905
653281529
767026176
547015555
718511459
610815632
567508113
557726065
791444658
772167605
626628650
801783744
653014767
764723341
543369167
571539408
734505831
707588181
588602185
624680251
682189374
542046148
640368916
683943501
552839177
721711416
632915110
558790834
608071152
543687360
627152576
704773491
707466137
760268261
635063980
685870320
562008807
656020315
587249507
669723137
704064864
615434223
552932002
649255417
632241988
762830432
577299829
795623062
575772297
558942647
728267530
735489805
647672656
730724501
591705915
538821374
787239639
689683589
786262696
673640189
543542357
609567290
631204965
570698582
729003215
570052671
625385131
609743838
626913930
698088044
572543242
746814770
756560897
609790618
607625637
737942145
574237534
692010800
611277223
688873799
770731727
559778801
797925114
549778829
549444921
732250526
692543250
633506367
697819820
724187111
598991863
718333730
684702564
628018838
582722318
749005560
540519439
690965545
671075258
683532556
572516113
618056871
797252904
596498544
610368814
662140086
761450349
791365477
676009983
684907239
555038702
732848878
698061906
545975080
772125060
774407322
704798553
591271618
796151237
549734788
546940543
741090165
754330041
663688942
568842156
583612460
539474588
724975086
698867832
554074438
694210956
642610935
623159259
550020065
752582228
707720292
590545251
656849300
548149924
694422835
755307807
589043966
565138878
667103684
782675601
694268131
603761929
753846324
667947565
543414445
725148341
703442903
725022471
735708580
796652662
697900416
726758884
549362140
722062331
704365814
683934136
699525989
736629105
741903585
689758226
604414023
682819759
680674376
540045726
609075370
790960785
555688112
774690444
645978868
693158627
768693164
593567167
633052235
573890627
732793887
760696738
783525051
563364500
543636754
798883266
574371857
618013079
769676224
692587128
665103984
639075409
539941281
640871382
772782198
639399057
548990939
795701387
601302038
786214449
602062410
623681052
742564404
624055746
654863910
743685526
724803178
600660419
726298026
768609550
545087118
692361345
738180952
803892776
696188378
630935278
785131041
578492776
746311547
564477925
620330045
652227693
780864678
631875984
775402149
642024846
802425519
582387576
664514932
646181859
733988989
717910534
618930038
675529817
663709729
612609199
768469336
771251492
781608308
777620204
642881707
634140865
744884004
697169086
765959721
696458382
686305559
676184154
641666984
779082551
537014171
557731828
559124827
645178359
667317472
554315645
704073668
682319812
755830626
595095319
628488829
744522917
683210700
567466999
795147541
599883277
559286461
553757921
541701412
799260996
540001937
541129898
649703834
691898550
680377578
703740739
697962022
762916983
683900729
590506754
696774648
621862624
576808479
756802303
654341349
545648646
564899760
641508471
684384776
661051956
699479394
553649136
611116100
785744021
653178024
784261305
556717292
759176926
781390369
623301591
725905849
718206473
651097575
659374406
740867878
697169676
777109859
565059379
744171801
589618106
637679000
592005804
720159763
544868970
640634106
583072071
695122032
685489826
776657240
761487618
579883149
793552507
721489755
720157314
663035041
673343364
582849837
769401447
551092097
770505368
601534970
646688995
785591885
565237766
751070301
640114965
592099461
699696732
562101343
692832489
767941982
603924776
660561641
722797189
548528734
779475981
733538828
697626248
582600324
579434264
545363191
555241163
566897791
724675819
623487342
685492970
612757980
568668663
614980421
651424144
633931637
658019969
713708433
680631445
653168834
752537270
596840653
690271628
764753727
697974944
578730254
642454057
687136109
660633396
673437773
645362322
723165579
801956646
736837686
763265862
693154778
586426459
709071192
555624367
682391395
727760086
568252317
690056043
694751649
759801952
788371975
546394786
758697264
553935887
769069379
730709067
672304684
560894321
590851690
596708718
758439195
786977402
740109723
801936768
687005211
625678730
756089588
692651781
708697143
765992487
599612295
773113790
641806199
608963525
735093314
672647932
742132646
802242480
556071108
750574827
694137839
564942034
772499029
553826142
628333825
687548371
717094204
761155188
761267899
562823698
672954203
652817531
564375988
543375804
649425308
784212222
561206829
576995827
761099690
783328794
765380319
770404471
674422249
800928149
804920049
645516371
758099896
697169381
755150332
539006358
570822030
672969392
788684426
780968059
692711049
656663275
784691191
607869508
735248098
691255488
642154741
662745659
705232613
590307096
562677737
636675306
602156286
586752434
679304250
744090926
607828700
593567022
540896125
723951355
609043846
802245109
769939477
805051294
803658401
738041311
548194898
726664483
702853234
718052294
673510774
678075754
792299929
717065134
578404736
559342953
576588120
769230568
660455320
725630336
544530476
599385113
673986291
745958246
592341112
634691427
757264139
745348892
667971921
710782750
565094907
684162440
618962693
650364338
773926688
602309726
605421111
615212637
719673006
761705217
691978083
619322786
725821494
608107546
660442186
673975393
572407163
716147495
731226197
594109915
747443098
589177757
745579530
655179686
649611374
713690328
654186659
719755335
752822198
586221107
544231788
759438289
639362445
759323049
631773907
798960226
780481929
573200725
634622076
663858801
713122738
773211657
760026726
585495948
690503214
753366813
734149714
804817295
677561325
767025774
606629638
553476693
583538745
678051977
606211873
757057279
775256261
797074286
801339098
539649043
672028936
692011210
781078528
606811049
647173177
780212430
789216363
689760173
691024520
628181498
678587762
790505044
685142405
539814589
594935614
726807823
576712771
776668185
601719754
544675202
689737971
725210867
698675027
780335965
778610388
677241598
662154081
584556205
698455236
571452396
675448433
725651854
677152696
537553433
646356665
628475057
688347579
638024011
783123008
612076231
566467510
554050518
699061509
605267660
632483049
744163464
540468587
672543611
786596701
557499299
731519341
780316004
589619773
785411746
620289200
681674930
629838716
608374678
716112009
707986457
569035107
565317937
661843866
800707636
768682509
575901288
788012516
700290079
548137446
786824768
652652279
577179310
563272918
550766473
632329560
580505831
601307865
682214862
646506278
708049428
619114653
773671106
770517983
796456381
748453446
629690626
578736032
679924214
554202872
671221116
639886305
666696787
714030813
642003874
727143105
650895439
620178339
790061779
649876229
569414032
666467640
792833478
564117207
773191364
596773410
578831673
591457169
804172750
650530930
711419631
734584175
789795012
661849279
548120706
676871030
799012793
741108872
747930524
764784434
759039408
675358315
608925950
556029163
629235253
701768290
599558406
791291008
567157097
579581370
595509942
643896329
580585482
660349561
735839942
733264077
680176160
672932328
662465171
767857799
572175307
782025219
693196214
646900590
592669490
703693584
593167956
645596669
757785125
717791401
764892061
748768853
686988810
556334705
624157871
780999007
739231900
771268982
593547253
736548193
739584209
741409389
747435328
647435071
592765055
726823361
701828944
620028403
615549613
643067756
737923347
592343577
669963220
747932516
600026030
570243834
576787789
718752012
698553439
798032499
672288837
726448975
572997096
692164267
797648054
787378887
797617860
586043443
749848395
587454769
691072432
623821889
576656815
564626171
571873725
796812605
654085118
721006050
729835558
756183562
759487277
692193600
624108140
626242792
746233265
719872162
738115613
538529420
627464509
689109063
632814667
569344088
679881029
705990716
671664984
744046451
628161979
628833197
649907246
601365134
543428804
604860247
581748371
792671289
745572224
537837257
713041077
699507389
643069372
803700130
633405158
589256125
543597283
739496954
704012966
560166100
544728617
787058089
602525522
643525801
646353089
629921111
791191940
778113065
626005161
611587285
801339576
612429009
586597493
537319078
628107993
596231088
729018080
694754880
581745191
716045295
789320331
768722654
742112433
741574859
538854637
589591107
682699912
780048567
634528386
758141780
551005388
683126833
673228213
674034499
662526451
647709211
637484430
684024992
737219554
675276310
553393784
781329179
799239611
732044728
545739504
626463125
553467228
549533071
541015589
626847235
634586602
717219379
662994833
556766917
778746593
763343416
561340223
674987046
620140553
550864734
633039102
782218889
555719490
559605841
686363558
763401165
628822847
636957167
794954821
635822043
690117240
709528286
763264140
731845196
774557595
740170462
752157202
801257311
764427038
646413226
542592505
771956288
692658630
673125741
575703549
571208752
667853031
716454493
654970349
551924885
555841229
679307900
794527236
678772960
554352976
582105109
612151994
675425387
581179779
741091934
668512940
616005783
711848805
558748703
657411144
601110806
731337993
674042996
722377723
693257806
590234932
693000822
769748236
645310191
743860732
704798709
564577149
690479443
581504738
723214785
629603696
724883015
571384952
591296132
683382353
684688427
747291580
703555079
677300264
759385065
680446037
556382653
565504945
645268582
668420871
572992668
723155119
666098891
668721683
649522217
681143907
545838692
684965658
593416680
678487902
538686208
538355426
785300128
789434177
702891602
768694319
687030907
595100007
690873787
589996135
651338686
724113447
780535560
613916632
568150042
744421715
720096970
651945444
773311875
540960948
745950638
631741868
691059279
694398231
594718179
697738042
598640744
772181140
716290870
690545826
654586079
796470832
573153483
616070036
557517349
687008648
777186873
577191348
712890557
766134602
768098869
583729971
716307823
615629311
557243418
685105724
723672707
677372604
670796031
620679975
542747191
746118455
554573122
645380951
597664480
555382279
656345042
783025915
773459228
628647748
638011688
745794214
737602700
668239860
552619355
659679149
676309247
697944695
690289130
652368549
651705569
781797292
761054328
641078931
657460711
620833081
706677002
569555126
586706963
604619126
787647693
568144127
566493050
605414657
598351541
651254770
740459057
611537385
631681654
776528762
574660991
689937153
792126650
757513287
711074863
571265016
584311490
803472203
571635730
548283820
734055428
576954187
631105026
550799785
657747399
637194934
780827669
668393478
560989237
734813792
629187024
723856580
539295226
721240145
545188139
552619294
645893525
676917386
741473031
680958702
756659993
647648680
553006129
620855806
776644320
760720863
729966796
633973340
745809945
668565334
566430719
654139142
664518006
724496538
691391471
608828783
577302486
737518029
593885047
568537966
662606764
697828233
674507471
802269493
767641964
541287237
597838544
662247664
709180546
751499700
711212782
723977277
680940233
639817184
564334537
610633702
592523232
562403461
759062564
623458862
614985693
676082283
615920859
595603114
585848802
542625937
592394558
681547196
684289936
801941817
645802220
741819552
644253681
790053527
751252017
550665211
729726757
555839263
554806986
615811460
589885196
660604866
600546944
794562024
629905190
555292864
803958034
771900329
626085733
730994681
577522151
648607710
760431162
648549795
604881530
594185021
551104245
591026210
730295223
679230535
609372242
666758775
731099369
681342599
718625774
656085873
680213472
740205754
799591985
644244276
718713938
755458920
570971494
640319642
674753003
709523149
669164075
658139879
589370643
706637981
644911796
739588610
714005020
733946209
728757479
787782210
679251256
569436883
695805104
594042411
805187019
662117798
576543391
680719868
794955471
721231623
679762548
559752310
674489434
584587271
555966228
681629356
743541617
794970023
788197549
685634241
565574529
804391443
627367154
597939575
693272035
562352910
795110508
590512017
619581130
753285589
766478693
603473680
673462982
730761532
560017022
705780548
637897661
695764695
537105619
778655957
782874216
646284531
785016535
750478567
725911363
537601565
713909919
541017947
568106704
577726747
691655209
603414687
675755620
661407431
715566167
680394228
710402016
639952139
582162026
684812236
707635189
594712392
641629993
647694249
659280757
547984317
547700671
594269232
745369314
715831811
788974534
723717680
700526656
793692754
646924360
650653407
589700279
789875744
700403100
543145244
804710446
740235884
743181990
591527269
634519715
550142638
621009976
613115134
618420895
626940879
751339720
777974639
714072454
611054430
643481424
677050882
556208201
669930693
601287340
718324193
628614231
655912899
757299196
691751454
693061993
765820187
577003395
597367398
780655940
771325633
710744978
588515269
556282413
576163603
734461063
622625622
781148134
773600425
612128349
713719874
708546159
540395476
694021194
677047017
792603072
600639477
754883279
543014669
804079736
651615366
778722059
538892437
633782523
583835385
693961468
594429416
562721640
727635022
740442869
692425697
686600323
631582917
564146335
749863384
748452649
579122775
537425076
662675367
746023847
615391767
655470811
665505469
542194956
569761779
567748696
613354215
627747577
638130630
764709386
588557762
803946941
592066914
684173707
569004611
793432729
713469793
693606499
720746074
543238944
669557591
703697117
733687543
766229593
608824574
704874319
602134235
595631165
686862345
675450159
697241947
650150350
751794654
800374623
588550965
719931557
782576441
569518116
746651928
664553937
614314282
697483016
789651722
605057424
678017438
728266007
676730606
664757953
688179898
692580598
729310684
783326246
665080867
714896599
537108581
774710264
638788160
689921530
634875562
553669658
788899161
604254946
586043930
764920983
777293377
794732107
786734110
704324341
575890084
747916001
735378125
780348860
674132600
721410098
612086838
545668872
641304424
738331341
794367134
770907997
783486203
661545817
584206928
786619943
557469033
560259841
603084818
541870932
644462813
639487483
727922219
609400375
676924125
701958691
701967914
716615015
612958719
631291221
554564727
728585652
547410323
663456430
734252186
595697096
622618803
615673568
730184766
595234310
566179301
735230582
611292956
743242134
759426170
561359766
774014227
798832549
789852929
699394045
690501752
598213570
571110259
720689627
661422927
627309677
656795147
790911532
799704916
666405240
594637846
632999588
606493971
704065535
589845742
577313127
575874322
668209473
607827082
772694477
610806725
590014380
660006370
591333940
660519626
568019570
707704377
